iter,cost,risk,return,par,bw,move,X,Z,Q,pop_init,max_iter,pop_size,mem_size,mem_consider,par_min,par_max,bw_min,bw_max,sigma,lambda,port_n,k,seed,tag
1,0.01719970967008176,0.049303,0.006047500568824547,0.1004,0.69863918733465,0.019856003826444448,[0.         0.         0.         0.         0.         0.         0.         0.         0.         0.         0.         0.         0.         0.         0.         0.02083045 0.         0.         0.         0.02083045 0.         0.         0.         0.         0.         0.95833909 0.         0.         0.         0.         0.        ],[0. 0. 0. 0. 0. 0. 0. 0. 0. 0. 0. 0. 0. 0. 0. 1. 0. 0. 0. 1. 0. 0. 0. 0. 0. 1. 0. 0. 0. 0. 0.],3.0,best,1000,100,10,0.9,0.1,0.5,0.1,0.7,0.03,0.42,1,3,,problem_solving
10,0.01719970967008176,0.049303,0.006047500568824547,0.10400000000000001,0.6865103033060405,0.022712599095905547,[0.         0.         0.         0.         0.         0.         0.         0.         0.         0.         0.         0.         0.         0.         0.         0.02083045 0.         0.         0.         0.02083045 0.         0.         0.         0.         0.         0.95833909 0.         0.         0.         0.         0.        ],[0. 0. 0. 0. 0. 0. 0. 0. 0. 0. 0. 0. 0. 0. 0. 1. 0. 0. 0. 1. 0. 0. 0. 0. 0. 1. 0. 0. 0. 0. 0.],3.0,best,1000,100,10,0.9,0.1,0.5,0.1,0.7,0.03,0.42,1,3,,problem_solving
20,0.01719970967008176,0.049303,0.006047500568824547,0.10800000000000001,0.6732805664933595,0.006744805378113611,[0.         0.         0.         0.         0.         0.         0.         0.         0.         0.         0.         0.         0.         0.         0.         0.02083045 0.         0.         0.         0.02083045 0.         0.         0.         0.         0.         0.95833909 0.         0.         0.         0.         0.        ],[0. 0. 0. 0. 0. 0. 0. 0. 0. 0. 0. 0. 0. 0. 0. 1. 0. 0. 0. 1. 0. 0. 0. 0. 0. 1. 0. 0. 0. 0. 0.],3.0,best,1000,100,10,0.9,0.1,0.5,0.1,0.7,0.03,0.42,1,3,,problem_solving
30,0.01719970967008176,0.049303,0.006047500568824547,0.112,0.6603057798763129,-0.0019016384093872535,[0.         0.         0.         0.         0.         0.         0.         0.         0.         0.         0.         0.         0.         0.         0.         0.02083045 0.         0.         0.         0.02083045 0.         0.         0.         0.         0.         0.95833909 0.         0.         0.         0.         0.        ],[0. 0. 0. 0. 0. 0. 0. 0. 0. 0. 0. 0. 0. 0. 0. 1. 0. 0. 0. 1. 0. 0. 0. 0. 0. 1. 0. 0. 0. 0. 0.],3.0,best,1000,100,10,0.9,0.1,0.5,0.1,0.7,0.03,0.42,1,3,,problem_solving
40,0.01137393612055123,0.090844,0.004105439205897354,0.116,0.6475810303108847,0.018139832099619207,[0.         0.         0.         0.         0.04094156 0.         0.         0.         0.         0.         0.         0.         0.03038767 0.         0.         0.         0.         0.         0.         0.         0.         0.         0.         0.         0.         0.92867078 0.         0.         0.         0.         0.        ],[0. 0. 0. 0. 1. 0. 0. 0. 0. 0. 0. 0. 1. 0. 0. 0. 0. 0. 0. 0. 0. 0. 0. 0. 0. 1. 0. 0. 0. 0. 0.],3.0,best,1000,100,10,0.9,0.1,0.5,0.1,0.7,0.03,0.42,1,3,,problem_solving
50,0.01137393612055123,0.090844,0.004105439205897354,0.12000000000000001,0.6351014993342337,0.006524040366486438,[0.         0.         0.         0.         0.04094156 0.         0.         0.         0.         0.         0.         0.         0.03038767 0.         0.         0.         0.         0.         0.         0.         0.         0.         0.         0.         0.         0.92867078 0.         0.         0.         0.         0.        ],[0. 0. 0. 0. 1. 0. 0. 0. 0. 0. 0. 0. 1. 0. 0. 0. 0. 0. 0. 0. 0. 0. 0. 0. 0. 1. 0. 0. 0. 0. 0.],3.0,best,1000,100,10,0.9,0.1,0.5,0.1,0.7,0.03,0.42,1,3,,problem_solving
60,0.01137393612055123,0.090844,0.004105439205897354,0.124,0.622862461340094,0.029893526883873693,[0.         0.         0.         0.         0.04094156 0.         0.         0.         0.         0.         0.         0.         0.03038767 0.         0.         0.         0.         0.         0.         0.         0.         0.         0.         0.         0.         0.92867078 0.         0.         0.         0.         0.        ],[0. 0. 0. 0. 1. 0. 0. 0. 0. 0. 0. 0. 1. 0. 0. 0. 0. 0. 0. 0. 0. 0. 0. 0. 0. 1. 0. 0. 0. 0. 0.],3.0,best,1000,100,10,0.9,0.1,0.5,0.1,0.7,0.03,0.42,1,3,,problem_solving
70,0.01137393612055123,0.090844,0.004105439205897354,0.128,0.6108592817893356,0.003386295488984909,[0.         0.         0.         0.         0.04094156 0.         0.         0.         0.         0.         0.         0.         0.03038767 0.         0.         0.         0.         0.         0.         0.         0.         0.         0.         0.         0.         0.92867078 0.         0.         0.         0.         0.        ],[0. 0. 0. 0. 1. 0. 0. 0. 0. 0. 0. 0. 1. 0. 0. 0. 0. 0. 0. 0. 0. 0. 0. 0. 0. 1. 0. 0. 0. 0. 0.],3.0,best,1000,100,10,0.9,0.1,0.5,0.1,0.7,0.03,0.42,1,3,,problem_solving
80,0.010333726159704546,0.071383,0.0017661054149507667,0.132,0.5990874154550098,0.015882188315123065,[0.         0.         0.         0.         0.03166812 0.         0.         0.         0.         0.         0.         0.         0.         0.         0.         0.         0.         0.         0.         0.03017443 0.         0.         0.         0.         0.         0.93815745 0.         0.         0.         0.         0.        ],[0. 0. 0. 0. 1. 0. 0. 0. 0. 0. 0. 0. 0. 0. 0. 0. 0. 0. 0. 1. 0. 0. 0. 0. 0. 1. 0. 0. 0. 0. 0.],3.0,best,1000,100,10,0.9,0.1,0.5,0.1,0.7,0.03,0.42,1,3,,problem_solving
90,0.010333726159704546,0.071383,0.0017661054149507667,0.136,0.5875424047012152,0.0025848927436553995,[0.         0.         0.         0.         0.03166812 0.         0.         0.         0.         0.         0.         0.         0.         0.         0.         0.         0.         0.         0.         0.03017443 0.         0.         0.         0.         0.         0.93815745 0.         0.         0.         0.         0.        ],[0. 0. 0. 0. 1. 0. 0. 0. 0. 0. 0. 0. 0. 0. 0. 0. 0. 0. 0. 1. 0. 0. 0. 0. 0. 1. 0. 0. 0. 0. 0.],3.0,best,1000,100,10,0.9,0.1,0.5,0.1,0.7,0.03,0.42,1,3,,problem_solving
100,0.008627364630786385,0.054023,0.004795745927265887,0.14,0.576219877795131,0.02716312185632753,[0.         0.         0.         0.         0.0412568  0.         0.         0.         0.         0.         0.         0.         0.         0.         0.         0.         0.         0.         0.         0.0295251  0.         0.         0.         0.         0.         0.92921809 0.         0.         0.         0.         0.        ],[0. 0. 0. 0. 1. 0. 0. 0. 0. 0. 0. 0. 0. 0. 0. 0. 0. 0. 0. 1. 0. 0. 0. 0. 0. 1. 0. 0. 0. 0. 0.],3.0,best,1000,100,10,0.9,0.1,0.5,0.1,0.7,0.03,0.42,1,3,,problem_solving
110,0.008627364630786385,0.054023,0.004795745927265887,0.14400000000000002,0.5651155472515784,-0.004609541663686706,[0.         0.         0.         0.         0.0412568  0.         0.         0.         0.         0.         0.         0.         0.         0.         0.         0.         0.         0.         0.         0.0295251  0.         0.         0.         0.         0.         0.92921809 0.         0.         0.         0.         0.        ],[0. 0. 0. 0. 1. 0. 0. 0. 0. 0. 0. 0. 0. 0. 0. 0. 0. 0. 0. 1. 0. 0. 0. 0. 0. 1. 0. 0. 0. 0. 0.],3.0,best,1000,100,10,0.9,0.1,0.5,0.1,0.7,0.03,0.42,1,3,,problem_solving
120,0.008627364630786385,0.054023,0.004795745927265887,0.14800000000000002,0.554225208209486,-0.004453959085586479,[0.         0.         0.         0.         0.0412568  0.         0.         0.         0.         0.         0.         0.         0.         0.         0.         0.         0.         0.         0.         0.0295251  0.         0.         0.         0.         0.         0.92921809 0.         0.         0.         0.         0.        ],[0. 0. 0. 0. 1. 0. 0. 0. 0. 0. 0. 0. 0. 0. 0. 0. 0. 0. 0. 1. 0. 0. 0. 0. 0. 1. 0. 0. 0. 0. 0.],3.0,best,1000,100,10,0.9,0.1,0.5,0.1,0.7,0.03,0.42,1,3,,problem_solving
130,0.008627364630786385,0.054023,0.004795745927265887,0.15200000000000002,0.5435447368396396,0.014672626956489836,[0.         0.         0.         0.         0.0412568  0.         0.         0.         0.         0.         0.         0.         0.         0.         0.         0.         0.         0.         0.         0.0295251  0.         0.         0.         0.         0.         0.92921809 0.         0.         0.         0.         0.        ],[0. 0. 0. 0. 1. 0. 0. 0. 0. 0. 0. 0. 0. 0. 0. 0. 0. 0. 0. 1. 0. 0. 0. 0. 0. 1. 0. 0. 0. 0. 0.],3.0,best,1000,100,10,0.9,0.1,0.5,0.1,0.7,0.03,0.42,1,3,,problem_solving
140,0.008627364630786385,0.054023,0.004795745927265887,0.156,0.5330700887831185,-0.005567485813312736,[0.         0.         0.         0.         0.0412568  0.         0.         0.         0.         0.         0.         0.         0.         0.         0.         0.         0.         0.         0.         0.0295251  0.         0.         0.         0.         0.         0.92921809 0.         0.         0.         0.         0.        ],[0. 0. 0. 0. 1. 0. 0. 0. 0. 0. 0. 0. 0. 0. 0. 0. 0. 0. 0. 1. 0. 0. 0. 0. 0. 1. 0. 0. 0. 0. 0.],3.0,best,1000,100,10,0.9,0.1,0.5,0.1,0.7,0.03,0.42,1,3,,problem_solving
150,0.008627364630786385,0.054023,0.004795745927265887,0.16,0.5227972976198237,0.028985869846981767,[0.         0.         0.         0.         0.0412568  0.         0.         0.         0.         0.         0.         0.         0.         0.         0.         0.         0.         0.         0.         0.0295251  0.         0.         0.         0.         0.         0.92921809 0.         0.         0.         0.         0.        ],[0. 0. 0. 0. 1. 0. 0. 0. 0. 0. 0. 0. 0. 0. 0. 0. 0. 0. 0. 1. 0. 0. 0. 0. 0. 1. 0. 0. 0. 0. 0.],3.0,best,1000,100,10,0.9,0.1,0.5,0.1,0.7,0.03,0.42,1,3,,problem_solving
160,0.00794530285412133,0.07602,0.00418545241731567,0.164,0.5127224733665192,0.0033266425047481104,[0.         0.         0.         0.         0.03126925 0.         0.         0.         0.         0.         0.         0.         0.0203862  0.         0.         0.         0.         0.         0.         0.         0.         0.         0.         0.         0.         0.94834455 0.         0.         0.         0.         0.        ],[0. 0. 0. 0. 1. 0. 0. 0. 0. 0. 0. 0. 1. 0. 0. 0. 0. 0. 0. 0. 0. 0. 0. 0. 0. 1. 0. 0. 0. 0. 0.],3.0,best,1000,100,10,0.9,0.1,0.5,0.1,0.7,0.03,0.42,1,3,,problem_solving
170,0.00794530285412133,0.07602,0.00418545241731567,0.168,0.5028418010038177,-5.1657809975021784e-05,[0.         0.         0.         0.         0.03126925 0.         0.         0.         0.         0.         0.         0.         0.0203862  0.         0.         0.         0.         0.         0.         0.         0.         0.         0.         0.         0.         0.94834455 0.         0.         0.         0.         0.        ],[0. 0. 0. 0. 1. 0. 0. 0. 0. 0. 0. 0. 1. 0. 0. 0. 0. 0. 0. 0. 0. 0. 0. 0. 0. 1. 0. 0. 0. 0. 0.],3.0,best,1000,100,10,0.9,0.1,0.5,0.1,0.7,0.03,0.42,1,3,,problem_solving
180,0.006973293213002609,0.070558,0.0009952543468785024,0.17200000000000001,0.4931515390315523,-0.004477035989858713,[0.         0.         0.         0.         0.0225279  0.         0.         0.         0.         0.         0.         0.         0.03014927 0.         0.         0.         0.         0.         0.         0.         0.         0.         0.         0.         0.         0.94732283 0.         0.         0.         0.         0.        ],[0. 0. 0. 0. 1. 0. 0. 0. 0. 0. 0. 0. 1. 0. 0. 0. 0. 0. 0. 0. 0. 0. 0. 0. 0. 1. 0. 0. 0. 0. 0.],3.0,best,1000,100,10,0.9,0.1,0.5,0.1,0.7,0.03,0.42,1,3,,problem_solving
190,0.006973293213002609,0.070558,0.0009952543468785024,0.176,0.48364801805198804,-0.02431985704381664,[0.         0.         0.         0.         0.0225279  0.         0.         0.         0.         0.         0.         0.         0.03014927 0.         0.         0.         0.         0.         0.         0.         0.         0.         0.         0.         0.         0.94732283 0.         0.         0.         0.         0.        ],[0. 0. 0. 0. 1. 0. 0. 0. 0. 0. 0. 0. 1. 0. 0. 0. 0. 0. 0. 0. 0. 0. 0. 0. 0. 1. 0. 0. 0. 0. 0.],3.0,best,1000,100,10,0.9,0.1,0.5,0.1,0.7,0.03,0.42,1,3,,problem_solving
200,0.006973293213002609,0.070558,0.0009952543468785024,0.18,0.4743276393803366,-0.0038769223381929564,[0.         0.         0.         0.         0.0225279  0.         0.         0.         0.         0.         0.         0.         0.03014927 0.         0.         0.         0.         0.         0.         0.         0.         0.         0.         0.         0.         0.94732283 0.         0.         0.         0.         0.        ],[0. 0. 0. 0. 1. 0. 0. 0. 0. 0. 0. 0. 1. 0. 0. 0. 0. 0. 0. 0. 0. 0. 0. 0. 0. 1. 0. 0. 0. 0. 0.],3.0,best,1000,100,10,0.9,0.1,0.5,0.1,0.7,0.03,0.42,1,3,,problem_solving
210,0.006973293213002609,0.070558,0.0009952543468785024,0.184,0.4651868736820473,0.006707251365637553,[0.         0.         0.         0.         0.0225279  0.         0.         0.         0.         0.         0.         0.         0.03014927 0.         0.         0.         0.         0.         0.         0.         0.         0.         0.         0.         0.         0.94732283 0.         0.         0.         0.         0.        ],[0. 0. 0. 0. 1. 0. 0. 0. 0. 0. 0. 0. 1. 0. 0. 0. 0. 0. 0. 0. 0. 0. 0. 0. 0. 1. 0. 0. 0. 0. 0.],3.0,best,1000,100,10,0.9,0.1,0.5,0.1,0.7,0.03,0.42,1,3,,problem_solving
220,0.006973293213002609,0.070558,0.0009952543468785024,0.188,0.4562222596363586,0.013842837907084576,[0.         0.         0.         0.         0.0225279  0.         0.         0.         0.         0.         0.         0.         0.03014927 0.         0.         0.         0.         0.         0.         0.         0.         0.         0.         0.         0.         0.94732283 0.         0.         0.         0.         0.        ],[0. 0. 0. 0. 1. 0. 0. 0. 0. 0. 0. 0. 1. 0. 0. 0. 0. 0. 0. 0. 0. 0. 0. 0. 0. 1. 0. 0. 0. 0. 0.],3.0,best,1000,100,10,0.9,0.1,0.5,0.1,0.7,0.03,0.42,1,3,,problem_solving
230,0.006973293213002609,0.070558,0.0009952543468785024,0.192,0.44743040262560535,-0.004587472515790721,[0.         0.         0.         0.         0.0225279  0.         0.         0.         0.         0.         0.         0.         0.03014927 0.         0.         0.         0.         0.         0.         0.         0.         0.         0.         0.         0.         0.94732283 0.         0.         0.         0.         0.        ],[0. 0. 0. 0. 1. 0. 0. 0. 0. 0. 0. 0. 1. 0. 0. 0. 0. 0. 0. 0. 0. 0. 0. 0. 0. 1. 0. 0. 0. 0. 0.],3.0,best,1000,100,10,0.9,0.1,0.5,0.1,0.7,0.03,0.42,1,3,,problem_solving
240,0.006973293213002609,0.070558,0.0009952543468785024,0.196,0.438807973449783,-0.006270104696159846,[0.         0.         0.         0.         0.0225279  0.         0.         0.         0.         0.         0.         0.         0.03014927 0.         0.         0.         0.         0.         0.         0.         0.         0.         0.         0.         0.         0.94732283 0.         0.         0.         0.         0.        ],[0. 0. 0. 0. 1. 0. 0. 0. 0. 0. 0. 0. 1. 0. 0. 0. 0. 0. 0. 0. 0. 0. 0. 0. 0. 1. 0. 0. 0. 0. 0.],3.0,best,1000,100,10,0.9,0.1,0.5,0.1,0.7,0.03,0.42,1,3,,problem_solving
250,0.006973293213002609,0.070558,0.0009952543468785024,0.2,0.430351707065885,0.016471225570787028,[0.         0.         0.         0.         0.0225279  0.         0.         0.         0.         0.         0.         0.         0.03014927 0.         0.         0.         0.         0.         0.         0.         0.         0.         0.         0.         0.         0.94732283 0.         0.         0.         0.         0.        ],[0. 0. 0. 0. 1. 0. 0. 0. 0. 0. 0. 0. 1. 0. 0. 0. 0. 0. 0. 0. 0. 0. 0. 0. 0. 1. 0. 0. 0. 0. 0.],3.0,best,1000,100,10,0.9,0.1,0.5,0.1,0.7,0.03,0.42,1,3,,problem_solving
260,0.006973293213002609,0.070558,0.0009952543468785024,0.20400000000000001,0.4220584013515329,0.00944585169692631,[0.         0.         0.         0.         0.0225279  0.         0.         0.         0.         0.         0.         0.         0.03014927 0.         0.         0.         0.         0.         0.         0.         0.         0.         0.         0.         0.         0.94732283 0.         0.         0.         0.         0.        ],[0. 0. 0. 0. 1. 0. 0. 0. 0. 0. 0. 0. 1. 0. 0. 0. 0. 0. 0. 0. 0. 0. 0. 0. 0. 1. 0. 0. 0. 0. 0.],3.0,best,1000,100,10,0.9,0.1,0.5,0.1,0.7,0.03,0.42,1,3,,problem_solving
270,0.006973293213002609,0.070558,0.0009952543468785024,0.20800000000000002,0.4139249158924335,-0.012156522070809542,[0.         0.         0.         0.         0.0225279  0.         0.         0.         0.         0.         0.         0.         0.03014927 0.         0.         0.         0.         0.         0.         0.         0.         0.         0.         0.         0.         0.94732283 0.         0.         0.         0.         0.        ],[0. 0. 0. 0. 1. 0. 0. 0. 0. 0. 0. 0. 1. 0. 0. 0. 0. 0. 0. 0. 0. 0. 0. 0. 0. 1. 0. 0. 0. 0. 0.],3.0,best,1000,100,10,0.9,0.1,0.5,0.1,0.7,0.03,0.42,1,3,,problem_solving
280,0.006973293213002609,0.070558,0.0009952543468785024,0.21200000000000002,0.40594817079320256,-0.0024776306413794662,[0.         0.         0.         0.         0.0225279  0.         0.         0.         0.         0.         0.         0.         0.03014927 0.         0.         0.         0.         0.         0.         0.         0.         0.         0.         0.         0.         0.94732283 0.         0.         0.         0.         0.        ],[0. 0. 0. 0. 1. 0. 0. 0. 0. 0. 0. 0. 1. 0. 0. 0. 0. 0. 0. 0. 0. 0. 0. 0. 0. 1. 0. 0. 0. 0. 0.],3.0,best,1000,100,10,0.9,0.1,0.5,0.1,0.7,0.03,0.42,1,3,,problem_solving
290,0.006973293213002609,0.070558,0.0009952543468785024,0.21600000000000003,0.3981251455111055,0.011602748081234723,[0.         0.         0.         0.         0.0225279  0.         0.         0.         0.         0.         0.         0.         0.03014927 0.         0.         0.         0.         0.         0.         0.         0.         0.         0.         0.         0.         0.94732283 0.         0.         0.         0.         0.        ],[0. 0. 0. 0. 1. 0. 0. 0. 0. 0. 0. 0. 1. 0. 0. 0. 0. 0. 0. 0. 0. 0. 0. 0. 0. 1. 0. 0. 0. 0. 0.],3.0,best,1000,100,10,0.9,0.1,0.5,0.1,0.7,0.03,0.42,1,3,,problem_solving
300,0.006973293213002609,0.070558,0.0009952543468785024,0.22000000000000003,0.3904528777122722,-0.012266665865064651,[0.         0.         0.         0.         0.0225279  0.         0.         0.         0.         0.         0.         0.         0.03014927 0.         0.         0.         0.         0.         0.         0.         0.         0.         0.         0.         0.         0.94732283 0.         0.         0.         0.         0.        ],[0. 0. 0. 0. 1. 0. 0. 0. 0. 0. 0. 0. 1. 0. 0. 0. 0. 0. 0. 0. 0. 0. 0. 0. 0. 1. 0. 0. 0. 0. 0.],3.0,best,1000,100,10,0.9,0.1,0.5,0.1,0.7,0.03,0.42,1,3,,problem_solving
310,0.006973293213002609,0.070558,0.0009952543468785024,0.224,0.3829284621499548,0.0036678016765196927,[0.         0.         0.         0.         0.0225279  0.         0.         0.         0.         0.         0.         0.         0.03014927 0.         0.         0.         0.         0.         0.         0.         0.         0.         0.         0.         0.         0.94732283 0.         0.         0.         0.         0.        ],[0. 0. 0. 0. 1. 0. 0. 0. 0. 0. 0. 0. 1. 0. 0. 0. 0. 0. 0. 0. 0. 0. 0. 0. 0. 1. 0. 0. 0. 0. 0.],3.0,best,1000,100,10,0.9,0.1,0.5,0.1,0.7,0.03,0.42,1,3,,problem_solving
320,0.006973293213002609,0.070558,0.0009952543468785024,0.228,0.3755490495644016,-0.005346812441856824,[0.         0.         0.         0.         0.0225279  0.         0.         0.         0.         0.         0.         0.         0.03014927 0.         0.         0.         0.         0.         0.         0.         0.         0.         0.         0.         0.         0.94732283 0.         0.         0.         0.         0.        ],[0. 0. 0. 0. 1. 0. 0. 0. 0. 0. 0. 0. 1. 0. 0. 0. 0. 0. 0. 0. 0. 0. 0. 0. 0. 1. 0. 0. 0. 0. 0.],3.0,best,1000,100,10,0.9,0.1,0.5,0.1,0.7,0.03,0.42,1,3,,problem_solving
330,0.006973293213002609,0.070558,0.0009952543468785024,0.232,0.3683118456039322,0.00827519412015172,[0.         0.         0.         0.         0.0225279  0.         0.         0.         0.         0.         0.         0.         0.03014927 0.         0.         0.         0.         0.         0.         0.         0.         0.         0.         0.         0.         0.94732283 0.         0.         0.         0.         0.        ],[0. 0. 0. 0. 1. 0. 0. 0. 0. 0. 0. 0. 1. 0. 0. 0. 0. 0. 0. 0. 0. 0. 0. 0. 0. 1. 0. 0. 0. 0. 0.],3.0,best,1000,100,10,0.9,0.1,0.5,0.1,0.7,0.03,0.42,1,3,,problem_solving
340,0.006973293213002609,0.070558,0.0009952543468785024,0.23600000000000002,0.3612141097668044,0.0068974110488709515,[0.         0.         0.         0.         0.0225279  0.         0.         0.         0.         0.         0.         0.         0.03014927 0.         0.         0.         0.         0.         0.         0.         0.         0.         0.         0.         0.         0.94732283 0.         0.         0.         0.         0.        ],[0. 0. 0. 0. 1. 0. 0. 0. 0. 0. 0. 0. 1. 0. 0. 0. 0. 0. 0. 0. 0. 0. 0. 0. 0. 1. 0. 0. 0. 0. 0.],3.0,best,1000,100,10,0.9,0.1,0.5,0.1,0.7,0.03,0.42,1,3,,problem_solving
350,0.006973293213002609,0.070558,0.0009952543468785024,0.24000000000000002,0.3542531543634719,0.017447889259884594,[0.         0.         0.         0.         0.0225279  0.         0.         0.         0.         0.         0.         0.         0.03014927 0.         0.         0.         0.         0.         0.         0.         0.         0.         0.         0.         0.         0.94732283 0.         0.         0.         0.         0.        ],[0. 0. 0. 0. 1. 0. 0. 0. 0. 0. 0. 0. 1. 0. 0. 0. 0. 0. 0. 0. 0. 0. 0. 0. 0. 1. 0. 0. 0. 0. 0.],3.0,best,1000,100,10,0.9,0.1,0.5,0.1,0.7,0.03,0.42,1,3,,problem_solving
360,0.006973293213002609,0.070558,0.0009952543468785024,0.24400000000000002,0.3474263434988409,0.008101939704089524,[0.         0.         0.         0.         0.0225279  0.         0.         0.         0.         0.         0.         0.         0.03014927 0.         0.         0.         0.         0.         0.         0.         0.         0.         0.         0.         0.         0.94732283 0.         0.         0.         0.         0.        ],[0. 0. 0. 0. 1. 0. 0. 0. 0. 0. 0. 0. 1. 0. 0. 0. 0. 0. 0. 0. 0. 0. 0. 0. 0. 1. 0. 0. 0. 0. 0.],3.0,best,1000,100,10,0.9,0.1,0.5,0.1,0.7,0.03,0.42,1,3,,problem_solving
370,0.006973293213002609,0.070558,0.0009952543468785024,0.24800000000000003,0.3407310920741399,0.0008898922166938665,[0.         0.         0.         0.         0.0225279  0.         0.         0.         0.         0.         0.         0.         0.03014927 0.         0.         0.         0.         0.         0.         0.         0.         0.         0.         0.         0.         0.94732283 0.         0.         0.         0.         0.        ],[0. 0. 0. 0. 1. 0. 0. 0. 0. 0. 0. 0. 1. 0. 0. 0. 0. 0. 0. 0. 0. 0. 0. 0. 0. 1. 0. 0. 0. 0. 0.],3.0,best,1000,100,10,0.9,0.1,0.5,0.1,0.7,0.03,0.42,1,3,,problem_solving
380,0.006973293213002609,0.070558,0.0009952543468785024,0.252,0.33416486480802304,-0.01523027632068755,[0.         0.         0.         0.         0.0225279  0.         0.         0.         0.         0.         0.         0.         0.03014927 0.         0.         0.         0.         0.         0.         0.         0.         0.         0.         0.         0.         0.94732283 0.         0.         0.         0.         0.        ],[0. 0. 0. 0. 1. 0. 0. 0. 0. 0. 0. 0. 1. 0. 0. 0. 0. 0. 0. 0. 0. 0. 0. 0. 0. 1. 0. 0. 0. 0. 0.],3.0,best,1000,100,10,0.9,0.1,0.5,0.1,0.7,0.03,0.42,1,3,,problem_solving
390,0.006973293213002609,0.070558,0.0009952543468785024,0.256,0.3277251752765399,-0.009221901139415439,[0.         0.         0.         0.         0.0225279  0.         0.         0.         0.         0.         0.         0.         0.03014927 0.         0.         0.         0.         0.         0.         0.         0.         0.         0.         0.         0.         0.94732283 0.         0.         0.         0.         0.        ],[0. 0. 0. 0. 1. 0. 0. 0. 0. 0. 0. 0. 1. 0. 0. 0. 0. 0. 0. 0. 0. 0. 0. 0. 0. 1. 0. 0. 0. 0. 0.],3.0,best,1000,100,10,0.9,0.1,0.5,0.1,0.7,0.03,0.42,1,3,,problem_solving
400,0.006973293213002609,0.070558,0.0009952543468785024,0.26,0.3214095849716039,0.004058867002547498,[0.         0.         0.         0.         0.0225279  0.         0.         0.         0.         0.         0.         0.         0.03014927 0.         0.         0.         0.         0.         0.         0.         0.         0.         0.         0.         0.         0.94732283 0.         0.         0.         0.         0.        ],[0. 0. 0. 0. 1. 0. 0. 0. 0. 0. 0. 0. 1. 0. 0. 0. 0. 0. 0. 0. 0. 0. 0. 0. 0. 1. 0. 0. 0. 0. 0.],3.0,best,1000,100,10,0.9,0.1,0.5,0.1,0.7,0.03,0.42,1,3,,problem_solving
410,0.006973293213002609,0.070558,0.0009952543468785024,0.264,0.31521570237760627,0.01192185439968037,[0.         0.         0.         0.         0.0225279  0.         0.         0.         0.         0.         0.         0.         0.03014927 0.         0.         0.         0.         0.         0.         0.         0.         0.         0.         0.         0.         0.94732283 0.         0.         0.         0.         0.        ],[0. 0. 0. 0. 1. 0. 0. 0. 0. 0. 0. 0. 1. 0. 0. 0. 0. 0. 0. 0. 0. 0. 0. 0. 0. 1. 0. 0. 0. 0. 0.],3.0,best,1000,100,10,0.9,0.1,0.5,0.1,0.7,0.03,0.42,1,3,,problem_solving
420,0.006973293213002609,0.070558,0.0009952543468785024,0.268,0.30914118206582436,0.012628938918955647,[0.         0.         0.         0.         0.0225279  0.         0.         0.         0.         0.         0.         0.         0.03014927 0.         0.         0.         0.         0.         0.         0.         0.         0.         0.         0.         0.         0.94732283 0.         0.         0.         0.         0.        ],[0. 0. 0. 0. 1. 0. 0. 0. 0. 0. 0. 0. 1. 0. 0. 0. 0. 0. 0. 0. 0. 0. 0. 0. 0. 1. 0. 0. 0. 0. 0.],3.0,best,1000,100,10,0.9,0.1,0.5,0.1,0.7,0.03,0.42,1,3,,problem_solving
430,0.006973293213002609,0.070558,0.0009952543468785024,0.272,0.3031837238062814,0.010963615799234827,[0.         0.         0.         0.         0.0225279  0.         0.         0.         0.         0.         0.         0.         0.03014927 0.         0.         0.         0.         0.         0.         0.         0.         0.         0.         0.         0.         0.94732283 0.         0.         0.         0.         0.        ],[0. 0. 0. 0. 1. 0. 0. 0. 0. 0. 0. 0. 1. 0. 0. 0. 0. 0. 0. 0. 0. 0. 0. 0. 0. 1. 0. 0. 0. 0. 0.],3.0,best,1000,100,10,0.9,0.1,0.5,0.1,0.7,0.03,0.42,1,3,,problem_solving
440,0.006973293213002609,0.070558,0.0009952543468785024,0.276,0.29734107169672147,0.00027912133654127706,[0.         0.         0.         0.         0.0225279  0.         0.         0.         0.         0.         0.         0.         0.03014927 0.         0.         0.         0.         0.         0.         0.         0.         0.         0.         0.         0.         0.94732283 0.         0.         0.         0.         0.        ],[0. 0. 0. 0. 1. 0. 0. 0. 0. 0. 0. 0. 1. 0. 0. 0. 0. 0. 0. 0. 0. 0. 0. 0. 0. 1. 0. 0. 0. 0. 0.],3.0,best,1000,100,10,0.9,0.1,0.5,0.1,0.7,0.03,0.42,1,3,,problem_solving
450,0.006973293213002609,0.070558,0.0009952543468785024,0.28,0.2916110133083706,0.01019519555758221,[0.         0.         0.         0.         0.0225279  0.         0.         0.         0.         0.         0.         0.         0.03014927 0.         0.         0.         0.         0.         0.         0.         0.         0.         0.         0.         0.         0.94732283 0.         0.         0.         0.         0.        ],[0. 0. 0. 0. 1. 0. 0. 0. 0. 0. 0. 0. 1. 0. 0. 0. 0. 0. 0. 0. 0. 0. 0. 0. 0. 1. 0. 0. 0. 0. 0.],3.0,best,1000,100,10,0.9,0.1,0.5,0.1,0.7,0.03,0.42,1,3,,problem_solving
460,0.0059856944351328175,0.071383,0.0017661054149507667,0.28400000000000003,0.285991378848159,-0.0029074846437750984,[0.         0.         0.         0.         0.03166812 0.         0.         0.         0.         0.         0.         0.         0.         0.         0.         0.         0.         0.         0.         0.03017443 0.         0.         0.         0.         0.         0.93815745 0.         0.         0.         0.         0.        ],[0. 0. 0. 0. 1. 0. 0. 0. 0. 0. 0. 0. 0. 0. 0. 0. 0. 0. 0. 1. 0. 0. 0. 0. 0. 1. 0. 0. 0. 0. 0.],3.0,best,1000,100,10,0.9,0.1,0.5,0.1,0.7,0.03,0.42,1,3,,problem_solving
470,0.0059856944351328175,0.071383,0.0017661054149507667,0.28800000000000003,0.2804800403370891,0.0030720594469837575,[0.         0.         0.         0.         0.03166812 0.         0.         0.         0.         0.         0.         0.         0.         0.         0.         0.         0.         0.         0.         0.03017443 0.         0.         0.         0.         0.         0.93815745 0.         0.         0.         0.         0.        ],[0. 0. 0. 0. 1. 0. 0. 0. 0. 0. 0. 0. 0. 0. 0. 0. 0. 0. 0. 1. 0. 0. 0. 0. 0. 1. 0. 0. 0. 0. 0.],3.0,best,1000,100,10,0.9,0.1,0.5,0.1,0.7,0.03,0.42,1,3,,problem_solving
480,0.0059856944351328175,0.071383,0.0017661054149507667,0.29200000000000004,0.27507491080443647,0.0073699210484645976,[0.         0.         0.         0.         0.03166812 0.         0.         0.         0.         0.         0.         0.         0.         0.         0.         0.         0.         0.         0.         0.03017443 0.         0.         0.         0.         0.         0.93815745 0.         0.         0.         0.         0.        ],[0. 0. 0. 0. 1. 0. 0. 0. 0. 0. 0. 0. 0. 0. 0. 0. 0. 0. 0. 1. 0. 0. 0. 0. 0. 1. 0. 0. 0. 0. 0.],3.0,best,1000,100,10,0.9,0.1,0.5,0.1,0.7,0.03,0.42,1,3,,problem_solving
490,0.0059856944351328175,0.071383,0.0017661054149507667,0.29600000000000004,0.2697739434974796,0.00640157027737309,[0.         0.         0.         0.         0.03166812 0.         0.         0.         0.         0.         0.         0.         0.         0.         0.         0.         0.         0.         0.         0.03017443 0.         0.         0.         0.         0.         0.93815745 0.         0.         0.         0.         0.        ],[0. 0. 0. 0. 1. 0. 0. 0. 0. 0. 0. 0. 0. 0. 0. 0. 0. 0. 0. 1. 0. 0. 0. 0. 0. 1. 0. 0. 0. 0. 0.],3.0,best,1000,100,10,0.9,0.1,0.5,0.1,0.7,0.03,0.42,1,3,,problem_solving
500,0.0059856944351328175,0.071383,0.0017661054149507667,0.30000000000000004,0.2645751311064591,0.009423590002416134,[0.         0.         0.         0.         0.03166812 0.         0.         0.         0.         0.         0.         0.         0.         0.         0.         0.         0.         0.         0.         0.03017443 0.         0.         0.         0.         0.         0.93815745 0.         0.         0.         0.         0.        ],[0. 0. 0. 0. 1. 0. 0. 0. 0. 0. 0. 0. 0. 0. 0. 0. 0. 0. 0. 1. 0. 0. 0. 0. 0. 1. 0. 0. 0. 0. 0.],3.0,best,1000,100,10,0.9,0.1,0.5,0.1,0.7,0.03,0.42,1,3,,problem_solving
510,0.0020889472460672532,0.049303,0.006047500568824547,0.30400000000000005,0.25947650500447234,-0.012850031126859071,[0.         0.         0.         0.         0.         0.         0.         0.         0.         0.         0.         0.         0.         0.         0.         0.02083045 0.         0.         0.         0.02083045 0.         0.         0.         0.         0.         0.95833909 0.         0.         0.         0.         0.        ],[0. 0. 0. 0. 0. 0. 0. 0. 0. 0. 0. 0. 0. 0. 0. 1. 0. 0. 0. 1. 0. 0. 0. 0. 0. 1. 0. 0. 0. 0. 0.],3.0,best,1000,100,10,0.9,0.1,0.5,0.1,0.7,0.03,0.42,1,3,,problem_solving
520,0.0015504117049488916,0.07602,0.00418545241731567,0.30800000000000005,0.2544761345020166,0.00648970360017743,[0.         0.         0.         0.         0.03126925 0.         0.         0.         0.         0.         0.         0.         0.0203862  0.         0.         0.         0.         0.         0.         0.         0.         0.         0.         0.         0.         0.94834455 0.         0.         0.         0.         0.        ],[0. 0. 0. 0. 1. 0. 0. 0. 0. 0. 0. 0. 1. 0. 0. 0. 0. 0. 0. 0. 0. 0. 0. 0. 0. 1. 0. 0. 0. 0. 0.],3.0,best,1000,100,10,0.9,0.1,0.5,0.1,0.7,0.03,0.42,1,3,,problem_solving
530,0.0015504117049488916,0.07602,0.00418545241731567,0.31200000000000006,0.24957212611589738,-0.0019880790833439917,[0.         0.         0.         0.         0.03126925 0.         0.         0.         0.         0.         0.         0.         0.0203862  0.         0.         0.         0.         0.         0.         0.         0.         0.         0.         0.         0.         0.94834455 0.         0.         0.         0.         0.        ],[0. 0. 0. 0. 1. 0. 0. 0. 0. 0. 0. 0. 1. 0. 0. 0. 0. 0. 0. 0. 0. 0. 0. 0. 0. 1. 0. 0. 0. 0. 0.],3.0,best,1000,100,10,0.9,0.1,0.5,0.1,0.7,0.03,0.42,1,3,,problem_solving
540,0.0015504117049488916,0.07602,0.00418545241731567,0.316,0.24476262285222591,-0.00024024417970888793,[0.         0.         0.         0.         0.03126925 0.         0.         0.         0.         0.         0.         0.         0.0203862  0.         0.         0.         0.         0.         0.         0.         0.         0.         0.         0.         0.         0.94834455 0.         0.         0.         0.         0.        ],[0. 0. 0. 0. 1. 0. 0. 0. 0. 0. 0. 0. 1. 0. 0. 0. 0. 0. 0. 0. 0. 0. 0. 0. 0. 1. 0. 0. 0. 0. 0.],3.0,best,1000,100,10,0.9,0.1,0.5,0.1,0.7,0.03,0.42,1,3,,problem_solving
550,0.0015504117049488916,0.07602,0.00418545241731567,0.32,0.24004580350323373,0.004791310753440898,[0.         0.         0.         0.         0.03126925 0.         0.         0.         0.         0.         0.         0.         0.0203862  0.         0.         0.         0.         0.         0.         0.         0.         0.         0.         0.         0.         0.94834455 0.         0.         0.         0.         0.        ],[0. 0. 0. 0. 1. 0. 0. 0. 0. 0. 0. 0. 1. 0. 0. 0. 0. 0. 0. 0. 0. 0. 0. 0. 0. 1. 0. 0. 0. 0. 0.],3.0,best,1000,100,10,0.9,0.1,0.5,0.1,0.7,0.03,0.42,1,3,,problem_solving
560,0.0015504117049488916,0.07602,0.00418545241731567,0.324,0.23541988195763883,-0.005470357286337629,[0.         0.         0.         0.         0.03126925 0.         0.         0.         0.         0.         0.         0.         0.0203862  0.         0.         0.         0.         0.         0.         0.         0.         0.         0.         0.         0.         0.94834455 0.         0.         0.         0.         0.        ],[0. 0. 0. 0. 1. 0. 0. 0. 0. 0. 0. 0. 1. 0. 0. 0. 0. 0. 0. 0. 0. 0. 0. 0. 0. 1. 0. 0. 0. 0. 0.],3.0,best,1000,100,10,0.9,0.1,0.5,0.1,0.7,0.03,0.42,1,3,,problem_solving
570,0.0015504117049488916,0.07602,0.00418545241731567,0.328,0.23088310652430125,-0.0016767451304687765,[0.         0.         0.         0.         0.03126925 0.         0.         0.         0.         0.         0.         0.         0.0203862  0.         0.         0.         0.         0.         0.         0.         0.         0.         0.         0.         0.         0.94834455 0.         0.         0.         0.         0.        ],[0. 0. 0. 0. 1. 0. 0. 0. 0. 0. 0. 0. 1. 0. 0. 0. 0. 0. 0. 0. 0. 0. 0. 0. 0. 1. 0. 0. 0. 0. 0.],3.0,best,1000,100,10,0.9,0.1,0.5,0.1,0.7,0.03,0.42,1,3,,problem_solving
580,0.0015504117049488916,0.07602,0.00418545241731567,0.332,0.22643375926891277,0.013739957188726544,[0.         0.         0.         0.         0.03126925 0.         0.         0.         0.         0.         0.         0.         0.0203862  0.         0.         0.         0.         0.         0.         0.         0.         0.         0.         0.         0.         0.94834455 0.         0.         0.         0.         0.        ],[0. 0. 0. 0. 1. 0. 0. 0. 0. 0. 0. 0. 1. 0. 0. 0. 0. 0. 0. 0. 0. 0. 0. 0. 0. 1. 0. 0. 0. 0. 0.],3.0,best,1000,100,10,0.9,0.1,0.5,0.1,0.7,0.03,0.42,1,3,,problem_solving
590,0.0015504117049488916,0.07602,0.00418545241731567,0.336,0.22207015536346894,0.003145527370615812,[0.         0.         0.         0.         0.03126925 0.         0.         0.         0.         0.         0.         0.         0.0203862  0.         0.         0.         0.         0.         0.         0.         0.         0.         0.         0.         0.         0.94834455 0.         0.         0.         0.         0.        ],[0. 0. 0. 0. 1. 0. 0. 0. 0. 0. 0. 0. 1. 0. 0. 0. 0. 0. 0. 0. 0. 0. 0. 0. 0. 1. 0. 0. 0. 0. 0.],3.0,best,1000,100,10,0.9,0.1,0.5,0.1,0.7,0.03,0.42,1,3,,problem_solving
600,0.0015504117049488916,0.07602,0.00418545241731567,0.34,0.21779064244827798,-0.003119703594615571,[0.         0.         0.         0.         0.03126925 0.         0.         0.         0.         0.         0.         0.         0.0203862  0.         0.         0.         0.         0.         0.         0.         0.         0.         0.         0.         0.         0.94834455 0.         0.         0.         0.         0.        ],[0. 0. 0. 0. 1. 0. 0. 0. 0. 0. 0. 0. 1. 0. 0. 0. 0. 0. 0. 0. 0. 0. 0. 0. 0. 1. 0. 0. 0. 0. 0.],3.0,best,1000,100,10,0.9,0.1,0.5,0.1,0.7,0.03,0.42,1,3,,problem_solving
610,0.0015504117049488916,0.07602,0.00418545241731567,0.34400000000000003,0.2135936000062639,-0.005366481405442604,[0.         0.         0.         0.         0.03126925 0.         0.         0.         0.         0.         0.         0.         0.0203862  0.         0.         0.         0.         0.         0.         0.         0.         0.         0.         0.         0.         0.94834455 0.         0.         0.         0.         0.        ],[0. 0. 0. 0. 1. 0. 0. 0. 0. 0. 0. 0. 1. 0. 0. 0. 0. 0. 0. 0. 0. 0. 0. 0. 0. 1. 0. 0. 0. 0. 0.],3.0,best,1000,100,10,0.9,0.1,0.5,0.1,0.7,0.03,0.42,1,3,,problem_solving
620,0.0015504117049488916,0.07602,0.00418545241731567,0.348,0.20947743874932764,0.00048611150168502215,[0.         0.         0.         0.         0.03126925 0.         0.         0.         0.         0.         0.         0.         0.0203862  0.         0.         0.         0.         0.         0.         0.         0.         0.         0.         0.         0.         0.94834455 0.         0.         0.         0.         0.        ],[0. 0. 0. 0. 1. 0. 0. 0. 0. 0. 0. 0. 1. 0. 0. 0. 0. 0. 0. 0. 0. 0. 0. 0. 0. 1. 0. 0. 0. 0. 0.],3.0,best,1000,100,10,0.9,0.1,0.5,0.1,0.7,0.03,0.42,1,3,,problem_solving
630,0.0015504117049488916,0.07602,0.00418545241731567,0.352,0.20544060001653347,-0.006102685178290873,[0.         0.         0.         0.         0.03126925 0.         0.         0.         0.         0.         0.         0.         0.0203862  0.         0.         0.         0.         0.         0.         0.         0.         0.         0.         0.         0.         0.94834455 0.         0.         0.         0.         0.        ],[0. 0. 0. 0. 1. 0. 0. 0. 0. 0. 0. 0. 1. 0. 0. 0. 0. 0. 0. 0. 0. 0. 0. 0. 0. 1. 0. 0. 0. 0. 0.],3.0,best,1000,100,10,0.9,0.1,0.5,0.1,0.7,0.03,0.42,1,3,,problem_solving
640,0.0015504117049488916,0.07602,0.00418545241731567,0.356,0.20148155518389335,-0.0029693096586740327,[0.         0.         0.         0.         0.03126925 0.         0.         0.         0.         0.         0.         0.         0.0203862  0.         0.         0.         0.         0.         0.         0.         0.         0.         0.         0.         0.         0.94834455 0.         0.         0.         0.         0.        ],[0. 0. 0. 0. 1. 0. 0. 0. 0. 0. 0. 0. 1. 0. 0. 0. 0. 0. 0. 0. 0. 0. 0. 0. 0. 1. 0. 0. 0. 0. 0.],3.0,best,1000,100,10,0.9,0.1,0.5,0.1,0.7,0.03,0.42,1,3,,problem_solving
650,0.0015504117049488916,0.07602,0.00418545241731567,0.36,0.19759880508552483,-0.0019194611092482074,[0.         0.         0.         0.         0.03126925 0.         0.         0.         0.         0.         0.         0.         0.0203862  0.         0.         0.         0.         0.         0.         0.         0.         0.         0.         0.         0.         0.94834455 0.         0.         0.         0.         0.        ],[0. 0. 0. 0. 1. 0. 0. 0. 0. 0. 0. 0. 1. 0. 0. 0. 0. 0. 0. 0. 0. 0. 0. 0. 0. 1. 0. 0. 0. 0. 0.],3.0,best,1000,100,10,0.9,0.1,0.5,0.1,0.7,0.03,0.42,1,3,,problem_solving
660,0.0015504117049488916,0.07602,0.00418545241731567,0.364,0.19379087944596401,-0.00796842019071246,[0.         0.         0.         0.         0.03126925 0.         0.         0.         0.         0.         0.         0.         0.0203862  0.         0.         0.         0.         0.         0.         0.         0.         0.         0.         0.         0.         0.94834455 0.         0.         0.         0.         0.        ],[0. 0. 0. 0. 1. 0. 0. 0. 0. 0. 0. 0. 1. 0. 0. 0. 0. 0. 0. 0. 0. 0. 0. 0. 0. 1. 0. 0. 0. 0. 0.],3.0,best,1000,100,10,0.9,0.1,0.5,0.1,0.7,0.03,0.42,1,3,,problem_solving
670,0.0015504117049488916,0.07602,0.00418545241731567,0.368,0.1900563363234187,0.0003860301636391004,[0.         0.         0.         0.         0.03126925 0.         0.         0.         0.         0.         0.         0.         0.0203862  0.         0.         0.         0.         0.         0.         0.         0.         0.         0.         0.         0.         0.94834455 0.         0.         0.         0.         0.        ],[0. 0. 0. 0. 1. 0. 0. 0. 0. 0. 0. 0. 1. 0. 0. 0. 0. 0. 0. 0. 0. 0. 0. 0. 0. 1. 0. 0. 0. 0. 0.],3.0,best,1000,100,10,0.9,0.1,0.5,0.1,0.7,0.03,0.42,1,3,,problem_solving
680,0.0015504117049488916,0.07602,0.00418545241731567,0.372,0.18639376156374998,-0.0017696459715457794,[0.         0.         0.         0.         0.03126925 0.         0.         0.         0.         0.         0.         0.         0.0203862  0.         0.         0.         0.         0.         0.         0.         0.         0.         0.         0.         0.         0.94834455 0.         0.         0.         0.         0.        ],[0. 0. 0. 0. 1. 0. 0. 0. 0. 0. 0. 0. 1. 0. 0. 0. 0. 0. 0. 0. 0. 0. 0. 0. 0. 1. 0. 0. 0. 0. 0.],3.0,best,1000,100,10,0.9,0.1,0.5,0.1,0.7,0.03,0.42,1,3,,problem_solving
690,0.0015504117049488916,0.07602,0.00418545241731567,0.376,0.1828017682649769,0.006569341825291325,[0.         0.         0.         0.         0.03126925 0.         0.         0.         0.         0.         0.         0.         0.0203862  0.         0.         0.         0.         0.         0.         0.         0.         0.         0.         0.         0.         0.94834455 0.         0.         0.         0.         0.        ],[0. 0. 0. 0. 1. 0. 0. 0. 0. 0. 0. 0. 1. 0. 0. 0. 0. 0. 0. 0. 0. 0. 0. 0. 0. 1. 0. 0. 0. 0. 0.],3.0,best,1000,100,10,0.9,0.1,0.5,0.1,0.7,0.03,0.42,1,3,,problem_solving
700,0.0015504117049488916,0.07602,0.00418545241731567,0.38,0.17927899625209975,-0.0020260890693471877,[0.         0.         0.         0.         0.03126925 0.         0.         0.         0.         0.         0.         0.         0.0203862  0.         0.         0.         0.         0.         0.         0.         0.         0.         0.         0.         0.         0.94834455 0.         0.         0.         0.         0.        ],[0. 0. 0. 0. 1. 0. 0. 0. 0. 0. 0. 0. 1. 0. 0. 0. 0. 0. 0. 0. 0. 0. 0. 0. 0. 1. 0. 0. 0. 0. 0.],3.0,best,1000,100,10,0.9,0.1,0.5,0.1,0.7,0.03,0.42,1,3,,problem_solving
710,0.0015504117049488916,0.07602,0.00418545241731567,0.384,0.17582411156204497,-0.002130348075927906,[0.         0.         0.         0.         0.03126925 0.         0.         0.         0.         0.         0.         0.         0.0203862  0.         0.         0.         0.         0.         0.         0.         0.         0.         0.         0.         0.         0.94834455 0.         0.         0.         0.         0.        ],[0. 0. 0. 0. 1. 0. 0. 0. 0. 0. 0. 0. 1. 0. 0. 0. 0. 0. 0. 0. 0. 0. 0. 0. 0. 1. 0. 0. 0. 0. 0.],3.0,best,1000,100,10,0.9,0.1,0.5,0.1,0.7,0.03,0.42,1,3,,problem_solving
720,0.0015504117049488916,0.07602,0.00418545241731567,0.388,0.17243580593853514,0.004787262742438075,[0.         0.         0.         0.         0.03126925 0.         0.         0.         0.         0.         0.         0.         0.0203862  0.         0.         0.         0.         0.         0.         0.         0.         0.         0.         0.         0.         0.94834455 0.         0.         0.         0.         0.        ],[0. 0. 0. 0. 1. 0. 0. 0. 0. 0. 0. 0. 1. 0. 0. 0. 0. 0. 0. 0. 0. 0. 0. 0. 0. 1. 0. 0. 0. 0. 0.],3.0,best,1000,100,10,0.9,0.1,0.5,0.1,0.7,0.03,0.42,1,3,,problem_solving
730,0.0015504117049488916,0.07602,0.00418545241731567,0.392,0.16911279633669332,-0.0032732278156373845,[0.         0.         0.         0.         0.03126925 0.         0.         0.         0.         0.         0.         0.         0.0203862  0.         0.         0.         0.         0.         0.         0.         0.         0.         0.         0.         0.         0.94834455 0.         0.         0.         0.         0.        ],[0. 0. 0. 0. 1. 0. 0. 0. 0. 0. 0. 0. 1. 0. 0. 0. 0. 0. 0. 0. 0. 0. 0. 0. 0. 1. 0. 0. 0. 0. 0.],3.0,best,1000,100,10,0.9,0.1,0.5,0.1,0.7,0.03,0.42,1,3,,problem_solving
740,0.0015504117049488916,0.07602,0.00418545241731567,0.396,0.16585382443719424,-0.004740808115174085,[0.         0.         0.         0.         0.03126925 0.         0.         0.         0.         0.         0.         0.         0.0203862  0.         0.         0.         0.         0.         0.         0.         0.         0.         0.         0.         0.         0.94834455 0.         0.         0.         0.         0.        ],[0. 0. 0. 0. 1. 0. 0. 0. 0. 0. 0. 0. 1. 0. 0. 0. 0. 0. 0. 0. 0. 0. 0. 0. 0. 1. 0. 0. 0. 0. 0.],3.0,best,1000,100,10,0.9,0.1,0.5,0.1,0.7,0.03,0.42,1,3,,problem_solving
750,0.0015504117049488916,0.07602,0.00418545241731567,0.4,0.1626576561697786,0.009934388433259356,[0.         0.         0.         0.         0.03126925 0.         0.         0.         0.         0.         0.         0.         0.0203862  0.         0.         0.         0.         0.         0.         0.         0.         0.         0.         0.         0.         0.94834455 0.         0.         0.         0.         0.        ],[0. 0. 0. 0. 1. 0. 0. 0. 0. 0. 0. 0. 1. 0. 0. 0. 0. 0. 0. 0. 0. 0. 0. 0. 0. 1. 0. 0. 0. 0. 0.],3.0,best,1000,100,10,0.9,0.1,0.5,0.1,0.7,0.03,0.42,1,3,,problem_solving
760,0.0015504117049488916,0.07602,0.00418545241731567,0.404,0.15952308124594905,0.0026921741444803247,[0.         0.         0.         0.         0.03126925 0.         0.         0.         0.         0.         0.         0.         0.0203862  0.         0.         0.         0.         0.         0.         0.         0.         0.         0.         0.         0.         0.94834455 0.         0.         0.         0.         0.        ],[0. 0. 0. 0. 1. 0. 0. 0. 0. 0. 0. 0. 1. 0. 0. 0. 0. 0. 0. 0. 0. 0. 0. 0. 0. 1. 0. 0. 0. 0. 0.],3.0,best,1000,100,10,0.9,0.1,0.5,0.1,0.7,0.03,0.42,1,3,,problem_solving
770,0.0015504117049488916,0.07602,0.00418545241731567,0.40800000000000003,0.15644891270067235,-0.005939529253968927,[0.         0.         0.         0.         0.03126925 0.         0.         0.         0.         0.         0.         0.         0.0203862  0.         0.         0.         0.         0.         0.         0.         0.         0.         0.         0.         0.         0.94834455 0.         0.         0.         0.         0.        ],[0. 0. 0. 0. 1. 0. 0. 0. 0. 0. 0. 0. 1. 0. 0. 0. 0. 0. 0. 0. 0. 0. 0. 0. 0. 1. 0. 0. 0. 0. 0.],3.0,best,1000,100,10,0.9,0.1,0.5,0.1,0.7,0.03,0.42,1,3,,problem_solving
780,0.0015504117049488916,0.07602,0.00418545241731567,0.41200000000000003,0.15343398644291262,-0.011775704767544668,[0.         0.         0.         0.         0.03126925 0.         0.         0.         0.         0.         0.         0.         0.0203862  0.         0.         0.         0.         0.         0.         0.         0.         0.         0.         0.         0.         0.94834455 0.         0.         0.         0.         0.        ],[0. 0. 0. 0. 1. 0. 0. 0. 0. 0. 0. 0. 1. 0. 0. 0. 0. 0. 0. 0. 0. 0. 0. 0. 0. 1. 0. 0. 0. 0. 0.],3.0,best,1000,100,10,0.9,0.1,0.5,0.1,0.7,0.03,0.42,1,3,,problem_solving
790,0.0015504117049488916,0.07602,0.00418545241731567,0.41600000000000004,0.1504771608148269,0.003684258412409521,[0.         0.         0.         0.         0.03126925 0.         0.         0.         0.         0.         0.         0.         0.0203862  0.         0.         0.         0.         0.         0.         0.         0.         0.         0.         0.         0.         0.94834455 0.         0.         0.         0.         0.        ],[0. 0. 0. 0. 1. 0. 0. 0. 0. 0. 0. 0. 1. 0. 0. 0. 0. 0. 0. 0. 0. 0. 0. 0. 0. 1. 0. 0. 0. 0. 0.],3.0,best,1000,100,10,0.9,0.1,0.5,0.1,0.7,0.03,0.42,1,3,,problem_solving
800,0.0015504117049488916,0.07602,0.00418545241731567,0.42000000000000004,0.1475773161594552,0.00434080776142075,[0.         0.         0.         0.         0.03126925 0.         0.         0.         0.         0.         0.         0.         0.0203862  0.         0.         0.         0.         0.         0.         0.         0.         0.         0.         0.         0.         0.94834455 0.         0.         0.         0.         0.        ],[0. 0. 0. 0. 1. 0. 0. 0. 0. 0. 0. 0. 1. 0. 0. 0. 0. 0. 0. 0. 0. 0. 0. 0. 0. 1. 0. 0. 0. 0. 0.],3.0,best,1000,100,10,0.9,0.1,0.5,0.1,0.7,0.03,0.42,1,3,,problem_solving
810,0.0015504117049488916,0.07602,0.00418545241731567,0.42400000000000004,0.1447333543967415,-0.0011519431427121187,[0.         0.         0.         0.         0.03126925 0.         0.         0.         0.         0.         0.         0.         0.0203862  0.         0.         0.         0.         0.         0.         0.         0.         0.         0.         0.         0.         0.94834455 0.         0.         0.         0.         0.        ],[0. 0. 0. 0. 1. 0. 0. 0. 0. 0. 0. 0. 1. 0. 0. 0. 0. 0. 0. 0. 0. 0. 0. 0. 0. 1. 0. 0. 0. 0. 0.],3.0,best,1000,100,10,0.9,0.1,0.5,0.1,0.7,0.03,0.42,1,3,,problem_solving
820,0.0015504117049488916,0.07602,0.00418545241731567,0.42800000000000005,0.1419441986077252,0.00757084668045116,[0.         0.         0.         0.         0.03126925 0.         0.         0.         0.         0.         0.         0.         0.0203862  0.         0.         0.         0.         0.         0.         0.         0.         0.         0.         0.         0.         0.94834455 0.         0.         0.         0.         0.        ],[0. 0. 0. 0. 1. 0. 0. 0. 0. 0. 0. 0. 1. 0. 0. 0. 0. 0. 0. 0. 0. 0. 0. 0. 0. 1. 0. 0. 0. 0. 0.],3.0,best,1000,100,10,0.9,0.1,0.5,0.1,0.7,0.03,0.42,1,3,,problem_solving
830,0.0015504117049488916,0.07602,0.00418545241731567,0.43200000000000005,0.13920879262674613,0.003546366478020947,[0.         0.         0.         0.         0.03126925 0.         0.         0.         0.         0.         0.         0.         0.0203862  0.         0.         0.         0.         0.         0.         0.         0.         0.         0.         0.         0.         0.94834455 0.         0.         0.         0.         0.        ],[0. 0. 0. 0. 1. 0. 0. 0. 0. 0. 0. 0. 1. 0. 0. 0. 0. 0. 0. 0. 0. 0. 0. 0. 0. 1. 0. 0. 0. 0. 0.],3.0,best,1000,100,10,0.9,0.1,0.5,0.1,0.7,0.03,0.42,1,3,,problem_solving
840,0.0015504117049488916,0.07602,0.00418545241731567,0.43600000000000005,0.1365261006415074,-0.0029876928525830924,[0.         0.         0.         0.         0.03126925 0.         0.         0.         0.         0.         0.         0.         0.0203862  0.         0.         0.         0.         0.         0.         0.         0.         0.         0.         0.         0.         0.94834455 0.         0.         0.         0.         0.        ],[0. 0. 0. 0. 1. 0. 0. 0. 0. 0. 0. 0. 1. 0. 0. 0. 0. 0. 0. 0. 0. 0. 0. 0. 0. 1. 0. 0. 0. 0. 0.],3.0,best,1000,100,10,0.9,0.1,0.5,0.1,0.7,0.03,0.42,1,3,,problem_solving
850,0.0015504117049488916,0.07602,0.00418545241731567,0.44000000000000006,0.1338951068008461,0.006520236582784127,[0.         0.         0.         0.         0.03126925 0.         0.         0.         0.         0.         0.         0.         0.0203862  0.         0.         0.         0.         0.         0.         0.         0.         0.         0.         0.         0.         0.94834455 0.         0.         0.         0.         0.        ],[0. 0. 0. 0. 1. 0. 0. 0. 0. 0. 0. 0. 1. 0. 0. 0. 0. 0. 0. 0. 0. 0. 0. 0. 0. 1. 0. 0. 0. 0. 0.],3.0,best,1000,100,10,0.9,0.1,0.5,0.1,0.7,0.03,0.42,1,3,,problem_solving
860,0.0015504117049488916,0.07602,0.00418545241731567,0.44400000000000006,0.1313148148300622,0.0034635133669119337,[0.         0.         0.         0.         0.03126925 0.         0.         0.         0.         0.         0.         0.         0.0203862  0.         0.         0.         0.         0.         0.         0.         0.         0.         0.         0.         0.         0.94834455 0.         0.         0.         0.         0.        ],[0. 0. 0. 0. 1. 0. 0. 0. 0. 0. 0. 0. 1. 0. 0. 0. 0. 0. 0. 0. 0. 0. 0. 0. 0. 1. 0. 0. 0. 0. 0.],3.0,best,1000,100,10,0.9,0.1,0.5,0.1,0.7,0.03,0.42,1,3,,problem_solving
870,0.0015504117049488916,0.07602,0.00418545241731567,0.44800000000000006,0.12878424765366075,0.0014322993852967148,[0.         0.         0.         0.         0.03126925 0.         0.         0.         0.         0.         0.         0.         0.0203862  0.         0.         0.         0.         0.         0.         0.         0.         0.         0.         0.         0.         0.94834455 0.         0.         0.         0.         0.        ],[0. 0. 0. 0. 1. 0. 0. 0. 0. 0. 0. 0. 1. 0. 0. 0. 0. 0. 0. 0. 0. 0. 0. 0. 0. 1. 0. 0. 0. 0. 0.],3.0,best,1000,100,10,0.9,0.1,0.5,0.1,0.7,0.03,0.42,1,3,,problem_solving
880,0.0015504117049488916,0.07602,0.00418545241731567,0.45200000000000007,0.12630244702536408,0.00043838469670870006,[0.         0.         0.         0.         0.03126925 0.         0.         0.         0.         0.         0.         0.         0.0203862  0.         0.         0.         0.         0.         0.         0.         0.         0.         0.         0.         0.         0.94834455 0.         0.         0.         0.         0.        ],[0. 0. 0. 0. 1. 0. 0. 0. 0. 0. 0. 0. 1. 0. 0. 0. 0. 0. 0. 0. 0. 0. 0. 0. 0. 1. 0. 0. 0. 0. 0.],3.0,best,1000,100,10,0.9,0.1,0.5,0.1,0.7,0.03,0.42,1,3,,problem_solving
890,0.0015504117049488916,0.07602,0.00418545241731567,0.45600000000000007,0.12386847316525405,-0.010310036238446204,[0.         0.         0.         0.         0.03126925 0.         0.         0.         0.         0.         0.         0.         0.0203862  0.         0.         0.         0.         0.         0.         0.         0.         0.         0.         0.         0.         0.94834455 0.         0.         0.         0.         0.        ],[0. 0. 0. 0. 1. 0. 0. 0. 0. 0. 0. 0. 1. 0. 0. 0. 0. 0. 0. 0. 0. 0. 0. 0. 0. 1. 0. 0. 0. 0. 0.],3.0,best,1000,100,10,0.9,0.1,0.5,0.1,0.7,0.03,0.42,1,3,,problem_solving
900,0.0015504117049488916,0.07602,0.00418545241731567,0.4600000000000001,0.12148140440390671,-0.002888332299192921,[0.         0.         0.         0.         0.03126925 0.         0.         0.         0.         0.         0.         0.         0.0203862  0.         0.         0.         0.         0.         0.         0.         0.         0.         0.         0.         0.         0.94834455 0.         0.         0.         0.         0.        ],[0. 0. 0. 0. 1. 0. 0. 0. 0. 0. 0. 0. 1. 0. 0. 0. 0. 0. 0. 0. 0. 0. 0. 0. 0. 1. 0. 0. 0. 0. 0.],3.0,best,1000,100,10,0.9,0.1,0.5,0.1,0.7,0.03,0.42,1,3,,problem_solving
910,0.0015504117049488916,0.07602,0.00418545241731567,0.46399999999999997,0.11914033683338536,-0.006765261830808555,[0.         0.         0.         0.         0.03126925 0.         0.         0.         0.         0.         0.         0.         0.0203862  0.         0.         0.         0.         0.         0.         0.         0.         0.         0.         0.         0.         0.94834455 0.         0.         0.         0.         0.        ],[0. 0. 0. 0. 1. 0. 0. 0. 0. 0. 0. 0. 1. 0. 0. 0. 0. 0. 0. 0. 0. 0. 0. 0. 0. 1. 0. 0. 0. 0. 0.],3.0,best,1000,100,10,0.9,0.1,0.5,0.1,0.7,0.03,0.42,1,3,,problem_solving
920,0.0015504117049488916,0.07602,0.00418545241731567,0.46799999999999997,0.11684438396495887,0.0035704369381403455,[0.         0.         0.         0.         0.03126925 0.         0.         0.         0.         0.         0.         0.         0.0203862  0.         0.         0.         0.         0.         0.         0.         0.         0.         0.         0.         0.         0.94834455 0.         0.         0.         0.         0.        ],[0. 0. 0. 0. 1. 0. 0. 0. 0. 0. 0. 0. 1. 0. 0. 0. 0. 0. 0. 0. 0. 0. 0. 0. 0. 1. 0. 0. 0. 0. 0.],3.0,best,1000,100,10,0.9,0.1,0.5,0.1,0.7,0.03,0.42,1,3,,problem_solving
930,0.0015504117049488916,0.07602,0.00418545241731567,0.472,0.11459267639341625,-0.001674109993807114,[0.         0.         0.         0.         0.03126925 0.         0.         0.         0.         0.         0.         0.         0.0203862  0.         0.         0.         0.         0.         0.         0.         0.         0.         0.         0.         0.         0.94834455 0.         0.         0.         0.         0.        ],[0. 0. 0. 0. 1. 0. 0. 0. 0. 0. 0. 0. 1. 0. 0. 0. 0. 0. 0. 0. 0. 0. 0. 0. 0. 1. 0. 0. 0. 0. 0.],3.0,best,1000,100,10,0.9,0.1,0.5,0.1,0.7,0.03,0.42,1,3,,problem_solving
940,0.0015504117049488916,0.07602,0.00418545241731567,0.476,0.11238436146785019,-0.0014794965442466075,[0.         0.         0.         0.         0.03126925 0.         0.         0.         0.         0.         0.         0.         0.0203862  0.         0.         0.         0.         0.         0.         0.         0.         0.         0.         0.         0.         0.94834455 0.         0.         0.         0.         0.        ],[0. 0. 0. 0. 1. 0. 0. 0. 0. 0. 0. 0. 1. 0. 0. 0. 0. 0. 0. 0. 0. 0. 0. 0. 0. 1. 0. 0. 0. 0. 0.],3.0,best,1000,100,10,0.9,0.1,0.5,0.1,0.7,0.03,0.42,1,3,,problem_solving
950,0.0015504117049488916,0.07602,0.00418545241731567,0.48,0.11021860296878504,-0.0014002026052176856,[0.         0.         0.         0.         0.03126925 0.         0.         0.         0.         0.         0.         0.         0.0203862  0.         0.         0.         0.         0.         0.         0.         0.         0.         0.         0.         0.         0.94834455 0.         0.         0.         0.         0.        ],[0. 0. 0. 0. 1. 0. 0. 0. 0. 0. 0. 0. 1. 0. 0. 0. 0. 0. 0. 0. 0. 0. 0. 0. 0. 1. 0. 0. 0. 0. 0.],3.0,best,1000,100,10,0.9,0.1,0.5,0.1,0.7,0.03,0.42,1,3,,problem_solving
960,0.0015504117049488916,0.07602,0.00418545241731567,0.484,0.10809458079152667,0.005751013217601592,[0.         0.         0.         0.         0.03126925 0.         0.         0.         0.         0.         0.         0.         0.0203862  0.         0.         0.         0.         0.         0.         0.         0.         0.         0.         0.         0.         0.94834455 0.         0.         0.         0.         0.        ],[0. 0. 0. 0. 1. 0. 0. 0. 0. 0. 0. 0. 1. 0. 0. 0. 0. 0. 0. 0. 0. 0. 0. 0. 0. 1. 0. 0. 0. 0. 0.],3.0,best,1000,100,10,0.9,0.1,0.5,0.1,0.7,0.03,0.42,1,3,,problem_solving
970,0.0015504117049488916,0.07602,0.00418545241731567,0.488,0.10601149063561469,0.0010125165300994363,[0.         0.         0.         0.         0.03126925 0.         0.         0.         0.         0.         0.         0.         0.0203862  0.         0.         0.         0.         0.         0.         0.         0.         0.         0.         0.         0.         0.94834455 0.         0.         0.         0.         0.        ],[0. 0. 0. 0. 1. 0. 0. 0. 0. 0. 0. 0. 1. 0. 0. 0. 0. 0. 0. 0. 0. 0. 0. 0. 0. 1. 0. 0. 0. 0. 0.],3.0,best,1000,100,10,0.9,0.1,0.5,0.1,0.7,0.03,0.42,1,3,,problem_solving
980,0.0015504117049488916,0.07602,0.00418545241731567,0.492,0.10396854370025903,-0.004046729992175866,[0.         0.         0.         0.         0.03126925 0.         0.         0.         0.         0.         0.         0.         0.0203862  0.         0.         0.         0.         0.         0.         0.         0.         0.         0.         0.         0.         0.94834455 0.         0.         0.         0.         0.        ],[0. 0. 0. 0. 1. 0. 0. 0. 0. 0. 0. 0. 1. 0. 0. 0. 0. 0. 0. 0. 0. 0. 0. 0. 0. 1. 0. 0. 0. 0. 0.],3.0,best,1000,100,10,0.9,0.1,0.5,0.1,0.7,0.03,0.42,1,3,,problem_solving
990,0.0015504117049488916,0.07602,0.00418545241731567,0.496,0.10196496638564592,-0.003243281832411876,[0.         0.         0.         0.         0.03126925 0.         0.         0.         0.         0.         0.         0.         0.0203862  0.         0.         0.         0.         0.         0.         0.         0.         0.         0.         0.         0.         0.94834455 0.         0.         0.         0.         0.        ],[0. 0. 0. 0. 1. 0. 0. 0. 0. 0. 0. 0. 1. 0. 0. 0. 0. 0. 0. 0. 0. 0. 0. 0. 0. 1. 0. 0. 0. 0. 0.],3.0,best,1000,100,10,0.9,0.1,0.5,0.1,0.7,0.03,0.42,1,3,,problem_solving
999,0.0015504117049488916,0.07602,0.00418545241731567,0.49960000000000004,0.100194780466086,0.002925967371262043,[0.         0.         0.         0.         0.03126925 0.         0.         0.         0.         0.         0.         0.         0.0203862  0.         0.         0.         0.         0.         0.         0.         0.         0.         0.         0.         0.         0.94834455 0.         0.         0.         0.         0.        ],[0. 0. 0. 0. 1. 0. 0. 0. 0. 0. 0. 0. 1. 0. 0. 0. 0. 0. 0. 0. 0. 0. 0. 0. 0. 1. 0. 0. 0. 0. 0.],3.0,best,1000,100,10,0.9,0.1,0.5,0.1,0.7,0.03,0.42,1,3,,problem_solving
