iter,cost,risk,return,par,bw,move,X,Z,Q,pop_init,max_iter,pop_size,mem_size,mem_consider,par_min,par_max,bw_min,bw_max,sigma,lambda,port_n,k,seed,tag
1,0.02055431906925979,0.087198,0.0032873778734500946,0.1004,0.69863918733465,0.026477431818422714,[0.         0.         0.         0.         0.02026965 0.         0.         0.         0.         0.         0.         0.         0.02026965 0.         0.         0.         0.         0.         0.         0.         0.         0.         0.         0.         0.         0.95946069 0.         0.         0.         0.         0.        ],[0. 0. 0. 0. 1. 0. 0. 0. 0. 0. 0. 0. 1. 0. 0. 0. 0. 0. 0. 0. 0. 0. 0. 0. 0. 1. 0. 0. 0. 0. 0.],3.0,best,1000,100,10,0.9,0.1,0.5,0.1,0.7,0.03,0.42,1,3,,problem_solving
10,0.013898599219638813,0.082453,0.0024281855576674264,0.10400000000000001,0.6865103033060405,-0.019012899474227112,[0.         0.         0.         0.         0.         0.         0.         0.01975378 0.         0.         0.         0.         0.         0.         0.         0.         0.         0.         0.03537337 0.         0.         0.         0.         0.         0.         0.94487285 0.         0.         0.         0.         0.        ],[0. 0. 0. 0. 0. 0. 0. 1. 0. 0. 0. 0. 0. 0. 0. 0. 0. 0. 1. 0. 0. 0. 0. 0. 0. 1. 0. 0. 0. 0. 0.],3.0,best,1000,100,10,0.9,0.1,0.5,0.1,0.7,0.03,0.42,1,3,,problem_solving
20,0.013898599219638813,0.082453,0.0024281855576674264,0.10800000000000001,0.6732805664933595,0.031104424403433657,[0.         0.         0.         0.         0.         0.         0.         0.01975378 0.         0.         0.         0.         0.         0.         0.         0.         0.         0.         0.03537337 0.         0.         0.         0.         0.         0.         0.94487285 0.         0.         0.         0.         0.        ],[0. 0. 0. 0. 0. 0. 0. 1. 0. 0. 0. 0. 0. 0. 0. 0. 0. 0. 1. 0. 0. 0. 0. 0. 0. 1. 0. 0. 0. 0. 0.],3.0,best,1000,100,10,0.9,0.1,0.5,0.1,0.7,0.03,0.42,1,3,,problem_solving
30,0.013898599219638813,0.082453,0.0024281855576674264,0.112,0.6603057798763129,0.01501729610246995,[0.         0.         0.         0.         0.         0.         0.         0.01975378 0.         0.         0.         0.         0.         0.         0.         0.         0.         0.         0.03537337 0.         0.         0.         0.         0.         0.         0.94487285 0.         0.         0.         0.         0.        ],[0. 0. 0. 0. 0. 0. 0. 1. 0. 0. 0. 0. 0. 0. 0. 0. 0. 0. 1. 0. 0. 0. 0. 0. 0. 1. 0. 0. 0. 0. 0.],3.0,best,1000,100,10,0.9,0.1,0.5,0.1,0.7,0.03,0.42,1,3,,problem_solving
40,0.013898599219638813,0.082453,0.0024281855576674264,0.116,0.6475810303108847,-0.04808895080869793,[0.         0.         0.         0.         0.         0.         0.         0.01975378 0.         0.         0.         0.         0.         0.         0.         0.         0.         0.         0.03537337 0.         0.         0.         0.         0.         0.         0.94487285 0.         0.         0.         0.         0.        ],[0. 0. 0. 0. 0. 0. 0. 1. 0. 0. 0. 0. 0. 0. 0. 0. 0. 0. 1. 0. 0. 0. 0. 0. 0. 1. 0. 0. 0. 0. 0.],3.0,best,1000,100,10,0.9,0.1,0.5,0.1,0.7,0.03,0.42,1,3,,problem_solving
50,0.013898599219638813,0.082453,0.0024281855576674264,0.12000000000000001,0.6351014993342337,0.004580523853437265,[0.         0.         0.         0.         0.         0.         0.         0.01975378 0.         0.         0.         0.         0.         0.         0.         0.         0.         0.         0.03537337 0.         0.         0.         0.         0.         0.         0.94487285 0.         0.         0.         0.         0.        ],[0. 0. 0. 0. 0. 0. 0. 1. 0. 0. 0. 0. 0. 0. 0. 0. 0. 0. 1. 0. 0. 0. 0. 0. 0. 1. 0. 0. 0. 0. 0.],3.0,best,1000,100,10,0.9,0.1,0.5,0.1,0.7,0.03,0.42,1,3,,problem_solving
60,0.013898599219638813,0.082453,0.0024281855576674264,0.124,0.622862461340094,-0.014605667908605319,[0.         0.         0.         0.         0.         0.         0.         0.01975378 0.         0.         0.         0.         0.         0.         0.         0.         0.         0.         0.03537337 0.         0.         0.         0.         0.         0.         0.94487285 0.         0.         0.         0.         0.        ],[0. 0. 0. 0. 0. 0. 0. 1. 0. 0. 0. 0. 0. 0. 0. 0. 0. 0. 1. 0. 0. 0. 0. 0. 0. 1. 0. 0. 0. 0. 0.],3.0,best,1000,100,10,0.9,0.1,0.5,0.1,0.7,0.03,0.42,1,3,,problem_solving
70,0.013898599219638813,0.082453,0.0024281855576674264,0.128,0.6108592817893356,-0.018985519254756764,[0.         0.         0.         0.         0.         0.         0.         0.01975378 0.         0.         0.         0.         0.         0.         0.         0.         0.         0.         0.03537337 0.         0.         0.         0.         0.         0.         0.94487285 0.         0.         0.         0.         0.        ],[0. 0. 0. 0. 0. 0. 0. 1. 0. 0. 0. 0. 0. 0. 0. 0. 0. 0. 1. 0. 0. 0. 0. 0. 0. 1. 0. 0. 0. 0. 0.],3.0,best,1000,100,10,0.9,0.1,0.5,0.1,0.7,0.03,0.42,1,3,,problem_solving
80,0.013898599219638813,0.082453,0.0024281855576674264,0.132,0.5990874154550098,0.013573552733316285,[0.         0.         0.         0.         0.         0.         0.         0.01975378 0.         0.         0.         0.         0.         0.         0.         0.         0.         0.         0.03537337 0.         0.         0.         0.         0.         0.         0.94487285 0.         0.         0.         0.         0.        ],[0. 0. 0. 0. 0. 0. 0. 1. 0. 0. 0. 0. 0. 0. 0. 0. 0. 0. 1. 0. 0. 0. 0. 0. 0. 1. 0. 0. 0. 0. 0.],3.0,best,1000,100,10,0.9,0.1,0.5,0.1,0.7,0.03,0.42,1,3,,problem_solving
90,0.013898599219638813,0.082453,0.0024281855576674264,0.136,0.5875424047012152,0.026666476786714837,[0.         0.         0.         0.         0.         0.         0.         0.01975378 0.         0.         0.         0.         0.         0.         0.         0.         0.         0.         0.03537337 0.         0.         0.         0.         0.         0.         0.94487285 0.         0.         0.         0.         0.        ],[0. 0. 0. 0. 0. 0. 0. 1. 0. 0. 0. 0. 0. 0. 0. 0. 0. 0. 1. 0. 0. 0. 0. 0. 0. 1. 0. 0. 0. 0. 0.],3.0,best,1000,100,10,0.9,0.1,0.5,0.1,0.7,0.03,0.42,1,3,,problem_solving
100,0.013898599219638813,0.082453,0.0024281855576674264,0.14,0.576219877795131,-0.021190433835450787,[0.         0.         0.         0.         0.         0.         0.         0.01975378 0.         0.         0.         0.         0.         0.         0.         0.         0.         0.         0.03537337 0.         0.         0.         0.         0.         0.         0.94487285 0.         0.         0.         0.         0.        ],[0. 0. 0. 0. 0. 0. 0. 1. 0. 0. 0. 0. 0. 0. 0. 0. 0. 0. 1. 0. 0. 0. 0. 0. 0. 1. 0. 0. 0. 0. 0.],3.0,best,1000,100,10,0.9,0.1,0.5,0.1,0.7,0.03,0.42,1,3,,problem_solving
110,0.013898599219638813,0.082453,0.0024281855576674264,0.14400000000000002,0.5651155472515784,-0.013763986990604169,[0.         0.         0.         0.         0.         0.         0.         0.01975378 0.         0.         0.         0.         0.         0.         0.         0.         0.         0.         0.03537337 0.         0.         0.         0.         0.         0.         0.94487285 0.         0.         0.         0.         0.        ],[0. 0. 0. 0. 0. 0. 0. 1. 0. 0. 0. 0. 0. 0. 0. 0. 0. 0. 1. 0. 0. 0. 0. 0. 0. 1. 0. 0. 0. 0. 0.],3.0,best,1000,100,10,0.9,0.1,0.5,0.1,0.7,0.03,0.42,1,3,,problem_solving
120,0.012294786957921869,0.087198,0.0032873778734500946,0.14800000000000002,0.554225208209486,0.0038492700533702584,[0.         0.         0.         0.         0.02026965 0.         0.         0.         0.         0.         0.         0.         0.02026965 0.         0.         0.         0.         0.         0.         0.         0.         0.         0.         0.         0.         0.95946069 0.         0.         0.         0.         0.        ],[0. 0. 0. 0. 1. 0. 0. 0. 0. 0. 0. 0. 1. 0. 0. 0. 0. 0. 0. 0. 0. 0. 0. 0. 0. 1. 0. 0. 0. 0. 0.],3.0,best,1000,100,10,0.9,0.1,0.5,0.1,0.7,0.03,0.42,1,3,,problem_solving
130,0.012294786957921869,0.087198,0.0032873778734500946,0.15200000000000002,0.5435447368396396,0.0045553285178512905,[0.         0.         0.         0.         0.02026965 0.         0.         0.         0.         0.         0.         0.         0.02026965 0.         0.         0.         0.         0.         0.         0.         0.         0.         0.         0.         0.         0.95946069 0.         0.         0.         0.         0.        ],[0. 0. 0. 0. 1. 0. 0. 0. 0. 0. 0. 0. 1. 0. 0. 0. 0. 0. 0. 0. 0. 0. 0. 0. 0. 1. 0. 0. 0. 0. 0.],3.0,best,1000,100,10,0.9,0.1,0.5,0.1,0.7,0.03,0.42,1,3,,problem_solving
140,0.011624740888725293,0.087927,0.006128987840340444,0.156,0.5330700887831185,0.0034679075594956175,[0.         0.         0.         0.         0.         0.         0.01999479 0.         0.         0.         0.         0.         0.         0.         0.         0.         0.         0.         0.         0.         0.         0.         0.         0.         0.         0.96001042 0.         0.         0.01999479 0.         0.        ],[0. 0. 0. 0. 0. 0. 1. 0. 0. 0. 0. 0. 0. 0. 0. 0. 0. 0. 0. 0. 0. 0. 0. 0. 0. 1. 0. 0. 1. 0. 0.],3.0,best,1000,100,10,0.9,0.1,0.5,0.1,0.7,0.03,0.42,1,3,,problem_solving
150,0.003082506032914705,0.073696,0.004549384079585816,0.16,0.5227972976198237,-0.014542445940848175,[0.         0.         0.         0.02387483 0.         0.         0.         0.         0.         0.         0.         0.         0.         0.         0.         0.         0.         0.         0.         0.         0.02387483 0.         0.         0.         0.         0.95225034 0.         0.         0.         0.         0.        ],[0. 0. 0. 1. 0. 0. 0. 0. 0. 0. 0. 0. 0. 0. 0. 0. 0. 0. 0. 0. 1. 0. 0. 0. 0. 1. 0. 0. 0. 0. 0.],3.0,best,1000,100,10,0.9,0.1,0.5,0.1,0.7,0.03,0.42,1,3,,problem_solving
160,0.003082506032914705,0.073696,0.004549384079585816,0.164,0.5127224733665192,-0.025858335695688586,[0.         0.         0.         0.02387483 0.         0.         0.         0.         0.         0.         0.         0.         0.         0.         0.         0.         0.         0.         0.         0.         0.02387483 0.         0.         0.         0.         0.95225034 0.         0.         0.         0.         0.        ],[0. 0. 0. 1. 0. 0. 0. 0. 0. 0. 0. 0. 0. 0. 0. 0. 0. 0. 0. 0. 1. 0. 0. 0. 0. 1. 0. 0. 0. 0. 0.],3.0,best,1000,100,10,0.9,0.1,0.5,0.1,0.7,0.03,0.42,1,3,,problem_solving
170,0.003082506032914705,0.073696,0.004549384079585816,0.168,0.5028418010038177,-0.021949953429350494,[0.         0.         0.         0.02387483 0.         0.         0.         0.         0.         0.         0.         0.         0.         0.         0.         0.         0.         0.         0.         0.         0.02387483 0.         0.         0.         0.         0.95225034 0.         0.         0.         0.         0.        ],[0. 0. 0. 1. 0. 0. 0. 0. 0. 0. 0. 0. 0. 0. 0. 0. 0. 0. 0. 0. 1. 0. 0. 0. 0. 1. 0. 0. 0. 0. 0.],3.0,best,1000,100,10,0.9,0.1,0.5,0.1,0.7,0.03,0.42,1,3,,problem_solving
180,0.003082506032914705,0.073696,0.004549384079585816,0.17200000000000001,0.4931515390315523,-0.01415449568277972,[0.         0.         0.         0.02387483 0.         0.         0.         0.         0.         0.         0.         0.         0.         0.         0.         0.         0.         0.         0.         0.         0.02387483 0.         0.         0.         0.         0.95225034 0.         0.         0.         0.         0.        ],[0. 0. 0. 1. 0. 0. 0. 0. 0. 0. 0. 0. 0. 0. 0. 0. 0. 0. 0. 0. 1. 0. 0. 0. 0. 1. 0. 0. 0. 0. 0.],3.0,best,1000,100,10,0.9,0.1,0.5,0.1,0.7,0.03,0.42,1,3,,problem_solving
190,0.003082506032914705,0.073696,0.004549384079585816,0.176,0.48364801805198804,-0.018065107261874217,[0.         0.         0.         0.02387483 0.         0.         0.         0.         0.         0.         0.         0.         0.         0.         0.         0.         0.         0.         0.         0.         0.02387483 0.         0.         0.         0.         0.95225034 0.         0.         0.         0.         0.        ],[0. 0. 0. 1. 0. 0. 0. 0. 0. 0. 0. 0. 0. 0. 0. 0. 0. 0. 0. 0. 1. 0. 0. 0. 0. 1. 0. 0. 0. 0. 0.],3.0,best,1000,100,10,0.9,0.1,0.5,0.1,0.7,0.03,0.42,1,3,,problem_solving
200,0.0024983671097274537,0.085616,0.004427040191421606,0.18,0.4743276393803366,-0.027315480283134897,[0.02076382 0.         0.         0.         0.         0.         0.         0.02076382 0.         0.         0.         0.         0.         0.         0.         0.         0.         0.         0.         0.         0.         0.         0.         0.         0.         0.95847236 0.         0.         0.         0.         0.        ],[1. 0. 0. 0. 0. 0. 0. 1. 0. 0. 0. 0. 0. 0. 0. 0. 0. 0. 0. 0. 0. 0. 0. 0. 0. 1. 0. 0. 0. 0. 0.],3.0,best,1000,100,10,0.9,0.1,0.5,0.1,0.7,0.03,0.42,1,3,,problem_solving
210,0.0024983671097274537,0.085616,0.004427040191421606,0.184,0.4651868736820473,-0.011367897687621708,[0.02076382 0.         0.         0.         0.         0.         0.         0.02076382 0.         0.         0.         0.         0.         0.         0.         0.         0.         0.         0.         0.         0.         0.         0.         0.         0.         0.95847236 0.         0.         0.         0.         0.        ],[1. 0. 0. 0. 0. 0. 0. 1. 0. 0. 0. 0. 0. 0. 0. 0. 0. 0. 0. 0. 0. 0. 0. 0. 0. 1. 0. 0. 0. 0. 0.],3.0,best,1000,100,10,0.9,0.1,0.5,0.1,0.7,0.03,0.42,1,3,,problem_solving
220,0.0024983671097274537,0.085616,0.004427040191421606,0.188,0.4562222596363586,0.005357392430459106,[0.02076382 0.         0.         0.         0.         0.         0.         0.02076382 0.         0.         0.         0.         0.         0.         0.         0.         0.         0.         0.         0.         0.         0.         0.         0.         0.         0.95847236 0.         0.         0.         0.         0.        ],[1. 0. 0. 0. 0. 0. 0. 1. 0. 0. 0. 0. 0. 0. 0. 0. 0. 0. 0. 0. 0. 0. 0. 0. 0. 1. 0. 0. 0. 0. 0.],3.0,best,1000,100,10,0.9,0.1,0.5,0.1,0.7,0.03,0.42,1,3,,problem_solving
230,0.0024983671097274537,0.085616,0.004427040191421606,0.192,0.44743040262560535,-0.01192879432947025,[0.02076382 0.         0.         0.         0.         0.         0.         0.02076382 0.         0.         0.         0.         0.         0.         0.         0.         0.         0.         0.         0.         0.         0.         0.         0.         0.         0.95847236 0.         0.         0.         0.         0.        ],[1. 0. 0. 0. 0. 0. 0. 1. 0. 0. 0. 0. 0. 0. 0. 0. 0. 0. 0. 0. 0. 0. 0. 0. 0. 1. 0. 0. 0. 0. 0.],3.0,best,1000,100,10,0.9,0.1,0.5,0.1,0.7,0.03,0.42,1,3,,problem_solving
240,0.0024983671097274537,0.085616,0.004427040191421606,0.196,0.438807973449783,0.0017880807295963651,[0.02076382 0.         0.         0.         0.         0.         0.         0.02076382 0.         0.         0.         0.         0.         0.         0.         0.         0.         0.         0.         0.         0.         0.         0.         0.         0.         0.95847236 0.         0.         0.         0.         0.        ],[1. 0. 0. 0. 0. 0. 0. 1. 0. 0. 0. 0. 0. 0. 0. 0. 0. 0. 0. 0. 0. 0. 0. 0. 0. 1. 0. 0. 0. 0. 0.],3.0,best,1000,100,10,0.9,0.1,0.5,0.1,0.7,0.03,0.42,1,3,,problem_solving
250,0.0024983671097274537,0.085616,0.004427040191421606,0.2,0.430351707065885,0.01534503581850051,[0.02076382 0.         0.         0.         0.         0.         0.         0.02076382 0.         0.         0.         0.         0.         0.         0.         0.         0.         0.         0.         0.         0.         0.         0.         0.         0.         0.95847236 0.         0.         0.         0.         0.        ],[1. 0. 0. 0. 0. 0. 0. 1. 0. 0. 0. 0. 0. 0. 0. 0. 0. 0. 0. 0. 0. 0. 0. 0. 0. 1. 0. 0. 0. 0. 0.],3.0,best,1000,100,10,0.9,0.1,0.5,0.1,0.7,0.03,0.42,1,3,,problem_solving
260,0.0024983671097274537,0.085616,0.004427040191421606,0.20400000000000001,0.4220584013515329,-0.0019199203647787128,[0.02076382 0.         0.         0.         0.         0.         0.         0.02076382 0.         0.         0.         0.         0.         0.         0.         0.         0.         0.         0.         0.         0.         0.         0.         0.         0.         0.95847236 0.         0.         0.         0.         0.        ],[1. 0. 0. 0. 0. 0. 0. 1. 0. 0. 0. 0. 0. 0. 0. 0. 0. 0. 0. 0. 0. 0. 0. 0. 0. 1. 0. 0. 0. 0. 0.],3.0,best,1000,100,10,0.9,0.1,0.5,0.1,0.7,0.03,0.42,1,3,,problem_solving
270,0.0024983671097274537,0.085616,0.004427040191421606,0.20800000000000002,0.4139249158924335,0.002325517708052939,[0.02076382 0.         0.         0.         0.         0.         0.         0.02076382 0.         0.         0.         0.         0.         0.         0.         0.         0.         0.         0.         0.         0.         0.         0.         0.         0.         0.95847236 0.         0.         0.         0.         0.        ],[1. 0. 0. 0. 0. 0. 0. 1. 0. 0. 0. 0. 0. 0. 0. 0. 0. 0. 0. 0. 0. 0. 0. 0. 0. 1. 0. 0. 0. 0. 0.],3.0,best,1000,100,10,0.9,0.1,0.5,0.1,0.7,0.03,0.42,1,3,,problem_solving
280,0.0024983671097274537,0.085616,0.004427040191421606,0.21200000000000002,0.40594817079320256,0.0032831957330861326,[0.02076382 0.         0.         0.         0.         0.         0.         0.02076382 0.         0.         0.         0.         0.         0.         0.         0.         0.         0.         0.         0.         0.         0.         0.         0.         0.         0.95847236 0.         0.         0.         0.         0.        ],[1. 0. 0. 0. 0. 0. 0. 1. 0. 0. 0. 0. 0. 0. 0. 0. 0. 0. 0. 0. 0. 0. 0. 0. 0. 1. 0. 0. 0. 0. 0.],3.0,best,1000,100,10,0.9,0.1,0.5,0.1,0.7,0.03,0.42,1,3,,problem_solving
290,0.0024983671097274537,0.085616,0.004427040191421606,0.21600000000000003,0.3981251455111055,0.005664796315760023,[0.02076382 0.         0.         0.         0.         0.         0.         0.02076382 0.         0.         0.         0.         0.         0.         0.         0.         0.         0.         0.         0.         0.         0.         0.         0.         0.         0.95847236 0.         0.         0.         0.         0.        ],[1. 0. 0. 0. 0. 0. 0. 1. 0. 0. 0. 0. 0. 0. 0. 0. 0. 0. 0. 0. 0. 0. 0. 0. 0. 1. 0. 0. 0. 0. 0.],3.0,best,1000,100,10,0.9,0.1,0.5,0.1,0.7,0.03,0.42,1,3,,problem_solving
300,0.0024983671097274537,0.085616,0.004427040191421606,0.22000000000000003,0.3904528777122722,-0.005054047568659813,[0.02076382 0.         0.         0.         0.         0.         0.         0.02076382 0.         0.         0.         0.         0.         0.         0.         0.         0.         0.         0.         0.         0.         0.         0.         0.         0.         0.95847236 0.         0.         0.         0.         0.        ],[1. 0. 0. 0. 0. 0. 0. 1. 0. 0. 0. 0. 0. 0. 0. 0. 0. 0. 0. 0. 0. 0. 0. 0. 0. 1. 0. 0. 0. 0. 0.],3.0,best,1000,100,10,0.9,0.1,0.5,0.1,0.7,0.03,0.42,1,3,,problem_solving
310,0.0024983671097274537,0.085616,0.004427040191421606,0.224,0.3829284621499548,-0.007128941657196108,[0.02076382 0.         0.         0.         0.         0.         0.         0.02076382 0.         0.         0.         0.         0.         0.         0.         0.         0.         0.         0.         0.         0.         0.         0.         0.         0.         0.95847236 0.         0.         0.         0.         0.        ],[1. 0. 0. 0. 0. 0. 0. 1. 0. 0. 0. 0. 0. 0. 0. 0. 0. 0. 0. 0. 0. 0. 0. 0. 0. 1. 0. 0. 0. 0. 0.],3.0,best,1000,100,10,0.9,0.1,0.5,0.1,0.7,0.03,0.42,1,3,,problem_solving
320,0.0024983671097274537,0.085616,0.004427040191421606,0.228,0.3755490495644016,-0.005725250614843342,[0.02076382 0.         0.         0.         0.         0.         0.         0.02076382 0.         0.         0.         0.         0.         0.         0.         0.         0.         0.         0.         0.         0.         0.         0.         0.         0.         0.95847236 0.         0.         0.         0.         0.        ],[1. 0. 0. 0. 0. 0. 0. 1. 0. 0. 0. 0. 0. 0. 0. 0. 0. 0. 0. 0. 0. 0. 0. 0. 0. 1. 0. 0. 0. 0. 0.],3.0,best,1000,100,10,0.9,0.1,0.5,0.1,0.7,0.03,0.42,1,3,,problem_solving
330,0.0024983671097274537,0.085616,0.004427040191421606,0.232,0.3683118456039322,0.027688158985000055,[0.02076382 0.         0.         0.         0.         0.         0.         0.02076382 0.         0.         0.         0.         0.         0.         0.         0.         0.         0.         0.         0.         0.         0.         0.         0.         0.         0.95847236 0.         0.         0.         0.         0.        ],[1. 0. 0. 0. 0. 0. 0. 1. 0. 0. 0. 0. 0. 0. 0. 0. 0. 0. 0. 0. 0. 0. 0. 0. 0. 1. 0. 0. 0. 0. 0.],3.0,best,1000,100,10,0.9,0.1,0.5,0.1,0.7,0.03,0.42,1,3,,problem_solving
340,0.0024983671097274537,0.085616,0.004427040191421606,0.23600000000000002,0.3612141097668044,-0.00969138301482363,[0.02076382 0.         0.         0.         0.         0.         0.         0.02076382 0.         0.         0.         0.         0.         0.         0.         0.         0.         0.         0.         0.         0.         0.         0.         0.         0.         0.95847236 0.         0.         0.         0.         0.        ],[1. 0. 0. 0. 0. 0. 0. 1. 0. 0. 0. 0. 0. 0. 0. 0. 0. 0. 0. 0. 0. 0. 0. 0. 0. 1. 0. 0. 0. 0. 0.],3.0,best,1000,100,10,0.9,0.1,0.5,0.1,0.7,0.03,0.42,1,3,,problem_solving
350,0.0024983671097274537,0.085616,0.004427040191421606,0.24000000000000002,0.3542531543634719,-0.0052545080123992385,[0.02076382 0.         0.         0.         0.         0.         0.         0.02076382 0.         0.         0.         0.         0.         0.         0.         0.         0.         0.         0.         0.         0.         0.         0.         0.         0.         0.95847236 0.         0.         0.         0.         0.        ],[1. 0. 0. 0. 0. 0. 0. 1. 0. 0. 0. 0. 0. 0. 0. 0. 0. 0. 0. 0. 0. 0. 0. 0. 0. 1. 0. 0. 0. 0. 0.],3.0,best,1000,100,10,0.9,0.1,0.5,0.1,0.7,0.03,0.42,1,3,,problem_solving
360,0.0024983671097274537,0.085616,0.004427040191421606,0.24400000000000002,0.3474263434988409,-0.007767780936897767,[0.02076382 0.         0.         0.         0.         0.         0.         0.02076382 0.         0.         0.         0.         0.         0.         0.         0.         0.         0.         0.         0.         0.         0.         0.         0.         0.         0.95847236 0.         0.         0.         0.         0.        ],[1. 0. 0. 0. 0. 0. 0. 1. 0. 0. 0. 0. 0. 0. 0. 0. 0. 0. 0. 0. 0. 0. 0. 0. 0. 1. 0. 0. 0. 0. 0.],3.0,best,1000,100,10,0.9,0.1,0.5,0.1,0.7,0.03,0.42,1,3,,problem_solving
370,0.0024983671097274537,0.085616,0.004427040191421606,0.24800000000000003,0.3407310920741399,-0.008321191030804791,[0.02076382 0.         0.         0.         0.         0.         0.         0.02076382 0.         0.         0.         0.         0.         0.         0.         0.         0.         0.         0.         0.         0.         0.         0.         0.         0.         0.95847236 0.         0.         0.         0.         0.        ],[1. 0. 0. 0. 0. 0. 0. 1. 0. 0. 0. 0. 0. 0. 0. 0. 0. 0. 0. 0. 0. 0. 0. 0. 0. 1. 0. 0. 0. 0. 0.],3.0,best,1000,100,10,0.9,0.1,0.5,0.1,0.7,0.03,0.42,1,3,,problem_solving
380,0.0024983671097274537,0.085616,0.004427040191421606,0.252,0.33416486480802304,-0.005933361881909052,[0.02076382 0.         0.         0.         0.         0.         0.         0.02076382 0.         0.         0.         0.         0.         0.         0.         0.         0.         0.         0.         0.         0.         0.         0.         0.         0.         0.95847236 0.         0.         0.         0.         0.        ],[1. 0. 0. 0. 0. 0. 0. 1. 0. 0. 0. 0. 0. 0. 0. 0. 0. 0. 0. 0. 0. 0. 0. 0. 0. 1. 0. 0. 0. 0. 0.],3.0,best,1000,100,10,0.9,0.1,0.5,0.1,0.7,0.03,0.42,1,3,,problem_solving
390,0.0024983671097274537,0.085616,0.004427040191421606,0.256,0.3277251752765399,-0.008397773291584263,[0.02076382 0.         0.         0.         0.         0.         0.         0.02076382 0.         0.         0.         0.         0.         0.         0.         0.         0.         0.         0.         0.         0.         0.         0.         0.         0.         0.95847236 0.         0.         0.         0.         0.        ],[1. 0. 0. 0. 0. 0. 0. 1. 0. 0. 0. 0. 0. 0. 0. 0. 0. 0. 0. 0. 0. 0. 0. 0. 0. 1. 0. 0. 0. 0. 0.],3.0,best,1000,100,10,0.9,0.1,0.5,0.1,0.7,0.03,0.42,1,3,,problem_solving
400,0.0024983671097274537,0.085616,0.004427040191421606,0.26,0.3214095849716039,-0.0005437498835553018,[0.02076382 0.         0.         0.         0.         0.         0.         0.02076382 0.         0.         0.         0.         0.         0.         0.         0.         0.         0.         0.         0.         0.         0.         0.         0.         0.         0.95847236 0.         0.         0.         0.         0.        ],[1. 0. 0. 0. 0. 0. 0. 1. 0. 0. 0. 0. 0. 0. 0. 0. 0. 0. 0. 0. 0. 0. 0. 0. 0. 1. 0. 0. 0. 0. 0.],3.0,best,1000,100,10,0.9,0.1,0.5,0.1,0.7,0.03,0.42,1,3,,problem_solving
410,0.0024983671097274537,0.085616,0.004427040191421606,0.264,0.31521570237760627,0.002014671823940024,[0.02076382 0.         0.         0.         0.         0.         0.         0.02076382 0.         0.         0.         0.         0.         0.         0.         0.         0.         0.         0.         0.         0.         0.         0.         0.         0.         0.95847236 0.         0.         0.         0.         0.        ],[1. 0. 0. 0. 0. 0. 0. 1. 0. 0. 0. 0. 0. 0. 0. 0. 0. 0. 0. 0. 0. 0. 0. 0. 0. 1. 0. 0. 0. 0. 0.],3.0,best,1000,100,10,0.9,0.1,0.5,0.1,0.7,0.03,0.42,1,3,,problem_solving
420,0.0024983671097274537,0.085616,0.004427040191421606,0.268,0.30914118206582436,0.0040428640061869695,[0.02076382 0.         0.         0.         0.         0.         0.         0.02076382 0.         0.         0.         0.         0.         0.         0.         0.         0.         0.         0.         0.         0.         0.         0.         0.         0.         0.95847236 0.         0.         0.         0.         0.        ],[1. 0. 0. 0. 0. 0. 0. 1. 0. 0. 0. 0. 0. 0. 0. 0. 0. 0. 0. 0. 0. 0. 0. 0. 0. 1. 0. 0. 0. 0. 0.],3.0,best,1000,100,10,0.9,0.1,0.5,0.1,0.7,0.03,0.42,1,3,,problem_solving
430,0.0024983671097274537,0.085616,0.004427040191421606,0.272,0.3031837238062814,0.005657489697896489,[0.02076382 0.         0.         0.         0.         0.         0.         0.02076382 0.         0.         0.         0.         0.         0.         0.         0.         0.         0.         0.         0.         0.         0.         0.         0.         0.         0.95847236 0.         0.         0.         0.         0.        ],[1. 0. 0. 0. 0. 0. 0. 1. 0. 0. 0. 0. 0. 0. 0. 0. 0. 0. 0. 0. 0. 0. 0. 0. 0. 1. 0. 0. 0. 0. 0.],3.0,best,1000,100,10,0.9,0.1,0.5,0.1,0.7,0.03,0.42,1,3,,problem_solving
440,0.0024983671097274537,0.085616,0.004427040191421606,0.276,0.29734107169672147,0.012514107135319941,[0.02076382 0.         0.         0.         0.         0.         0.         0.02076382 0.         0.         0.         0.         0.         0.         0.         0.         0.         0.         0.         0.         0.         0.         0.         0.         0.         0.95847236 0.         0.         0.         0.         0.        ],[1. 0. 0. 0. 0. 0. 0. 1. 0. 0. 0. 0. 0. 0. 0. 0. 0. 0. 0. 0. 0. 0. 0. 0. 0. 1. 0. 0. 0. 0. 0.],3.0,best,1000,100,10,0.9,0.1,0.5,0.1,0.7,0.03,0.42,1,3,,problem_solving
450,0.0024983671097274537,0.085616,0.004427040191421606,0.28,0.2916110133083706,-0.013538526615208353,[0.02076382 0.         0.         0.         0.         0.         0.         0.02076382 0.         0.         0.         0.         0.         0.         0.         0.         0.         0.         0.         0.         0.         0.         0.         0.         0.         0.95847236 0.         0.         0.         0.         0.        ],[1. 0. 0. 0. 0. 0. 0. 1. 0. 0. 0. 0. 0. 0. 0. 0. 0. 0. 0. 0. 0. 0. 0. 0. 0. 1. 0. 0. 0. 0. 0.],3.0,best,1000,100,10,0.9,0.1,0.5,0.1,0.7,0.03,0.42,1,3,,problem_solving
460,0.0024983671097274537,0.085616,0.004427040191421606,0.28400000000000003,0.285991378848159,0.00221900157948516,[0.02076382 0.         0.         0.         0.         0.         0.         0.02076382 0.         0.         0.         0.         0.         0.         0.         0.         0.         0.         0.         0.         0.         0.         0.         0.         0.         0.95847236 0.         0.         0.         0.         0.        ],[1. 0. 0. 0. 0. 0. 0. 1. 0. 0. 0. 0. 0. 0. 0. 0. 0. 0. 0. 0. 0. 0. 0. 0. 0. 1. 0. 0. 0. 0. 0.],3.0,best,1000,100,10,0.9,0.1,0.5,0.1,0.7,0.03,0.42,1,3,,problem_solving
470,0.0024983671097274537,0.085616,0.004427040191421606,0.28800000000000003,0.2804800403370891,-0.004055460186389017,[0.02076382 0.         0.         0.         0.         0.         0.         0.02076382 0.         0.         0.         0.         0.         0.         0.         0.         0.         0.         0.         0.         0.         0.         0.         0.         0.         0.95847236 0.         0.         0.         0.         0.        ],[1. 0. 0. 0. 0. 0. 0. 1. 0. 0. 0. 0. 0. 0. 0. 0. 0. 0. 0. 0. 0. 0. 0. 0. 0. 1. 0. 0. 0. 0. 0.],3.0,best,1000,100,10,0.9,0.1,0.5,0.1,0.7,0.03,0.42,1,3,,problem_solving
480,0.0024983671097274537,0.085616,0.004427040191421606,0.29200000000000004,0.27507491080443647,-0.009004090475650116,[0.02076382 0.         0.         0.         0.         0.         0.         0.02076382 0.         0.         0.         0.         0.         0.         0.         0.         0.         0.         0.         0.         0.         0.         0.         0.         0.         0.95847236 0.         0.         0.         0.         0.        ],[1. 0. 0. 0. 0. 0. 0. 1. 0. 0. 0. 0. 0. 0. 0. 0. 0. 0. 0. 0. 0. 0. 0. 0. 0. 1. 0. 0. 0. 0. 0.],3.0,best,1000,100,10,0.9,0.1,0.5,0.1,0.7,0.03,0.42,1,3,,problem_solving
490,0.0024983671097274537,0.085616,0.004427040191421606,0.29600000000000004,0.2697739434974796,-0.00790991863886419,[0.02076382 0.         0.         0.         0.         0.         0.         0.02076382 0.         0.         0.         0.         0.         0.         0.         0.         0.         0.         0.         0.         0.         0.         0.         0.         0.         0.95847236 0.         0.         0.         0.         0.        ],[1. 0. 0. 0. 0. 0. 0. 1. 0. 0. 0. 0. 0. 0. 0. 0. 0. 0. 0. 0. 0. 0. 0. 0. 0. 1. 0. 0. 0. 0. 0.],3.0,best,1000,100,10,0.9,0.1,0.5,0.1,0.7,0.03,0.42,1,3,,problem_solving
500,0.0024983671097274537,0.085616,0.004427040191421606,0.30000000000000004,0.2645751311064591,-0.006699225187825089,[0.02076382 0.         0.         0.         0.         0.         0.         0.02076382 0.         0.         0.         0.         0.         0.         0.         0.         0.         0.         0.         0.         0.         0.         0.         0.         0.         0.95847236 0.         0.         0.         0.         0.        ],[1. 0. 0. 0. 0. 0. 0. 1. 0. 0. 0. 0. 0. 0. 0. 0. 0. 0. 0. 0. 0. 0. 0. 0. 0. 1. 0. 0. 0. 0. 0.],3.0,best,1000,100,10,0.9,0.1,0.5,0.1,0.7,0.03,0.42,1,3,,problem_solving
510,0.0024983671097274537,0.085616,0.004427040191421606,0.30400000000000005,0.25947650500447234,-0.0049623631404224,[0.02076382 0.         0.         0.         0.         0.         0.         0.02076382 0.         0.         0.         0.         0.         0.         0.         0.         0.         0.         0.         0.         0.         0.         0.         0.         0.         0.95847236 0.         0.         0.         0.         0.        ],[1. 0. 0. 0. 0. 0. 0. 1. 0. 0. 0. 0. 0. 0. 0. 0. 0. 0. 0. 0. 0. 0. 0. 0. 0. 1. 0. 0. 0. 0. 0.],3.0,best,1000,100,10,0.9,0.1,0.5,0.1,0.7,0.03,0.42,1,3,,problem_solving
520,0.0024983671097274537,0.085616,0.004427040191421606,0.30800000000000005,0.2544761345020166,0.0010300091582941219,[0.02076382 0.         0.         0.         0.         0.         0.         0.02076382 0.         0.         0.         0.         0.         0.         0.         0.         0.         0.         0.         0.         0.         0.         0.         0.         0.         0.95847236 0.         0.         0.         0.         0.        ],[1. 0. 0. 0. 0. 0. 0. 1. 0. 0. 0. 0. 0. 0. 0. 0. 0. 0. 0. 0. 0. 0. 0. 0. 0. 1. 0. 0. 0. 0. 0.],3.0,best,1000,100,10,0.9,0.1,0.5,0.1,0.7,0.03,0.42,1,3,,problem_solving
530,0.0024983671097274537,0.085616,0.004427040191421606,0.31200000000000006,0.24957212611589738,-0.0029800784798503384,[0.02076382 0.         0.         0.         0.         0.         0.         0.02076382 0.         0.         0.         0.         0.         0.         0.         0.         0.         0.         0.         0.         0.         0.         0.         0.         0.         0.95847236 0.         0.         0.         0.         0.        ],[1. 0. 0. 0. 0. 0. 0. 1. 0. 0. 0. 0. 0. 0. 0. 0. 0. 0. 0. 0. 0. 0. 0. 0. 0. 1. 0. 0. 0. 0. 0.],3.0,best,1000,100,10,0.9,0.1,0.5,0.1,0.7,0.03,0.42,1,3,,problem_solving
540,0.0024983671097274537,0.085616,0.004427040191421606,0.316,0.24476262285222591,0.0047433938853017115,[0.02076382 0.         0.         0.         0.         0.         0.         0.02076382 0.         0.         0.         0.         0.         0.         0.         0.         0.         0.         0.         0.         0.         0.         0.         0.         0.         0.95847236 0.         0.         0.         0.         0.        ],[1. 0. 0. 0. 0. 0. 0. 1. 0. 0. 0. 0. 0. 0. 0. 0. 0. 0. 0. 0. 0. 0. 0. 0. 0. 1. 0. 0. 0. 0. 0.],3.0,best,1000,100,10,0.9,0.1,0.5,0.1,0.7,0.03,0.42,1,3,,problem_solving
550,0.0024983671097274537,0.085616,0.004427040191421606,0.32,0.24004580350323373,0.008692452961187258,[0.02076382 0.         0.         0.         0.         0.         0.         0.02076382 0.         0.         0.         0.         0.         0.         0.         0.         0.         0.         0.         0.         0.         0.         0.         0.         0.         0.95847236 0.         0.         0.         0.         0.        ],[1. 0. 0. 0. 0. 0. 0. 1. 0. 0. 0. 0. 0. 0. 0. 0. 0. 0. 0. 0. 0. 0. 0. 0. 0. 1. 0. 0. 0. 0. 0.],3.0,best,1000,100,10,0.9,0.1,0.5,0.1,0.7,0.03,0.42,1,3,,problem_solving
560,0.0024983671097274537,0.085616,0.004427040191421606,0.324,0.23541988195763883,0.0016684164988758005,[0.02076382 0.         0.         0.         0.         0.         0.         0.02076382 0.         0.         0.         0.         0.         0.         0.         0.         0.         0.         0.         0.         0.         0.         0.         0.         0.         0.95847236 0.         0.         0.         0.         0.        ],[1. 0. 0. 0. 0. 0. 0. 1. 0. 0. 0. 0. 0. 0. 0. 0. 0. 0. 0. 0. 0. 0. 0. 0. 0. 1. 0. 0. 0. 0. 0.],3.0,best,1000,100,10,0.9,0.1,0.5,0.1,0.7,0.03,0.42,1,3,,problem_solving
570,0.0024983671097274537,0.085616,0.004427040191421606,0.328,0.23088310652430125,0.006293797702064258,[0.02076382 0.         0.         0.         0.         0.         0.         0.02076382 0.         0.         0.         0.         0.         0.         0.         0.         0.         0.         0.         0.         0.         0.         0.         0.         0.         0.95847236 0.         0.         0.         0.         0.        ],[1. 0. 0. 0. 0. 0. 0. 1. 0. 0. 0. 0. 0. 0. 0. 0. 0. 0. 0. 0. 0. 0. 0. 0. 0. 1. 0. 0. 0. 0. 0.],3.0,best,1000,100,10,0.9,0.1,0.5,0.1,0.7,0.03,0.42,1,3,,problem_solving
580,0.0008146490936783565,0.087198,0.0032873778734500946,0.332,0.22643375926891277,0.003941710725227991,[0.         0.         0.         0.         0.02026965 0.         0.         0.         0.         0.         0.         0.         0.02026965 0.         0.         0.         0.         0.         0.         0.         0.         0.         0.         0.         0.         0.95946069 0.         0.         0.         0.         0.        ],[0. 0. 0. 0. 1. 0. 0. 0. 0. 0. 0. 0. 1. 0. 0. 0. 0. 0. 0. 0. 0. 0. 0. 0. 0. 1. 0. 0. 0. 0. 0.],3.0,best,1000,100,10,0.9,0.1,0.5,0.1,0.7,0.03,0.42,1,3,,problem_solving
590,0.0008146490936783565,0.087198,0.0032873778734500946,0.336,0.22207015536346894,0.009609200855759387,[0.         0.         0.         0.         0.02026965 0.         0.         0.         0.         0.         0.         0.         0.02026965 0.         0.         0.         0.         0.         0.         0.         0.         0.         0.         0.         0.         0.95946069 0.         0.         0.         0.         0.        ],[0. 0. 0. 0. 1. 0. 0. 0. 0. 0. 0. 0. 1. 0. 0. 0. 0. 0. 0. 0. 0. 0. 0. 0. 0. 1. 0. 0. 0. 0. 0.],3.0,best,1000,100,10,0.9,0.1,0.5,0.1,0.7,0.03,0.42,1,3,,problem_solving
600,0.0008146490936783565,0.087198,0.0032873778734500946,0.34,0.21779064244827798,0.003777693015505339,[0.         0.         0.         0.         0.02026965 0.         0.         0.         0.         0.         0.         0.         0.02026965 0.         0.         0.         0.         0.         0.         0.         0.         0.         0.         0.         0.         0.95946069 0.         0.         0.         0.         0.        ],[0. 0. 0. 0. 1. 0. 0. 0. 0. 0. 0. 0. 1. 0. 0. 0. 0. 0. 0. 0. 0. 0. 0. 0. 0. 1. 0. 0. 0. 0. 0.],3.0,best,1000,100,10,0.9,0.1,0.5,0.1,0.7,0.03,0.42,1,3,,problem_solving
610,0.0008146490936783565,0.087198,0.0032873778734500946,0.34400000000000003,0.2135936000062639,-0.005815792564329004,[0.         0.         0.         0.         0.02026965 0.         0.         0.         0.         0.         0.         0.         0.02026965 0.         0.         0.         0.         0.         0.         0.         0.         0.         0.         0.         0.         0.95946069 0.         0.         0.         0.         0.        ],[0. 0. 0. 0. 1. 0. 0. 0. 0. 0. 0. 0. 1. 0. 0. 0. 0. 0. 0. 0. 0. 0. 0. 0. 0. 1. 0. 0. 0. 0. 0.],3.0,best,1000,100,10,0.9,0.1,0.5,0.1,0.7,0.03,0.42,1,3,,problem_solving
620,0.0008146490936783565,0.087198,0.0032873778734500946,0.348,0.20947743874932764,0.014120988163842866,[0.         0.         0.         0.         0.02026965 0.         0.         0.         0.         0.         0.         0.         0.02026965 0.         0.         0.         0.         0.         0.         0.         0.         0.         0.         0.         0.         0.95946069 0.         0.         0.         0.         0.        ],[0. 0. 0. 0. 1. 0. 0. 0. 0. 0. 0. 0. 1. 0. 0. 0. 0. 0. 0. 0. 0. 0. 0. 0. 0. 1. 0. 0. 0. 0. 0.],3.0,best,1000,100,10,0.9,0.1,0.5,0.1,0.7,0.03,0.42,1,3,,problem_solving
630,0.0008146490936783565,0.087198,0.0032873778734500946,0.352,0.20544060001653347,-0.003716439038485702,[0.         0.         0.         0.         0.02026965 0.         0.         0.         0.         0.         0.         0.         0.02026965 0.         0.         0.         0.         0.         0.         0.         0.         0.         0.         0.         0.         0.95946069 0.         0.         0.         0.         0.        ],[0. 0. 0. 0. 1. 0. 0. 0. 0. 0. 0. 0. 1. 0. 0. 0. 0. 0. 0. 0. 0. 0. 0. 0. 0. 1. 0. 0. 0. 0. 0.],3.0,best,1000,100,10,0.9,0.1,0.5,0.1,0.7,0.03,0.42,1,3,,problem_solving
640,0.0008146490936783565,0.087198,0.0032873778734500946,0.356,0.20148155518389335,-0.004429579194056415,[0.         0.         0.         0.         0.02026965 0.         0.         0.         0.         0.         0.         0.         0.02026965 0.         0.         0.         0.         0.         0.         0.         0.         0.         0.         0.         0.         0.95946069 0.         0.         0.         0.         0.        ],[0. 0. 0. 0. 1. 0. 0. 0. 0. 0. 0. 0. 1. 0. 0. 0. 0. 0. 0. 0. 0. 0. 0. 0. 0. 1. 0. 0. 0. 0. 0.],3.0,best,1000,100,10,0.9,0.1,0.5,0.1,0.7,0.03,0.42,1,3,,problem_solving
650,0.0008146490936783565,0.087198,0.0032873778734500946,0.36,0.19759880508552483,-0.0055443534600645335,[0.         0.         0.         0.         0.02026965 0.         0.         0.         0.         0.         0.         0.         0.02026965 0.         0.         0.         0.         0.         0.         0.         0.         0.         0.         0.         0.         0.95946069 0.         0.         0.         0.         0.        ],[0. 0. 0. 0. 1. 0. 0. 0. 0. 0. 0. 0. 1. 0. 0. 0. 0. 0. 0. 0. 0. 0. 0. 0. 0. 1. 0. 0. 0. 0. 0.],3.0,best,1000,100,10,0.9,0.1,0.5,0.1,0.7,0.03,0.42,1,3,,problem_solving
660,0.0008146490936783565,0.087198,0.0032873778734500946,0.364,0.19379087944596401,0.009225955150517787,[0.         0.         0.         0.         0.02026965 0.         0.         0.         0.         0.         0.         0.         0.02026965 0.         0.         0.         0.         0.         0.         0.         0.         0.         0.         0.         0.         0.95946069 0.         0.         0.         0.         0.        ],[0. 0. 0. 0. 1. 0. 0. 0. 0. 0. 0. 0. 1. 0. 0. 0. 0. 0. 0. 0. 0. 0. 0. 0. 0. 1. 0. 0. 0. 0. 0.],3.0,best,1000,100,10,0.9,0.1,0.5,0.1,0.7,0.03,0.42,1,3,,problem_solving
670,0.0008146490936783565,0.087198,0.0032873778734500946,0.368,0.1900563363234187,-0.0001228808077644025,[0.         0.         0.         0.         0.02026965 0.         0.         0.         0.         0.         0.         0.         0.02026965 0.         0.         0.         0.         0.         0.         0.         0.         0.         0.         0.         0.         0.95946069 0.         0.         0.         0.         0.        ],[0. 0. 0. 0. 1. 0. 0. 0. 0. 0. 0. 0. 1. 0. 0. 0. 0. 0. 0. 0. 0. 0. 0. 0. 0. 1. 0. 0. 0. 0. 0.],3.0,best,1000,100,10,0.9,0.1,0.5,0.1,0.7,0.03,0.42,1,3,,problem_solving
680,0.0008146490936783565,0.087198,0.0032873778734500946,0.372,0.18639376156374998,0.0023270052223281546,[0.         0.         0.         0.         0.02026965 0.         0.         0.         0.         0.         0.         0.         0.02026965 0.         0.         0.         0.         0.         0.         0.         0.         0.         0.         0.         0.         0.95946069 0.         0.         0.         0.         0.        ],[0. 0. 0. 0. 1. 0. 0. 0. 0. 0. 0. 0. 1. 0. 0. 0. 0. 0. 0. 0. 0. 0. 0. 0. 0. 1. 0. 0. 0. 0. 0.],3.0,best,1000,100,10,0.9,0.1,0.5,0.1,0.7,0.03,0.42,1,3,,problem_solving
690,0.0008146490936783565,0.087198,0.0032873778734500946,0.376,0.1828017682649769,0.01145552930512889,[0.         0.         0.         0.         0.02026965 0.         0.         0.         0.         0.         0.         0.         0.02026965 0.         0.         0.         0.         0.         0.         0.         0.         0.         0.         0.         0.         0.95946069 0.         0.         0.         0.         0.        ],[0. 0. 0. 0. 1. 0. 0. 0. 0. 0. 0. 0. 1. 0. 0. 0. 0. 0. 0. 0. 0. 0. 0. 0. 0. 1. 0. 0. 0. 0. 0.],3.0,best,1000,100,10,0.9,0.1,0.5,0.1,0.7,0.03,0.42,1,3,,problem_solving
700,0.0008146490936783565,0.087198,0.0032873778734500946,0.38,0.17927899625209975,-0.0026907589475955833,[0.         0.         0.         0.         0.02026965 0.         0.         0.         0.         0.         0.         0.         0.02026965 0.         0.         0.         0.         0.         0.         0.         0.         0.         0.         0.         0.         0.95946069 0.         0.         0.         0.         0.        ],[0. 0. 0. 0. 1. 0. 0. 0. 0. 0. 0. 0. 1. 0. 0. 0. 0. 0. 0. 0. 0. 0. 0. 0. 0. 1. 0. 0. 0. 0. 0.],3.0,best,1000,100,10,0.9,0.1,0.5,0.1,0.7,0.03,0.42,1,3,,problem_solving
710,0.0008146490936783565,0.087198,0.0032873778734500946,0.384,0.17582411156204497,0.004302768555448726,[0.         0.         0.         0.         0.02026965 0.         0.         0.         0.         0.         0.         0.         0.02026965 0.         0.         0.         0.         0.         0.         0.         0.         0.         0.         0.         0.         0.95946069 0.         0.         0.         0.         0.        ],[0. 0. 0. 0. 1. 0. 0. 0. 0. 0. 0. 0. 1. 0. 0. 0. 0. 0. 0. 0. 0. 0. 0. 0. 0. 1. 0. 0. 0. 0. 0.],3.0,best,1000,100,10,0.9,0.1,0.5,0.1,0.7,0.03,0.42,1,3,,problem_solving
720,0.0008146490936783565,0.087198,0.0032873778734500946,0.388,0.17243580593853514,0.005724724720764118,[0.         0.         0.         0.         0.02026965 0.         0.         0.         0.         0.         0.         0.         0.02026965 0.         0.         0.         0.         0.         0.         0.         0.         0.         0.         0.         0.         0.95946069 0.         0.         0.         0.         0.        ],[0. 0. 0. 0. 1. 0. 0. 0. 0. 0. 0. 0. 1. 0. 0. 0. 0. 0. 0. 0. 0. 0. 0. 0. 0. 1. 0. 0. 0. 0. 0.],3.0,best,1000,100,10,0.9,0.1,0.5,0.1,0.7,0.03,0.42,1,3,,problem_solving
730,0.0008146490936783565,0.087198,0.0032873778734500946,0.392,0.16911279633669332,0.003643419684272031,[0.         0.         0.         0.         0.02026965 0.         0.         0.         0.         0.         0.         0.         0.02026965 0.         0.         0.         0.         0.         0.         0.         0.         0.         0.         0.         0.         0.95946069 0.         0.         0.         0.         0.        ],[0. 0. 0. 0. 1. 0. 0. 0. 0. 0. 0. 0. 1. 0. 0. 0. 0. 0. 0. 0. 0. 0. 0. 0. 0. 1. 0. 0. 0. 0. 0.],3.0,best,1000,100,10,0.9,0.1,0.5,0.1,0.7,0.03,0.42,1,3,,problem_solving
740,0.0008146490936783565,0.087198,0.0032873778734500946,0.396,0.16585382443719424,0.002826820886929389,[0.         0.         0.         0.         0.02026965 0.         0.         0.         0.         0.         0.         0.         0.02026965 0.         0.         0.         0.         0.         0.         0.         0.         0.         0.         0.         0.         0.95946069 0.         0.         0.         0.         0.        ],[0. 0. 0. 0. 1. 0. 0. 0. 0. 0. 0. 0. 1. 0. 0. 0. 0. 0. 0. 0. 0. 0. 0. 0. 0. 1. 0. 0. 0. 0. 0.],3.0,best,1000,100,10,0.9,0.1,0.5,0.1,0.7,0.03,0.42,1,3,,problem_solving
750,0.0008146490936783565,0.087198,0.0032873778734500946,0.4,0.1626576561697786,0.00026487881861440534,[0.         0.         0.         0.         0.02026965 0.         0.         0.         0.         0.         0.         0.         0.02026965 0.         0.         0.         0.         0.         0.         0.         0.         0.         0.         0.         0.         0.95946069 0.         0.         0.         0.         0.        ],[0. 0. 0. 0. 1. 0. 0. 0. 0. 0. 0. 0. 1. 0. 0. 0. 0. 0. 0. 0. 0. 0. 0. 0. 0. 1. 0. 0. 0. 0. 0.],3.0,best,1000,100,10,0.9,0.1,0.5,0.1,0.7,0.03,0.42,1,3,,problem_solving
760,0.0008146490936783565,0.087198,0.0032873778734500946,0.404,0.15952308124594905,-0.0006232407950009907,[0.         0.         0.         0.         0.02026965 0.         0.         0.         0.         0.         0.         0.         0.02026965 0.         0.         0.         0.         0.         0.         0.         0.         0.         0.         0.         0.         0.95946069 0.         0.         0.         0.         0.        ],[0. 0. 0. 0. 1. 0. 0. 0. 0. 0. 0. 0. 1. 0. 0. 0. 0. 0. 0. 0. 0. 0. 0. 0. 0. 1. 0. 0. 0. 0. 0.],3.0,best,1000,100,10,0.9,0.1,0.5,0.1,0.7,0.03,0.42,1,3,,problem_solving
770,0.0008146490936783565,0.087198,0.0032873778734500946,0.40800000000000003,0.15644891270067235,0.004477730879126152,[0.         0.         0.         0.         0.02026965 0.         0.         0.         0.         0.         0.         0.         0.02026965 0.         0.         0.         0.         0.         0.         0.         0.         0.         0.         0.         0.         0.95946069 0.         0.         0.         0.         0.        ],[0. 0. 0. 0. 1. 0. 0. 0. 0. 0. 0. 0. 1. 0. 0. 0. 0. 0. 0. 0. 0. 0. 0. 0. 0. 1. 0. 0. 0. 0. 0.],3.0,best,1000,100,10,0.9,0.1,0.5,0.1,0.7,0.03,0.42,1,3,,problem_solving
780,0.0008146490936783565,0.087198,0.0032873778734500946,0.41200000000000003,0.15343398644291262,-0.008895041002812168,[0.         0.         0.         0.         0.02026965 0.         0.         0.         0.         0.         0.         0.         0.02026965 0.         0.         0.         0.         0.         0.         0.         0.         0.         0.         0.         0.         0.95946069 0.         0.         0.         0.         0.        ],[0. 0. 0. 0. 1. 0. 0. 0. 0. 0. 0. 0. 1. 0. 0. 0. 0. 0. 0. 0. 0. 0. 0. 0. 0. 1. 0. 0. 0. 0. 0.],3.0,best,1000,100,10,0.9,0.1,0.5,0.1,0.7,0.03,0.42,1,3,,problem_solving
790,0.0008146490936783565,0.087198,0.0032873778734500946,0.41600000000000004,0.1504771608148269,-0.006133906671204306,[0.         0.         0.         0.         0.02026965 0.         0.         0.         0.         0.         0.         0.         0.02026965 0.         0.         0.         0.         0.         0.         0.         0.         0.         0.         0.         0.         0.95946069 0.         0.         0.         0.         0.        ],[0. 0. 0. 0. 1. 0. 0. 0. 0. 0. 0. 0. 1. 0. 0. 0. 0. 0. 0. 0. 0. 0. 0. 0. 0. 1. 0. 0. 0. 0. 0.],3.0,best,1000,100,10,0.9,0.1,0.5,0.1,0.7,0.03,0.42,1,3,,problem_solving
800,0.0008146490936783565,0.087198,0.0032873778734500946,0.42000000000000004,0.1475773161594552,0.0034138594642007503,[0.         0.         0.         0.         0.02026965 0.         0.         0.         0.         0.         0.         0.         0.02026965 0.         0.         0.         0.         0.         0.         0.         0.         0.         0.         0.         0.         0.95946069 0.         0.         0.         0.         0.        ],[0. 0. 0. 0. 1. 0. 0. 0. 0. 0. 0. 0. 1. 0. 0. 0. 0. 0. 0. 0. 0. 0. 0. 0. 0. 1. 0. 0. 0. 0. 0.],3.0,best,1000,100,10,0.9,0.1,0.5,0.1,0.7,0.03,0.42,1,3,,problem_solving
810,0.0008146490936783565,0.087198,0.0032873778734500946,0.42400000000000004,0.1447333543967415,0.0017168444295573755,[0.         0.         0.         0.         0.02026965 0.         0.         0.         0.         0.         0.         0.         0.02026965 0.         0.         0.         0.         0.         0.         0.         0.         0.         0.         0.         0.         0.95946069 0.         0.         0.         0.         0.        ],[0. 0. 0. 0. 1. 0. 0. 0. 0. 0. 0. 0. 1. 0. 0. 0. 0. 0. 0. 0. 0. 0. 0. 0. 0. 1. 0. 0. 0. 0. 0.],3.0,best,1000,100,10,0.9,0.1,0.5,0.1,0.7,0.03,0.42,1,3,,problem_solving
820,0.0008146490936783565,0.087198,0.0032873778734500946,0.42800000000000005,0.1419441986077252,-0.0008575942053817488,[0.         0.         0.         0.         0.02026965 0.         0.         0.         0.         0.         0.         0.         0.02026965 0.         0.         0.         0.         0.         0.         0.         0.         0.         0.         0.         0.         0.95946069 0.         0.         0.         0.         0.        ],[0. 0. 0. 0. 1. 0. 0. 0. 0. 0. 0. 0. 1. 0. 0. 0. 0. 0. 0. 0. 0. 0. 0. 0. 0. 1. 0. 0. 0. 0. 0.],3.0,best,1000,100,10,0.9,0.1,0.5,0.1,0.7,0.03,0.42,1,3,,problem_solving
830,0.0008146490936783565,0.087198,0.0032873778734500946,0.43200000000000005,0.13920879262674613,0.006648612443082935,[0.         0.         0.         0.         0.02026965 0.         0.         0.         0.         0.         0.         0.         0.02026965 0.         0.         0.         0.         0.         0.         0.         0.         0.         0.         0.         0.         0.95946069 0.         0.         0.         0.         0.        ],[0. 0. 0. 0. 1. 0. 0. 0. 0. 0. 0. 0. 1. 0. 0. 0. 0. 0. 0. 0. 0. 0. 0. 0. 0. 1. 0. 0. 0. 0. 0.],3.0,best,1000,100,10,0.9,0.1,0.5,0.1,0.7,0.03,0.42,1,3,,problem_solving
840,0.0006537314957066453,0.054657,0.003975889486997265,0.43600000000000005,0.1365261006415074,-0.004269832200029988,[0.         0.         0.         0.         0.02587159 0.         0.         0.         0.         0.         0.         0.         0.         0.         0.         0.         0.         0.         0.         0.         0.         0.         0.         0.         0.         0.94453012 0.         0.0295983  0.         0.         0.        ],[0. 0. 0. 0. 1. 0. 0. 0. 0. 0. 0. 0. 0. 0. 0. 0. 0. 0. 0. 0. 0. 0. 0. 0. 0. 1. 0. 1. 0. 0. 0.],3.0,best,1000,100,10,0.9,0.1,0.5,0.1,0.7,0.03,0.42,1,3,,problem_solving
850,0.0006537314957066453,0.054657,0.003975889486997265,0.44000000000000006,0.1338951068008461,-0.00459207040142483,[0.         0.         0.         0.         0.02587159 0.         0.         0.         0.         0.         0.         0.         0.         0.         0.         0.         0.         0.         0.         0.         0.         0.         0.         0.         0.         0.94453012 0.         0.0295983  0.         0.         0.        ],[0. 0. 0. 0. 1. 0. 0. 0. 0. 0. 0. 0. 0. 0. 0. 0. 0. 0. 0. 0. 0. 0. 0. 0. 0. 1. 0. 1. 0. 0. 0.],3.0,best,1000,100,10,0.9,0.1,0.5,0.1,0.7,0.03,0.42,1,3,,problem_solving
860,0.0006537314957066453,0.054657,0.003975889486997265,0.44400000000000006,0.1313148148300622,-0.0023964360877839685,[0.         0.         0.         0.         0.02587159 0.         0.         0.         0.         0.         0.         0.         0.         0.         0.         0.         0.         0.         0.         0.         0.         0.         0.         0.         0.         0.94453012 0.         0.0295983  0.         0.         0.        ],[0. 0. 0. 0. 1. 0. 0. 0. 0. 0. 0. 0. 0. 0. 0. 0. 0. 0. 0. 0. 0. 0. 0. 0. 0. 1. 0. 1. 0. 0. 0.],3.0,best,1000,100,10,0.9,0.1,0.5,0.1,0.7,0.03,0.42,1,3,,problem_solving
870,0.0006537314957066453,0.054657,0.003975889486997265,0.44800000000000006,0.12878424765366075,0.0006762157149009408,[0.         0.         0.         0.         0.02587159 0.         0.         0.         0.         0.         0.         0.         0.         0.         0.         0.         0.         0.         0.         0.         0.         0.         0.         0.         0.         0.94453012 0.         0.0295983  0.         0.         0.        ],[0. 0. 0. 0. 1. 0. 0. 0. 0. 0. 0. 0. 0. 0. 0. 0. 0. 0. 0. 0. 0. 0. 0. 0. 0. 1. 0. 1. 0. 0. 0.],3.0,best,1000,100,10,0.9,0.1,0.5,0.1,0.7,0.03,0.42,1,3,,problem_solving
880,0.0006537314957066453,0.054657,0.003975889486997265,0.45200000000000007,0.12630244702536408,0.0032904675281077485,[0.         0.         0.         0.         0.02587159 0.         0.         0.         0.         0.         0.         0.         0.         0.         0.         0.         0.         0.         0.         0.         0.         0.         0.         0.         0.         0.94453012 0.         0.0295983  0.         0.         0.        ],[0. 0. 0. 0. 1. 0. 0. 0. 0. 0. 0. 0. 0. 0. 0. 0. 0. 0. 0. 0. 0. 0. 0. 0. 0. 1. 0. 1. 0. 0. 0.],3.0,best,1000,100,10,0.9,0.1,0.5,0.1,0.7,0.03,0.42,1,3,,problem_solving
890,0.0006537314957066453,0.054657,0.003975889486997265,0.45600000000000007,0.12386847316525405,-0.0010981376335963639,[0.         0.         0.         0.         0.02587159 0.         0.         0.         0.         0.         0.         0.         0.         0.         0.         0.         0.         0.         0.         0.         0.         0.         0.         0.         0.         0.94453012 0.         0.0295983  0.         0.         0.        ],[0. 0. 0. 0. 1. 0. 0. 0. 0. 0. 0. 0. 0. 0. 0. 0. 0. 0. 0. 0. 0. 0. 0. 0. 0. 1. 0. 1. 0. 0. 0.],3.0,best,1000,100,10,0.9,0.1,0.5,0.1,0.7,0.03,0.42,1,3,,problem_solving
900,0.0006537314957066453,0.054657,0.003975889486997265,0.4600000000000001,0.12148140440390671,-0.00706847643929267,[0.         0.         0.         0.         0.02587159 0.         0.         0.         0.         0.         0.         0.         0.         0.         0.         0.         0.         0.         0.         0.         0.         0.         0.         0.         0.         0.94453012 0.         0.0295983  0.         0.         0.        ],[0. 0. 0. 0. 1. 0. 0. 0. 0. 0. 0. 0. 0. 0. 0. 0. 0. 0. 0. 0. 0. 0. 0. 0. 0. 1. 0. 1. 0. 0. 0.],3.0,best,1000,100,10,0.9,0.1,0.5,0.1,0.7,0.03,0.42,1,3,,problem_solving
910,0.0006537314957066453,0.054657,0.003975889486997265,0.46399999999999997,0.11914033683338536,-0.002649366166752865,[0.         0.         0.         0.         0.02587159 0.         0.         0.         0.         0.         0.         0.         0.         0.         0.         0.         0.         0.         0.         0.         0.         0.         0.         0.         0.         0.94453012 0.         0.0295983  0.         0.         0.        ],[0. 0. 0. 0. 1. 0. 0. 0. 0. 0. 0. 0. 0. 0. 0. 0. 0. 0. 0. 0. 0. 0. 0. 0. 0. 1. 0. 1. 0. 0. 0.],3.0,best,1000,100,10,0.9,0.1,0.5,0.1,0.7,0.03,0.42,1,3,,problem_solving
920,0.0006537314957066453,0.054657,0.003975889486997265,0.46799999999999997,0.11684438396495887,0.00478440308876278,[0.         0.         0.         0.         0.02587159 0.         0.         0.         0.         0.         0.         0.         0.         0.         0.         0.         0.         0.         0.         0.         0.         0.         0.         0.         0.         0.94453012 0.         0.0295983  0.         0.         0.        ],[0. 0. 0. 0. 1. 0. 0. 0. 0. 0. 0. 0. 0. 0. 0. 0. 0. 0. 0. 0. 0. 0. 0. 0. 0. 1. 0. 1. 0. 0. 0.],3.0,best,1000,100,10,0.9,0.1,0.5,0.1,0.7,0.03,0.42,1,3,,problem_solving
930,0.0006537314957066453,0.054657,0.003975889486997265,0.472,0.11459267639341625,0.0005290766431651644,[0.         0.         0.         0.         0.02587159 0.         0.         0.         0.         0.         0.         0.         0.         0.         0.         0.         0.         0.         0.         0.         0.         0.         0.         0.         0.         0.94453012 0.         0.0295983  0.         0.         0.        ],[0. 0. 0. 0. 1. 0. 0. 0. 0. 0. 0. 0. 0. 0. 0. 0. 0. 0. 0. 0. 0. 0. 0. 0. 0. 1. 0. 1. 0. 0. 0.],3.0,best,1000,100,10,0.9,0.1,0.5,0.1,0.7,0.03,0.42,1,3,,problem_solving
940,0.0006537314957066453,0.054657,0.003975889486997265,0.476,0.11238436146785019,-0.0004542550435333159,[0.         0.         0.         0.         0.02587159 0.         0.         0.         0.         0.         0.         0.         0.         0.         0.         0.         0.         0.         0.         0.         0.         0.         0.         0.         0.         0.94453012 0.         0.0295983  0.         0.         0.        ],[0. 0. 0. 0. 1. 0. 0. 0. 0. 0. 0. 0. 0. 0. 0. 0. 0. 0. 0. 0. 0. 0. 0. 0. 0. 1. 0. 1. 0. 0. 0.],3.0,best,1000,100,10,0.9,0.1,0.5,0.1,0.7,0.03,0.42,1,3,,problem_solving
950,0.0006537314957066453,0.054657,0.003975889486997265,0.48,0.11021860296878504,0.0049591672232970115,[0.         0.         0.         0.         0.02587159 0.         0.         0.         0.         0.         0.         0.         0.         0.         0.         0.         0.         0.         0.         0.         0.         0.         0.         0.         0.         0.94453012 0.         0.0295983  0.         0.         0.        ],[0. 0. 0. 0. 1. 0. 0. 0. 0. 0. 0. 0. 0. 0. 0. 0. 0. 0. 0. 0. 0. 0. 0. 0. 0. 1. 0. 1. 0. 0. 0.],3.0,best,1000,100,10,0.9,0.1,0.5,0.1,0.7,0.03,0.42,1,3,,problem_solving
960,0.0006537314957066453,0.054657,0.003975889486997265,0.484,0.10809458079152667,-0.005218460023416403,[0.         0.         0.         0.         0.02587159 0.         0.         0.         0.         0.         0.         0.         0.         0.         0.         0.         0.         0.         0.         0.         0.         0.         0.         0.         0.         0.94453012 0.         0.0295983  0.         0.         0.        ],[0. 0. 0. 0. 1. 0. 0. 0. 0. 0. 0. 0. 0. 0. 0. 0. 0. 0. 0. 0. 0. 0. 0. 0. 0. 1. 0. 1. 0. 0. 0.],3.0,best,1000,100,10,0.9,0.1,0.5,0.1,0.7,0.03,0.42,1,3,,problem_solving
970,0.0006537314957066453,0.054657,0.003975889486997265,0.488,0.10601149063561469,-0.001393596978702635,[0.         0.         0.         0.         0.02587159 0.         0.         0.         0.         0.         0.         0.         0.         0.         0.         0.         0.         0.         0.         0.         0.         0.         0.         0.         0.         0.94453012 0.         0.0295983  0.         0.         0.        ],[0. 0. 0. 0. 1. 0. 0. 0. 0. 0. 0. 0. 0. 0. 0. 0. 0. 0. 0. 0. 0. 0. 0. 0. 0. 1. 0. 1. 0. 0. 0.],3.0,best,1000,100,10,0.9,0.1,0.5,0.1,0.7,0.03,0.42,1,3,,problem_solving
980,0.0006537314957066453,0.054657,0.003975889486997265,0.492,0.10396854370025903,0.00043231187977758575,[0.         0.         0.         0.         0.02587159 0.         0.         0.         0.         0.         0.         0.         0.         0.         0.         0.         0.         0.         0.         0.         0.         0.         0.         0.         0.         0.94453012 0.         0.0295983  0.         0.         0.        ],[0. 0. 0. 0. 1. 0. 0. 0. 0. 0. 0. 0. 0. 0. 0. 0. 0. 0. 0. 0. 0. 0. 0. 0. 0. 1. 0. 1. 0. 0. 0.],3.0,best,1000,100,10,0.9,0.1,0.5,0.1,0.7,0.03,0.42,1,3,,problem_solving
990,0.0006537314957066453,0.054657,0.003975889486997265,0.496,0.10196496638564592,0.002560707988705379,[0.         0.         0.         0.         0.02587159 0.         0.         0.         0.         0.         0.         0.         0.         0.         0.         0.         0.         0.         0.         0.         0.         0.         0.         0.         0.         0.94453012 0.         0.0295983  0.         0.         0.        ],[0. 0. 0. 0. 1. 0. 0. 0. 0. 0. 0. 0. 0. 0. 0. 0. 0. 0. 0. 0. 0. 0. 0. 0. 0. 1. 0. 1. 0. 0. 0.],3.0,best,1000,100,10,0.9,0.1,0.5,0.1,0.7,0.03,0.42,1,3,,problem_solving
999,0.0006537314957066453,0.054657,0.003975889486997265,0.49960000000000004,0.100194780466086,0.0030602987050417658,[0.         0.         0.         0.         0.02587159 0.         0.         0.         0.         0.         0.         0.         0.         0.         0.         0.         0.         0.         0.         0.         0.         0.         0.         0.         0.         0.94453012 0.         0.0295983  0.         0.         0.        ],[0. 0. 0. 0. 1. 0. 0. 0. 0. 0. 0. 0. 0. 0. 0. 0. 0. 0. 0. 0. 0. 0. 0. 0. 0. 1. 0. 1. 0. 0. 0.],3.0,best,1000,100,10,0.9,0.1,0.5,0.1,0.7,0.03,0.42,1,3,,problem_solving
