iter,cost,risk,return,par,bw,move,X,Z,Q,pop_init,max_iter,pop_size,mem_size,mem_consider,par_min,par_max,bw_min,bw_max,sigma,lambda,port_n,k,seed,tag,local_search
1,0.0034878374742733816,0.021463,0.004215803608180884,0.1008,0.8980246687982377,-282.30214574091207,[0.         0.         0.01476057 0.         0.         0.         0.         0.         0.98523943 0.         0.         0.         0.         0.         0.         0.         0.         0.         0.         0.         0.         0.         0.         0.         0.         0.         0.         0.         0.         0.         0.        ],[0. 0. 1. 0. 0. 0. 0. 0. 1. 0. 0. 0. 0. 0. 0. 0. 0. 0. 0. 0. 0. 0. 0. 0. 0. 0. 0. 0. 0. 0. 0.],2.0,random,1000,100,30,0.7,0.1,0.9,0.1,0.9,300,0.3,1,2,,problem_solving,30
10,-0.0012263115717886287,0.005752,0.004217016531126613,0.10800000000000001,0.880440647156254,46.969741688343234,[0.        0.        0.0306055 0.        0.9693945 0.        0.        0.        0.        0.        0.        0.        0.        0.        0.        0.        0.        0.        0.        0.        0.        0.        0.        0.        0.        0.        0.        0.        0.        0.        0.       ],[0. 0. 1. 0. 1. 0. 0. 0. 0. 0. 0. 0. 0. 0. 0. 0. 0. 0. 0. 0. 0. 0. 0. 0. 0. 0. 0. 0. 0. 0. 0.],2.0,random,1000,100,30,0.7,0.1,0.9,0.1,0.9,300,0.3,1,2,,problem_solving,30
20,-0.003201870401413471,0.005824,0.0070701005734478154,0.116,0.8613063701832483,297.23038010955247,[0.         0.         0.         0.         0.         0.         0.         0.         0.98707186 0.         0.         0.         0.         0.01292814 0.         0.         0.         0.         0.         0.         0.         0.         0.         0.         0.         0.         0.         0.         0.         0.         0.        ],[0. 0. 0. 0. 0. 0. 0. 0. 1. 0. 0. 0. 0. 1. 0. 0. 0. 0. 0. 0. 0. 0. 0. 0. 0. 0. 0. 0. 0. 0. 0.],2.0,random,1000,100,30,0.7,0.1,0.9,0.1,0.9,300,0.3,1,2,,problem_solving,30
30,-0.003201870401413471,0.005824,0.0070701005734478154,0.124,0.842587931071048,-210.81521368935563,[0.         0.         0.         0.         0.         0.         0.         0.         0.98707186 0.         0.         0.         0.         0.01292814 0.         0.         0.         0.         0.         0.         0.         0.         0.         0.         0.         0.         0.         0.         0.         0.         0.        ],[0. 0. 0. 0. 0. 0. 0. 0. 1. 0. 0. 0. 0. 1. 0. 0. 0. 0. 0. 0. 0. 0. 0. 0. 0. 0. 0. 0. 0. 0. 0.],2.0,random,1000,100,30,0.7,0.1,0.9,0.1,0.9,300,0.3,1,2,,problem_solving,30
40,-0.003201870401413471,0.005824,0.0070701005734478154,0.132,0.8242762925758254,-424.91626289600856,[0.         0.         0.         0.         0.         0.         0.         0.         0.98707186 0.         0.         0.         0.         0.01292814 0.         0.         0.         0.         0.         0.         0.         0.         0.         0.         0.         0.         0.         0.         0.         0.         0.        ],[0. 0. 0. 0. 0. 0. 0. 0. 1. 0. 0. 0. 0. 1. 0. 0. 0. 0. 0. 0. 0. 0. 0. 0. 0. 0. 0. 0. 0. 0. 0.],2.0,random,1000,100,30,0.7,0.1,0.9,0.1,0.9,300,0.3,1,2,,problem_solving,30
50,-0.003201870401413471,0.005824,0.0070701005734478154,0.14,0.806362613856686,-16.716964825508175,[0.         0.         0.         0.         0.         0.         0.         0.         0.98707186 0.         0.         0.         0.         0.01292814 0.         0.         0.         0.         0.         0.         0.         0.         0.         0.         0.         0.         0.         0.         0.         0.         0.        ],[0. 0. 0. 0. 0. 0. 0. 0. 1. 0. 0. 0. 0. 1. 0. 0. 0. 0. 0. 0. 0. 0. 0. 0. 0. 0. 0. 0. 0. 0. 0.],2.0,random,1000,100,30,0.7,0.1,0.9,0.1,0.9,300,0.3,1,2,,problem_solving,30
60,-0.003201870401413471,0.005824,0.0070701005734478154,0.14800000000000002,0.7888382462073213,191.1374445660191,[0.         0.         0.         0.         0.         0.         0.         0.         0.98707186 0.         0.         0.         0.         0.01292814 0.         0.         0.         0.         0.         0.         0.         0.         0.         0.         0.         0.         0.         0.         0.         0.         0.        ],[0. 0. 0. 0. 0. 0. 0. 0. 1. 0. 0. 0. 0. 1. 0. 0. 0. 0. 0. 0. 0. 0. 0. 0. 0. 0. 0. 0. 0. 0. 0.],2.0,random,1000,100,30,0.7,0.1,0.9,0.1,0.9,300,0.3,1,2,,problem_solving,30
70,-0.003201870401413471,0.005824,0.0070701005734478154,0.156,0.7716947288804205,-114.047924782122,[0.         0.         0.         0.         0.         0.         0.         0.         0.98707186 0.         0.         0.         0.         0.01292814 0.         0.         0.         0.         0.         0.         0.         0.         0.         0.         0.         0.         0.         0.         0.         0.         0.        ],[0. 0. 0. 0. 0. 0. 0. 0. 1. 0. 0. 0. 0. 1. 0. 0. 0. 0. 0. 0. 0. 0. 0. 0. 0. 0. 0. 0. 0. 0. 0.],2.0,random,1000,100,30,0.7,0.1,0.9,0.1,0.9,300,0.3,1,2,,problem_solving,30
80,-0.003201870401413471,0.005824,0.0070701005734478154,0.164,0.7549237850028305,179.68475335758822,[0.         0.         0.         0.         0.         0.         0.         0.         0.98707186 0.         0.         0.         0.         0.01292814 0.         0.         0.         0.         0.         0.         0.         0.         0.         0.         0.         0.         0.         0.         0.         0.         0.        ],[0. 0. 0. 0. 0. 0. 0. 0. 1. 0. 0. 0. 0. 1. 0. 0. 0. 0. 0. 0. 0. 0. 0. 0. 0. 0. 0. 0. 0. 0. 0.],2.0,random,1000,100,30,0.7,0.1,0.9,0.1,0.9,300,0.3,1,2,,problem_solving,30
90,-0.003201870401413471,0.005824,0.0070701005734478154,0.17200000000000001,0.7385173175794899,-167.45059295659178,[0.         0.         0.         0.         0.         0.         0.         0.         0.98707186 0.         0.         0.         0.         0.01292814 0.         0.         0.         0.         0.         0.         0.         0.         0.         0.         0.         0.         0.         0.         0.         0.         0.        ],[0. 0. 0. 0. 0. 0. 0. 0. 1. 0. 0. 0. 0. 1. 0. 0. 0. 0. 0. 0. 0. 0. 0. 0. 0. 0. 0. 0. 0. 0. 0.],2.0,random,1000,100,30,0.7,0.1,0.9,0.1,0.9,300,0.3,1,2,,problem_solving,30
100,-0.003201870401413471,0.005824,0.0070701005734478154,0.18,0.7224674055842076,-183.11079412215625,[0.         0.         0.         0.         0.         0.         0.         0.         0.98707186 0.         0.         0.         0.         0.01292814 0.         0.         0.         0.         0.         0.         0.         0.         0.         0.         0.         0.         0.         0.         0.         0.         0.        ],[0. 0. 0. 0. 0. 0. 0. 0. 1. 0. 0. 0. 0. 1. 0. 0. 0. 0. 0. 0. 0. 0. 0. 0. 0. 0. 0. 0. 0. 0. 0.],2.0,random,1000,100,30,0.7,0.1,0.9,0.1,0.9,300,0.3,1,2,,problem_solving,30
110,-0.003201870401413471,0.005824,0.0070701005734478154,0.188,0.7067663001353996,18.391606186558587,[0.         0.         0.         0.         0.         0.         0.         0.         0.98707186 0.         0.         0.         0.         0.01292814 0.         0.         0.         0.         0.         0.         0.         0.         0.         0.         0.         0.         0.         0.         0.         0.         0.        ],[0. 0. 0. 0. 0. 0. 0. 0. 1. 0. 0. 0. 0. 1. 0. 0. 0. 0. 0. 0. 0. 0. 0. 0. 0. 0. 0. 0. 0. 0. 0.],2.0,random,1000,100,30,0.7,0.1,0.9,0.1,0.9,300,0.3,1,2,,problem_solving,30
120,-0.003201870401413471,0.005824,0.0070701005734478154,0.196,0.6914064207549362,128.27981740393665,[0.         0.         0.         0.         0.         0.         0.         0.         0.98707186 0.         0.         0.         0.         0.01292814 0.         0.         0.         0.         0.         0.         0.         0.         0.         0.         0.         0.         0.         0.         0.         0.         0.        ],[0. 0. 0. 0. 0. 0. 0. 0. 1. 0. 0. 0. 0. 1. 0. 0. 0. 0. 0. 0. 0. 0. 0. 0. 0. 0. 0. 0. 0. 0. 0.],2.0,random,1000,100,30,0.7,0.1,0.9,0.1,0.9,300,0.3,1,2,,problem_solving,30
130,-0.003201870401413471,0.005824,0.0070701005734478154,0.20400000000000001,0.6763803517082948,60.227414093996025,[0.         0.         0.         0.         0.         0.         0.         0.         0.98707186 0.         0.         0.         0.         0.01292814 0.         0.         0.         0.         0.         0.         0.         0.         0.         0.         0.         0.         0.         0.         0.         0.         0.        ],[0. 0. 0. 0. 0. 0. 0. 0. 1. 0. 0. 0. 0. 1. 0. 0. 0. 0. 0. 0. 0. 0. 0. 0. 0. 0. 0. 0. 0. 0. 0.],2.0,random,1000,100,30,0.7,0.1,0.9,0.1,0.9,300,0.3,1,2,,problem_solving,30
140,-0.003201870401413471,0.005824,0.0070701005734478154,0.21200000000000002,0.6616808384242509,162.07965650477877,[0.         0.         0.         0.         0.         0.         0.         0.         0.98707186 0.         0.         0.         0.         0.01292814 0.         0.         0.         0.         0.         0.         0.         0.         0.         0.         0.         0.         0.         0.         0.         0.         0.        ],[0. 0. 0. 0. 0. 0. 0. 0. 1. 0. 0. 0. 0. 1. 0. 0. 0. 0. 0. 0. 0. 0. 0. 0. 0. 0. 0. 0. 0. 0. 0.],2.0,random,1000,100,30,0.7,0.1,0.9,0.1,0.9,300,0.3,1,2,,problem_solving,30
150,-0.003201870401413471,0.005824,0.0070701005734478154,0.22000000000000003,0.647300783992378,-295.17692032351135,[0.         0.         0.         0.         0.         0.         0.         0.         0.98707186 0.         0.         0.         0.         0.01292814 0.         0.         0.         0.         0.         0.         0.         0.         0.         0.         0.         0.         0.         0.         0.         0.         0.        ],[0. 0. 0. 0. 0. 0. 0. 0. 1. 0. 0. 0. 0. 1. 0. 0. 0. 0. 0. 0. 0. 0. 0. 0. 0. 0. 0. 0. 0. 0. 0.],2.0,random,1000,100,30,0.7,0.1,0.9,0.1,0.9,300,0.3,1,2,,problem_solving,30
160,-0.0055376305599375555,0.006526,0.010707757942767937,0.228,0.6332332457366666,-76.44146979129303,[0.         0.         0.         0.         0.97952311 0.         0.         0.         0.         0.02047689 0.         0.         0.         0.         0.         0.         0.         0.         0.         0.         0.         0.         0.         0.         0.         0.         0.         0.         0.         0.         0.        ],[0. 0. 0. 0. 1. 0. 0. 0. 0. 1. 0. 0. 0. 0. 0. 0. 0. 0. 0. 0. 0. 0. 0. 0. 0. 0. 0. 0. 0. 0. 0.],2.0,random,1000,100,30,0.7,0.1,0.9,0.1,0.9,300,0.3,1,2,,problem_solving,30
170,-0.006170928719193016,0.004573,0.010775469598847166,0.23600000000000002,0.6194714318636066,96.38535107729324,[0.         0.         0.         0.         0.98818704 0.         0.         0.         0.         0.         0.         0.         0.         0.         0.         0.         0.         0.         0.         0.         0.         0.         0.         0.         0.         0.         0.01181296 0.         0.         0.         0.        ],[0. 0. 0. 0. 1. 0. 0. 0. 0. 0. 0. 0. 0. 0. 0. 0. 0. 0. 0. 0. 0. 0. 0. 0. 0. 0. 1. 0. 0. 0. 0.],2.0,random,1000,100,30,0.7,0.1,0.9,0.1,0.9,300,0.3,1,2,,problem_solving,30
180,-0.006170928719193016,0.004573,0.010775469598847166,0.24400000000000002,0.6060086981831168,33.26562515679344,[0.         0.         0.         0.         0.98818704 0.         0.         0.         0.         0.         0.         0.         0.         0.         0.         0.         0.         0.         0.         0.         0.         0.         0.         0.         0.         0.         0.01181296 0.         0.         0.         0.        ],[0. 0. 0. 0. 1. 0. 0. 0. 0. 0. 0. 0. 0. 0. 0. 0. 0. 0. 0. 0. 0. 0. 0. 0. 0. 0. 1. 0. 0. 0. 0.],2.0,random,1000,100,30,0.7,0.1,0.9,0.1,0.9,300,0.3,1,2,,problem_solving,30
190,-0.006170928719193016,0.004573,0.010775469598847166,0.252,0.5928385449007361,70.28560537827283,[0.         0.         0.         0.         0.98818704 0.         0.         0.         0.         0.         0.         0.         0.         0.         0.         0.         0.         0.         0.         0.         0.         0.         0.         0.         0.         0.         0.01181296 0.         0.         0.         0.        ],[0. 0. 0. 0. 1. 0. 0. 0. 0. 0. 0. 0. 0. 0. 0. 0. 0. 0. 0. 0. 0. 0. 0. 0. 0. 0. 1. 0. 0. 0. 0.],2.0,random,1000,100,30,0.7,0.1,0.9,0.1,0.9,300,0.3,1,2,,problem_solving,30
200,-0.006170928719193016,0.004573,0.010775469598847166,0.26,0.5799546134795289,205.33472676309788,[0.         0.         0.         0.         0.98818704 0.         0.         0.         0.         0.         0.         0.         0.         0.         0.         0.         0.         0.         0.         0.         0.         0.         0.         0.         0.         0.         0.01181296 0.         0.         0.         0.        ],[0. 0. 0. 0. 1. 0. 0. 0. 0. 0. 0. 0. 0. 0. 0. 0. 0. 0. 0. 0. 0. 0. 0. 0. 0. 0. 1. 0. 0. 0. 0.],2.0,random,1000,100,30,0.7,0.1,0.9,0.1,0.9,300,0.3,1,2,,problem_solving,30
210,-0.006170928719193016,0.004573,0.010775469598847166,0.268,0.5673506835701907,278.9230351622125,[0.         0.         0.         0.         0.98818704 0.         0.         0.         0.         0.         0.         0.         0.         0.         0.         0.         0.         0.         0.         0.         0.         0.         0.         0.         0.         0.         0.01181296 0.         0.         0.         0.        ],[0. 0. 0. 0. 1. 0. 0. 0. 0. 0. 0. 0. 0. 0. 0. 0. 0. 0. 0. 0. 0. 0. 0. 0. 0. 0. 1. 0. 0. 0. 0.],2.0,random,1000,100,30,0.7,0.1,0.9,0.1,0.9,300,0.3,1,2,,problem_solving,30
220,-0.006170928719193016,0.004573,0.010775469598847166,0.276,0.5550206700078687,30.978014564588815,[0.         0.         0.         0.         0.98818704 0.         0.         0.         0.         0.         0.         0.         0.         0.         0.         0.         0.         0.         0.         0.         0.         0.         0.         0.         0.         0.         0.01181296 0.         0.         0.         0.        ],[0. 0. 0. 0. 1. 0. 0. 0. 0. 0. 0. 0. 0. 0. 0. 0. 0. 0. 0. 0. 0. 0. 0. 0. 0. 0. 1. 0. 0. 0. 0.],2.0,random,1000,100,30,0.7,0.1,0.9,0.1,0.9,300,0.3,1,2,,problem_solving,30
230,-0.006170928719193016,0.004573,0.010775469598847166,0.28400000000000003,0.5429586198742506,-193.93310026413357,[0.         0.         0.         0.         0.98818704 0.         0.         0.         0.         0.         0.         0.         0.         0.         0.         0.         0.         0.         0.         0.         0.         0.         0.         0.         0.         0.         0.01181296 0.         0.         0.         0.        ],[0. 0. 0. 0. 1. 0. 0. 0. 0. 0. 0. 0. 0. 0. 0. 0. 0. 0. 0. 0. 0. 0. 0. 0. 0. 0. 1. 0. 0. 0. 0.],2.0,random,1000,100,30,0.7,0.1,0.9,0.1,0.9,300,0.3,1,2,,problem_solving,30
240,-0.006170928719193016,0.004573,0.010775469598847166,0.29200000000000004,0.531158709623502,-3.145009014628838,[0.         0.         0.         0.         0.98818704 0.         0.         0.         0.         0.         0.         0.         0.         0.         0.         0.         0.         0.         0.         0.         0.         0.         0.         0.         0.         0.         0.01181296 0.         0.         0.         0.        ],[0. 0. 0. 0. 1. 0. 0. 0. 0. 0. 0. 0. 0. 0. 0. 0. 0. 0. 0. 0. 0. 0. 0. 0. 0. 0. 1. 0. 0. 0. 0.],2.0,random,1000,100,30,0.7,0.1,0.9,0.1,0.9,300,0.3,1,2,,problem_solving,30
250,-0.006170928719193016,0.004573,0.010775469598847166,0.30000000000000004,0.5196152422706632,-148.62755670713767,[0.         0.         0.         0.         0.98818704 0.         0.         0.         0.         0.         0.         0.         0.         0.         0.         0.         0.         0.         0.         0.         0.         0.         0.         0.         0.         0.         0.01181296 0.         0.         0.         0.        ],[0. 0. 0. 0. 1. 0. 0. 0. 0. 0. 0. 0. 0. 0. 0. 0. 0. 0. 0. 0. 0. 0. 0. 0. 0. 0. 1. 0. 0. 0. 0.],2.0,random,1000,100,30,0.7,0.1,0.9,0.1,0.9,300,0.3,1,2,,problem_solving,30
260,-0.006170928719193016,0.004573,0.010775469598847166,0.30800000000000005,0.5083226446411516,71.32204786538104,[0.         0.         0.         0.         0.98818704 0.         0.         0.         0.         0.         0.         0.         0.         0.         0.         0.         0.         0.         0.         0.         0.         0.         0.         0.         0.         0.         0.01181296 0.         0.         0.         0.        ],[0. 0. 0. 0. 1. 0. 0. 0. 0. 0. 0. 0. 0. 0. 0. 0. 0. 0. 0. 0. 0. 0. 0. 0. 0. 0. 1. 0. 0. 0. 0.],2.0,random,1000,100,30,0.7,0.1,0.9,0.1,0.9,300,0.3,1,2,,problem_solving,30
270,-0.006170928719193016,0.004573,0.010775469598847166,0.316,0.4972754646800379,-75.17368280761627,[0.         0.         0.         0.         0.98818704 0.         0.         0.         0.         0.         0.         0.         0.         0.         0.         0.         0.         0.         0.         0.         0.         0.         0.         0.         0.         0.         0.01181296 0.         0.         0.         0.        ],[0. 0. 0. 0. 1. 0. 0. 0. 0. 0. 0. 0. 0. 0. 0. 0. 0. 0. 0. 0. 0. 0. 0. 0. 0. 0. 1. 0. 0. 0. 0.],2.0,random,1000,100,30,0.7,0.1,0.9,0.1,0.9,300,0.3,1,2,,problem_solving,30
280,-0.006170928719193016,0.004573,0.010775469598847166,0.324,0.4864683688197995,133.4055826032116,[0.         0.         0.         0.         0.98818704 0.         0.         0.         0.         0.         0.         0.         0.         0.         0.         0.         0.         0.         0.         0.         0.         0.         0.         0.         0.         0.         0.01181296 0.         0.         0.         0.        ],[0. 0. 0. 0. 1. 0. 0. 0. 0. 0. 0. 0. 0. 0. 0. 0. 0. 0. 0. 0. 0. 0. 0. 0. 0. 0. 1. 0. 0. 0. 0.],2.0,random,1000,100,30,0.7,0.1,0.9,0.1,0.9,300,0.3,1,2,,problem_solving,30
290,-0.006787432734771139,0.002433,0.01073904676395877,0.332,0.47589613940527953,52.70689507631778,[0.         0.         0.         0.         0.98522889 0.         0.         0.         0.         0.         0.         0.         0.         0.         0.         0.         0.         0.         0.         0.         0.         0.         0.         0.         0.         0.         0.         0.01477111 0.         0.         0.        ],[0. 0. 0. 0. 1. 0. 0. 0. 0. 0. 0. 0. 0. 0. 0. 0. 0. 0. 0. 0. 0. 0. 0. 0. 0. 0. 0. 1. 0. 0. 0.],2.0,random,1000,100,30,0.7,0.1,0.9,0.1,0.9,300,0.3,1,2,,problem_solving,30
300,-0.006787432734771139,0.002433,0.01073904676395877,0.34,0.46555367217460797,-210.94454517354296,[0.         0.         0.         0.         0.98522889 0.         0.         0.         0.         0.         0.         0.         0.         0.         0.         0.         0.         0.         0.         0.         0.         0.         0.         0.         0.         0.         0.         0.01477111 0.         0.         0.        ],[0. 0. 0. 0. 1. 0. 0. 0. 0. 0. 0. 0. 0. 0. 0. 0. 0. 0. 0. 0. 0. 0. 0. 0. 0. 0. 0. 1. 0. 0. 0.],2.0,random,1000,100,30,0.7,0.1,0.9,0.1,0.9,300,0.3,1,2,,problem_solving,30
310,-0.006787432734771139,0.002433,0.01073904676395877,0.348,0.4554359737948693,73.50004370460957,[0.         0.         0.         0.         0.98522889 0.         0.         0.         0.         0.         0.         0.         0.         0.         0.         0.         0.         0.         0.         0.         0.         0.         0.         0.         0.         0.         0.         0.01477111 0.         0.         0.        ],[0. 0. 0. 0. 1. 0. 0. 0. 0. 0. 0. 0. 0. 0. 0. 0. 0. 0. 0. 0. 0. 0. 0. 0. 0. 0. 0. 1. 0. 0. 0.],2.0,random,1000,100,30,0.7,0.1,0.9,0.1,0.9,300,0.3,1,2,,problem_solving,30
320,-0.006787432734771139,0.002433,0.01073904676395877,0.356,0.44553815945132613,-97.98037528137083,[0.         0.         0.         0.         0.98522889 0.         0.         0.         0.         0.         0.         0.         0.         0.         0.         0.         0.         0.         0.         0.         0.         0.         0.         0.         0.         0.         0.         0.01477111 0.         0.         0.        ],[0. 0. 0. 0. 1. 0. 0. 0. 0. 0. 0. 0. 0. 0. 0. 0. 0. 0. 0. 0. 0. 0. 0. 0. 0. 0. 0. 1. 0. 0. 0.],2.0,random,1000,100,30,0.7,0.1,0.9,0.1,0.9,300,0.3,1,2,,problem_solving,30
330,-0.006787432734771139,0.002433,0.01073904676395877,0.364,0.43585545048903546,98.4344693446372,[0.         0.         0.         0.         0.98522889 0.         0.         0.         0.         0.         0.         0.         0.         0.         0.         0.         0.         0.         0.         0.         0.         0.         0.         0.         0.         0.         0.         0.01477111 0.         0.         0.        ],[0. 0. 0. 0. 1. 0. 0. 0. 0. 0. 0. 0. 0. 0. 0. 0. 0. 0. 0. 0. 0. 0. 0. 0. 0. 0. 0. 1. 0. 0. 0.],2.0,random,1000,100,30,0.7,0.1,0.9,0.1,0.9,300,0.3,1,2,,problem_solving,30
340,-0.006787432734771139,0.002433,0.01073904676395877,0.372,0.4263831721057189,50.33540067141358,[0.         0.         0.         0.         0.98522889 0.         0.         0.         0.         0.         0.         0.         0.         0.         0.         0.         0.         0.         0.         0.         0.         0.         0.         0.         0.         0.         0.         0.01477111 0.         0.         0.        ],[0. 0. 0. 0. 1. 0. 0. 0. 0. 0. 0. 0. 0. 0. 0. 0. 0. 0. 0. 0. 0. 0. 0. 0. 0. 0. 0. 1. 0. 0. 0.],2.0,random,1000,100,30,0.7,0.1,0.9,0.1,0.9,300,0.3,1,2,,problem_solving,30
350,-0.006787432734771139,0.002433,0.01073904676395877,0.38,0.41711675109477286,-27.612797156479473,[0.         0.         0.         0.         0.98522889 0.         0.         0.         0.         0.         0.         0.         0.         0.         0.         0.         0.         0.         0.         0.         0.         0.         0.         0.         0.         0.         0.         0.01477111 0.         0.         0.        ],[0. 0. 0. 0. 1. 0. 0. 0. 0. 0. 0. 0. 0. 0. 0. 0. 0. 0. 0. 0. 0. 0. 0. 0. 0. 0. 0. 1. 0. 0. 0.],2.0,random,1000,100,30,0.7,0.1,0.9,0.1,0.9,300,0.3,1,2,,problem_solving,30
360,-0.006787432734771139,0.002433,0.01073904676395877,0.388,0.40805171363732884,279.6749354631559,[0.         0.         0.         0.         0.98522889 0.         0.         0.         0.         0.         0.         0.         0.         0.         0.         0.         0.         0.         0.         0.         0.         0.         0.         0.         0.         0.         0.         0.01477111 0.         0.         0.        ],[0. 0. 0. 0. 1. 0. 0. 0. 0. 0. 0. 0. 0. 0. 0. 0. 0. 0. 0. 0. 0. 0. 0. 0. 0. 0. 0. 1. 0. 0. 0.],2.0,random,1000,100,30,0.7,0.1,0.9,0.1,0.9,300,0.3,1,2,,problem_solving,30
370,-0.006787432734771139,0.002433,0.01073904676395877,0.396,0.3991836831422981,-186.6119495884378,[0.         0.         0.         0.         0.98522889 0.         0.         0.         0.         0.         0.         0.         0.         0.         0.         0.         0.         0.         0.         0.         0.         0.         0.         0.         0.         0.         0.         0.01477111 0.         0.         0.        ],[0. 0. 0. 0. 1. 0. 0. 0. 0. 0. 0. 0. 0. 0. 0. 0. 0. 0. 0. 0. 0. 0. 0. 0. 0. 0. 0. 1. 0. 0. 0.],2.0,random,1000,100,30,0.7,0.1,0.9,0.1,0.9,300,0.3,1,2,,problem_solving,30
380,-0.006787432734771139,0.002433,0.01073904676395877,0.404,0.39050837813335776,87.5190550123217,[0.         0.         0.         0.         0.98522889 0.         0.         0.         0.         0.         0.         0.         0.         0.         0.         0.         0.         0.         0.         0.         0.         0.         0.         0.         0.         0.         0.         0.01477111 0.         0.         0.        ],[0. 0. 0. 0. 1. 0. 0. 0. 0. 0. 0. 0. 0. 0. 0. 0. 0. 0. 0. 0. 0. 0. 0. 0. 0. 0. 0. 1. 0. 0. 0.],2.0,random,1000,100,30,0.7,0.1,0.9,0.1,0.9,300,0.3,1,2,,problem_solving,30
390,-0.006787432734771139,0.002433,0.01073904676395877,0.41200000000000003,0.38202161018185854,69.28812559655591,[0.         0.         0.         0.         0.98522889 0.         0.         0.         0.         0.         0.         0.         0.         0.         0.         0.         0.         0.         0.         0.         0.         0.         0.         0.         0.         0.         0.         0.01477111 0.         0.         0.        ],[0. 0. 0. 0. 1. 0. 0. 0. 0. 0. 0. 0. 0. 0. 0. 0. 0. 0. 0. 0. 0. 0. 0. 0. 0. 0. 0. 1. 0. 0. 0.],2.0,random,1000,100,30,0.7,0.1,0.9,0.1,0.9,300,0.3,1,2,,problem_solving,30
400,-0.006787432734771139,0.002433,0.01073904676395877,0.42000000000000004,0.3737192818846553,65.85200984044384,[0.         0.         0.         0.         0.98522889 0.         0.         0.         0.         0.         0.         0.         0.         0.         0.         0.         0.         0.         0.         0.         0.         0.         0.         0.         0.         0.         0.         0.01477111 0.         0.         0.        ],[0. 0. 0. 0. 1. 0. 0. 0. 0. 0. 0. 0. 0. 0. 0. 0. 0. 0. 0. 0. 0. 0. 0. 0. 0. 0. 0. 1. 0. 0. 0.],2.0,random,1000,100,30,0.7,0.1,0.9,0.1,0.9,300,0.3,1,2,,problem_solving,30
410,-0.006787432734771139,0.002433,0.01073904676395877,0.42800000000000005,0.3655973848858849,6.208897393915258,[0.         0.         0.         0.         0.98522889 0.         0.         0.         0.         0.         0.         0.         0.         0.         0.         0.         0.         0.         0.         0.         0.         0.         0.         0.         0.         0.         0.         0.01477111 0.         0.         0.        ],[0. 0. 0. 0. 1. 0. 0. 0. 0. 0. 0. 0. 0. 0. 0. 0. 0. 0. 0. 0. 0. 0. 0. 0. 0. 0. 0. 1. 0. 0. 0.],2.0,random,1000,100,30,0.7,0.1,0.9,0.1,0.9,300,0.3,1,2,,problem_solving,30
420,-0.006787432734771139,0.002433,0.01073904676395877,0.43600000000000005,0.35765199794173624,-67.85660984948613,[0.         0.         0.         0.         0.98522889 0.         0.         0.         0.         0.         0.         0.         0.         0.         0.         0.         0.         0.         0.         0.         0.         0.         0.         0.         0.         0.         0.         0.01477111 0.         0.         0.        ],[0. 0. 0. 0. 1. 0. 0. 0. 0. 0. 0. 0. 0. 0. 0. 0. 0. 0. 0. 0. 0. 0. 0. 0. 0. 0. 0. 1. 0. 0. 0.],2.0,random,1000,100,30,0.7,0.1,0.9,0.1,0.9,300,0.3,1,2,,problem_solving,30
430,-0.006787432734771139,0.002433,0.01073904676395877,0.44400000000000006,0.3498792850272772,-71.18900072973135,[0.         0.         0.         0.         0.98522889 0.         0.         0.         0.         0.         0.         0.         0.         0.         0.         0.         0.         0.         0.         0.         0.         0.         0.         0.         0.         0.         0.         0.01477111 0.         0.         0.        ],[0. 0. 0. 0. 1. 0. 0. 0. 0. 0. 0. 0. 0. 0. 0. 0. 0. 0. 0. 0. 0. 0. 0. 0. 0. 0. 0. 1. 0. 0. 0.],2.0,random,1000,100,30,0.7,0.1,0.9,0.1,0.9,300,0.3,1,2,,problem_solving,30
440,-0.006787432734771139,0.002433,0.01073904676395877,0.45200000000000007,0.34227549348442604,74.32244132605814,[0.         0.         0.         0.         0.98522889 0.         0.         0.         0.         0.         0.         0.         0.         0.         0.         0.         0.         0.         0.         0.         0.         0.         0.         0.         0.         0.         0.         0.01477111 0.         0.         0.        ],[0. 0. 0. 0. 1. 0. 0. 0. 0. 0. 0. 0. 0. 0. 0. 0. 0. 0. 0. 0. 0. 0. 0. 0. 0. 0. 0. 1. 0. 0. 0.],2.0,random,1000,100,30,0.7,0.1,0.9,0.1,0.9,300,0.3,1,2,,problem_solving,30
450,-0.006787432734771139,0.002433,0.01073904676395877,0.4600000000000001,0.3348369522101714,-171.46284713985494,[0.         0.         0.         0.         0.98522889 0.         0.         0.         0.         0.         0.         0.         0.         0.         0.         0.         0.         0.         0.         0.         0.         0.         0.         0.         0.         0.         0.         0.01477111 0.         0.         0.        ],[0. 0. 0. 0. 1. 0. 0. 0. 0. 0. 0. 0. 0. 0. 0. 0. 0. 0. 0. 0. 0. 0. 0. 0. 0. 0. 0. 1. 0. 0. 0.],2.0,random,1000,100,30,0.7,0.1,0.9,0.1,0.9,300,0.3,1,2,,problem_solving,30
460,-0.006787432734771139,0.002433,0.01073904676395877,0.46799999999999997,0.3275600698841678,-178.64745908212245,[0.         0.         0.         0.         0.98522889 0.         0.         0.         0.         0.         0.         0.         0.         0.         0.         0.         0.         0.         0.         0.         0.         0.         0.         0.         0.         0.         0.         0.01477111 0.         0.         0.        ],[0. 0. 0. 0. 1. 0. 0. 0. 0. 0. 0. 0. 0. 0. 0. 0. 0. 0. 0. 0. 0. 0. 0. 0. 0. 0. 0. 1. 0. 0. 0.],2.0,random,1000,100,30,0.7,0.1,0.9,0.1,0.9,300,0.3,1,2,,problem_solving,30
470,-0.006787432734771139,0.002433,0.01073904676395877,0.476,0.3204413332348494,-17.731082775929437,[0.         0.         0.         0.         0.98522889 0.         0.         0.         0.         0.         0.         0.         0.         0.         0.         0.         0.         0.         0.         0.         0.         0.         0.         0.         0.         0.         0.         0.01477111 0.         0.         0.        ],[0. 0. 0. 0. 1. 0. 0. 0. 0. 0. 0. 0. 0. 0. 0. 0. 0. 0. 0. 0. 0. 0. 0. 0. 0. 0. 0. 1. 0. 0. 0.],2.0,random,1000,100,30,0.7,0.1,0.9,0.1,0.9,300,0.3,1,2,,problem_solving,30
480,-0.006787432734771139,0.002433,0.01073904676395877,0.484,0.3134773053432264,-24.78697479997081,[0.         0.         0.         0.         0.98522889 0.         0.         0.         0.         0.         0.         0.         0.         0.         0.         0.         0.         0.         0.         0.         0.         0.         0.         0.         0.         0.         0.         0.01477111 0.         0.         0.        ],[0. 0. 0. 0. 1. 0. 0. 0. 0. 0. 0. 0. 0. 0. 0. 0. 0. 0. 0. 0. 0. 0. 0. 0. 0. 0. 0. 1. 0. 0. 0.],2.0,random,1000,100,30,0.7,0.1,0.9,0.1,0.9,300,0.3,1,2,,problem_solving,30
490,-0.006787432734771139,0.002433,0.01073904676395877,0.492,0.30666462398354316,-73.03933737338252,[0.         0.         0.         0.         0.98522889 0.         0.         0.         0.         0.         0.         0.         0.         0.         0.         0.         0.         0.         0.         0.         0.         0.         0.         0.         0.         0.         0.         0.01477111 0.         0.         0.        ],[0. 0. 0. 0. 1. 0. 0. 0. 0. 0. 0. 0. 0. 0. 0. 0. 0. 0. 0. 0. 0. 0. 0. 0. 0. 0. 0. 1. 0. 0. 0.],2.0,random,1000,100,30,0.7,0.1,0.9,0.1,0.9,300,0.3,1,2,,problem_solving,30
500,-0.006787432734771139,0.002433,0.01073904676395877,0.5,0.30000000000000004,47.68150434444811,[0.         0.         0.         0.         0.98522889 0.         0.         0.         0.         0.         0.         0.         0.         0.         0.         0.         0.         0.         0.         0.         0.         0.         0.         0.         0.         0.         0.         0.01477111 0.         0.         0.        ],[0. 0. 0. 0. 1. 0. 0. 0. 0. 0. 0. 0. 0. 0. 0. 0. 0. 0. 0. 0. 0. 0. 0. 0. 0. 0. 0. 1. 0. 0. 0.],2.0,random,1000,100,30,0.7,0.1,0.9,0.1,0.9,300,0.3,1,2,,problem_solving,30
510,-0.006787432734771139,0.002433,0.01073904676395877,0.508,0.2934802157187514,-86.76208061825868,[0.         0.         0.         0.         0.98522889 0.         0.         0.         0.         0.         0.         0.         0.         0.         0.         0.         0.         0.         0.         0.         0.         0.         0.         0.         0.         0.         0.         0.01477111 0.         0.         0.        ],[0. 0. 0. 0. 1. 0. 0. 0. 0. 0. 0. 0. 0. 0. 0. 0. 0. 0. 0. 0. 0. 0. 0. 0. 0. 0. 0. 1. 0. 0. 0.],2.0,random,1000,100,30,0.7,0.1,0.9,0.1,0.9,300,0.3,1,2,,problem_solving,30
520,-0.006787432734771139,0.002433,0.01073904676395877,0.516,0.2871021233944161,-24.919811997086295,[0.         0.         0.         0.         0.98522889 0.         0.         0.         0.         0.         0.         0.         0.         0.         0.         0.         0.         0.         0.         0.         0.         0.         0.         0.         0.         0.         0.         0.01477111 0.         0.         0.        ],[0. 0. 0. 0. 1. 0. 0. 0. 0. 0. 0. 0. 0. 0. 0. 0. 0. 0. 0. 0. 0. 0. 0. 0. 0. 0. 0. 1. 0. 0. 0.],2.0,random,1000,100,30,0.7,0.1,0.9,0.1,0.9,300,0.3,1,2,,problem_solving,30
530,-0.006787432734771139,0.002433,0.01073904676395877,0.524,0.2808626436903494,60.38755683703415,[0.         0.         0.         0.         0.98522889 0.         0.         0.         0.         0.         0.         0.         0.         0.         0.         0.         0.         0.         0.         0.         0.         0.         0.         0.         0.         0.         0.         0.01477111 0.         0.         0.        ],[0. 0. 0. 0. 1. 0. 0. 0. 0. 0. 0. 0. 0. 0. 0. 0. 0. 0. 0. 0. 0. 0. 0. 0. 0. 0. 0. 1. 0. 0. 0.],2.0,random,1000,100,30,0.7,0.1,0.9,0.1,0.9,300,0.3,1,2,,problem_solving,30
540,-0.006787432734771139,0.002433,0.01073904676395877,0.532,0.27475876419194184,59.70317732771251,[0.         0.         0.         0.         0.98522889 0.         0.         0.         0.         0.         0.         0.         0.         0.         0.         0.         0.         0.         0.         0.         0.         0.         0.         0.         0.         0.         0.         0.01477111 0.         0.         0.        ],[0. 0. 0. 0. 1. 0. 0. 0. 0. 0. 0. 0. 0. 0. 0. 0. 0. 0. 0. 0. 0. 0. 0. 0. 0. 0. 0. 1. 0. 0. 0.],2.0,random,1000,100,30,0.7,0.1,0.9,0.1,0.9,300,0.3,1,2,,problem_solving,30
550,-0.006787432734771139,0.002433,0.01073904676395877,0.54,0.26878753795222876,-0.020463424312819844,[0.         0.         0.         0.         0.98522889 0.         0.         0.         0.         0.         0.         0.         0.         0.         0.         0.         0.         0.         0.         0.         0.         0.         0.         0.         0.         0.         0.         0.01477111 0.         0.         0.        ],[0. 0. 0. 0. 1. 0. 0. 0. 0. 0. 0. 0. 0. 0. 0. 0. 0. 0. 0. 0. 0. 0. 0. 0. 0. 0. 0. 1. 0. 0. 0.],2.0,random,1000,100,30,0.7,0.1,0.9,0.1,0.9,300,0.3,1,2,,problem_solving,30
560,-0.006787432734771139,0.002433,0.01073904676395877,0.548,0.2629460820691072,-51.13432362342834,[0.         0.         0.         0.         0.98522889 0.         0.         0.         0.         0.         0.         0.         0.         0.         0.         0.         0.         0.         0.         0.         0.         0.         0.         0.         0.         0.         0.         0.01477111 0.         0.         0.        ],[0. 0. 0. 0. 1. 0. 0. 0. 0. 0. 0. 0. 0. 0. 0. 0. 0. 0. 0. 0. 0. 0. 0. 0. 0. 0. 0. 1. 0. 0. 0.],2.0,random,1000,100,30,0.7,0.1,0.9,0.1,0.9,300,0.3,1,2,,problem_solving,30
570,-0.006787432734771139,0.002433,0.01073904676395877,0.556,0.2572315762934736,41.03627009142445,[0.         0.         0.         0.         0.98522889 0.         0.         0.         0.         0.         0.         0.         0.         0.         0.         0.         0.         0.         0.         0.         0.         0.         0.         0.         0.         0.         0.         0.01477111 0.         0.         0.        ],[0. 0. 0. 0. 1. 0. 0. 0. 0. 0. 0. 0. 0. 0. 0. 0. 0. 0. 0. 0. 0. 0. 0. 0. 0. 0. 0. 1. 0. 0. 0.],2.0,random,1000,100,30,0.7,0.1,0.9,0.1,0.9,300,0.3,1,2,,problem_solving,30
580,-0.006787432734771139,0.002433,0.01073904676395877,0.5640000000000001,0.2516412616676102,63.92276656414868,[0.         0.         0.         0.         0.98522889 0.         0.         0.         0.         0.         0.         0.         0.         0.         0.         0.         0.         0.         0.         0.         0.         0.         0.         0.         0.         0.         0.         0.01477111 0.         0.         0.        ],[0. 0. 0. 0. 1. 0. 0. 0. 0. 0. 0. 0. 0. 0. 0. 0. 0. 0. 0. 0. 0. 0. 0. 0. 0. 0. 0. 1. 0. 0. 0.],2.0,random,1000,100,30,0.7,0.1,0.9,0.1,0.9,300,0.3,1,2,,problem_solving,30
590,-0.006787432734771139,0.002433,0.01073904676395877,0.5720000000000001,0.24617243919316337,-5.02719078250972,[0.         0.         0.         0.         0.98522889 0.         0.         0.         0.         0.         0.         0.         0.         0.         0.         0.         0.         0.         0.         0.         0.         0.         0.         0.         0.         0.         0.         0.01477111 0.         0.         0.        ],[0. 0. 0. 0. 1. 0. 0. 0. 0. 0. 0. 0. 0. 0. 0. 0. 0. 0. 0. 0. 0. 0. 0. 0. 0. 0. 0. 1. 0. 0. 0.],2.0,random,1000,100,30,0.7,0.1,0.9,0.1,0.9,300,0.3,1,2,,problem_solving,30
600,-0.006787432734771139,0.002433,0.01073904676395877,0.5800000000000001,0.2408224685280693,-35.6729380227437,[0.         0.         0.         0.         0.98522889 0.         0.         0.         0.         0.         0.         0.         0.         0.         0.         0.         0.         0.         0.         0.         0.         0.         0.         0.         0.         0.         0.         0.01477111 0.         0.         0.        ],[0. 0. 0. 0. 1. 0. 0. 0. 0. 0. 0. 0. 0. 0. 0. 0. 0. 0. 0. 0. 0. 0. 0. 0. 0. 0. 0. 1. 0. 0. 0.],2.0,random,1000,100,30,0.7,0.1,0.9,0.1,0.9,300,0.3,1,2,,problem_solving,30
610,-0.006787432734771139,0.002433,0.01073904676395877,0.5880000000000001,0.23558876671179993,3.9478466906361396,[0.         0.         0.         0.         0.98522889 0.         0.         0.         0.         0.         0.         0.         0.         0.         0.         0.         0.         0.         0.         0.         0.         0.         0.         0.         0.         0.         0.         0.01477111 0.         0.         0.        ],[0. 0. 0. 0. 1. 0. 0. 0. 0. 0. 0. 0. 0. 0. 0. 0. 0. 0. 0. 0. 0. 0. 0. 0. 0. 0. 0. 1. 0. 0. 0.],2.0,random,1000,100,30,0.7,0.1,0.9,0.1,0.9,300,0.3,1,2,,problem_solving,30
620,-0.006787432734771139,0.002433,0.01073904676395877,0.596,0.23046880691831206,-138.38602487001438,[0.         0.         0.         0.         0.98522889 0.         0.         0.         0.         0.         0.         0.         0.         0.         0.         0.         0.         0.         0.         0.         0.         0.         0.         0.         0.         0.         0.         0.01477111 0.         0.         0.        ],[0. 0. 0. 0. 1. 0. 0. 0. 0. 0. 0. 0. 0. 0. 0. 0. 0. 0. 0. 0. 0. 0. 0. 0. 0. 0. 0. 1. 0. 0. 0.],2.0,random,1000,100,30,0.7,0.1,0.9,0.1,0.9,300,0.3,1,2,,problem_solving,30
630,-0.006787432734771139,0.002433,0.01073904676395877,0.604,0.22546011723609824,14.623554481544069,[0.         0.         0.         0.         0.98522889 0.         0.         0.         0.         0.         0.         0.         0.         0.         0.         0.         0.         0.         0.         0.         0.         0.         0.         0.         0.         0.         0.         0.01477111 0.         0.         0.        ],[0. 0. 0. 0. 1. 0. 0. 0. 0. 0. 0. 0. 0. 0. 0. 0. 0. 0. 0. 0. 0. 0. 0. 0. 0. 0. 0. 1. 0. 0. 0.],2.0,random,1000,100,30,0.7,0.1,0.9,0.1,0.9,300,0.3,1,2,,problem_solving,30
640,-0.006787432734771139,0.002433,0.01073904676395877,0.612,0.22056027947475035,16.342162345782384,[0.         0.         0.         0.         0.98522889 0.         0.         0.         0.         0.         0.         0.         0.         0.         0.         0.         0.         0.         0.         0.         0.         0.         0.         0.         0.         0.         0.         0.01477111 0.         0.         0.        ],[0. 0. 0. 0. 1. 0. 0. 0. 0. 0. 0. 0. 0. 0. 0. 0. 0. 0. 0. 0. 0. 0. 0. 0. 0. 0. 0. 1. 0. 0. 0.],2.0,random,1000,100,30,0.7,0.1,0.9,0.1,0.9,300,0.3,1,2,,problem_solving,30
650,-0.006787432734771139,0.002433,0.01073904676395877,0.62,0.2157669279974594,-44.57003680052912,[0.         0.         0.         0.         0.98522889 0.         0.         0.         0.         0.         0.         0.         0.         0.         0.         0.         0.         0.         0.         0.         0.         0.         0.         0.         0.         0.         0.         0.01477111 0.         0.         0.        ],[0. 0. 0. 0. 1. 0. 0. 0. 0. 0. 0. 0. 0. 0. 0. 0. 0. 0. 0. 0. 0. 0. 0. 0. 0. 0. 0. 1. 0. 0. 0.],2.0,random,1000,100,30,0.7,0.1,0.9,0.1,0.9,300,0.3,1,2,,problem_solving,30
660,-0.006787432734771139,0.002433,0.01073904676395877,0.628,0.2110777485788889,40.889713846986844,[0.         0.         0.         0.         0.98522889 0.         0.         0.         0.         0.         0.         0.         0.         0.         0.         0.         0.         0.         0.         0.         0.         0.         0.         0.         0.         0.         0.         0.01477111 0.         0.         0.        ],[0. 0. 0. 0. 1. 0. 0. 0. 0. 0. 0. 0. 0. 0. 0. 0. 0. 0. 0. 0. 0. 0. 0. 0. 0. 0. 0. 1. 0. 0. 0.],2.0,random,1000,100,30,0.7,0.1,0.9,0.1,0.9,300,0.3,1,2,,problem_solving,30
670,-0.006787432734771139,0.002433,0.01073904676395877,0.636,0.20649047728786893,-66.57377325442513,[0.         0.         0.         0.         0.98522889 0.         0.         0.         0.         0.         0.         0.         0.         0.         0.         0.         0.         0.         0.         0.         0.         0.         0.         0.         0.         0.         0.         0.01477111 0.         0.         0.        ],[0. 0. 0. 0. 1. 0. 0. 0. 0. 0. 0. 0. 0. 0. 0. 0. 0. 0. 0. 0. 0. 0. 0. 0. 0. 0. 0. 1. 0. 0. 0.],2.0,random,1000,100,30,0.7,0.1,0.9,0.1,0.9,300,0.3,1,2,,problem_solving,30
680,-0.006787432734771139,0.002433,0.01073904676395877,0.644,0.20200289939437233,-66.19872758285194,[0.         0.         0.         0.         0.98522889 0.         0.         0.         0.         0.         0.         0.         0.         0.         0.         0.         0.         0.         0.         0.         0.         0.         0.         0.         0.         0.         0.         0.01477111 0.         0.         0.        ],[0. 0. 0. 0. 1. 0. 0. 0. 0. 0. 0. 0. 0. 0. 0. 0. 0. 0. 0. 0. 0. 0. 0. 0. 0. 0. 0. 1. 0. 0. 0.],2.0,random,1000,100,30,0.7,0.1,0.9,0.1,0.9,300,0.3,1,2,,problem_solving,30
690,-0.006787432734771139,0.002433,0.01073904676395877,0.652,0.1976128483002454,-49.30900217473872,[0.         0.         0.         0.         0.98522889 0.         0.         0.         0.         0.         0.         0.         0.         0.         0.         0.         0.         0.         0.         0.         0.         0.         0.         0.         0.         0.         0.         0.01477111 0.         0.         0.        ],[0. 0. 0. 0. 1. 0. 0. 0. 0. 0. 0. 0. 0. 0. 0. 0. 0. 0. 0. 0. 0. 0. 0. 0. 0. 0. 0. 1. 0. 0. 0.],2.0,random,1000,100,30,0.7,0.1,0.9,0.1,0.9,300,0.3,1,2,,problem_solving,30
700,-0.006787432734771139,0.002433,0.01073904676395877,0.66,0.19331820449317633,-49.61719046906908,[0.         0.         0.         0.         0.98522889 0.         0.         0.         0.         0.         0.         0.         0.         0.         0.         0.         0.         0.         0.         0.         0.         0.         0.         0.         0.         0.         0.         0.01477111 0.         0.         0.        ],[0. 0. 0. 0. 1. 0. 0. 0. 0. 0. 0. 0. 0. 0. 0. 0. 0. 0. 0. 0. 0. 0. 0. 0. 0. 0. 0. 1. 0. 0. 0.],2.0,random,1000,100,30,0.7,0.1,0.9,0.1,0.9,300,0.3,1,2,,problem_solving,30
710,-0.006787432734771139,0.002433,0.01073904676395877,0.668,0.18911689452339692,5.15379824786836,[0.         0.         0.         0.         0.98522889 0.         0.         0.         0.         0.         0.         0.         0.         0.         0.         0.         0.         0.         0.         0.         0.         0.         0.         0.         0.         0.         0.         0.01477111 0.         0.         0.        ],[0. 0. 0. 0. 1. 0. 0. 0. 0. 0. 0. 0. 0. 0. 0. 0. 0. 0. 0. 0. 0. 0. 0. 0. 0. 0. 0. 1. 0. 0. 0.],2.0,random,1000,100,30,0.7,0.1,0.9,0.1,0.9,300,0.3,1,2,,problem_solving,30
720,-0.006787432734771139,0.002433,0.01073904676395877,0.676,0.1850068900026229,29.095046924445345,[0.         0.         0.         0.         0.98522889 0.         0.         0.         0.         0.         0.         0.         0.         0.         0.         0.         0.         0.         0.         0.         0.         0.         0.         0.         0.         0.         0.         0.01477111 0.         0.         0.        ],[0. 0. 0. 0. 1. 0. 0. 0. 0. 0. 0. 0. 0. 0. 0. 0. 0. 0. 0. 0. 0. 0. 0. 0. 0. 0. 0. 1. 0. 0. 0.],2.0,random,1000,100,30,0.7,0.1,0.9,0.1,0.9,300,0.3,1,2,,problem_solving,30
730,-0.006787432734771139,0.002433,0.01073904676395877,0.684,0.18098620662475023,-19.60019968475636,[0.         0.         0.         0.         0.98522889 0.         0.         0.         0.         0.         0.         0.         0.         0.         0.         0.         0.         0.         0.         0.         0.         0.         0.         0.         0.         0.         0.         0.01477111 0.         0.         0.        ],[0. 0. 0. 0. 1. 0. 0. 0. 0. 0. 0. 0. 0. 0. 0. 0. 0. 0. 0. 0. 0. 0. 0. 0. 0. 0. 0. 1. 0. 0. 0.],2.0,random,1000,100,30,0.7,0.1,0.9,0.1,0.9,300,0.3,1,2,,problem_solving,30
740,-0.006787432734771139,0.002433,0.01073904676395877,0.6920000000000001,0.177052903207834,18.10515573283362,[0.         0.         0.         0.         0.98522889 0.         0.         0.         0.         0.         0.         0.         0.         0.         0.         0.         0.         0.         0.         0.         0.         0.         0.         0.         0.         0.         0.         0.01477111 0.         0.         0.        ],[0. 0. 0. 0. 1. 0. 0. 0. 0. 0. 0. 0. 0. 0. 0. 0. 0. 0. 0. 0. 0. 0. 0. 0. 0. 0. 0. 1. 0. 0. 0.],2.0,random,1000,100,30,0.7,0.1,0.9,0.1,0.9,300,0.3,1,2,,problem_solving,30
750,-0.006787432734771139,0.002433,0.01073904676395877,0.7,0.17320508075688776,-33.334534281998195,[0.         0.         0.         0.         0.98522889 0.         0.         0.         0.         0.         0.         0.         0.         0.         0.         0.         0.         0.         0.         0.         0.         0.         0.         0.         0.         0.         0.         0.01477111 0.         0.         0.        ],[0. 0. 0. 0. 1. 0. 0. 0. 0. 0. 0. 0. 0. 0. 0. 0. 0. 0. 0. 0. 0. 0. 0. 0. 0. 0. 0. 1. 0. 0. 0.],2.0,random,1000,100,30,0.7,0.1,0.9,0.1,0.9,300,0.3,1,2,,problem_solving,30
760,-0.006787432734771139,0.002433,0.01073904676395877,0.708,0.16944088154705061,7.1037521343174665,[0.         0.         0.         0.         0.98522889 0.         0.         0.         0.         0.         0.         0.         0.         0.         0.         0.         0.         0.         0.         0.         0.         0.         0.         0.         0.         0.         0.         0.01477111 0.         0.         0.        ],[0. 0. 0. 0. 1. 0. 0. 0. 0. 0. 0. 0. 0. 0. 0. 0. 0. 0. 0. 0. 0. 0. 0. 0. 0. 0. 0. 1. 0. 0. 0.],2.0,random,1000,100,30,0.7,0.1,0.9,0.1,0.9,300,0.3,1,2,,problem_solving,30
770,-0.006787432734771139,0.002433,0.01073904676395877,0.716,0.16575848822667935,-68.82652874787567,[0.         0.         0.         0.         0.98522889 0.         0.         0.         0.         0.         0.         0.         0.         0.         0.         0.         0.         0.         0.         0.         0.         0.         0.         0.         0.         0.         0.         0.01477111 0.         0.         0.        ],[0. 0. 0. 0. 1. 0. 0. 0. 0. 0. 0. 0. 0. 0. 0. 0. 0. 0. 0. 0. 0. 0. 0. 0. 0. 0. 0. 1. 0. 0. 0.],2.0,random,1000,100,30,0.7,0.1,0.9,0.1,0.9,300,0.3,1,2,,problem_solving,30
780,-0.006787432734771139,0.002433,0.01073904676395877,0.724,0.1621561229399332,-54.57354429151718,[0.         0.         0.         0.         0.98522889 0.         0.         0.         0.         0.         0.         0.         0.         0.         0.         0.         0.         0.         0.         0.         0.         0.         0.         0.         0.         0.         0.         0.01477111 0.         0.         0.        ],[0. 0. 0. 0. 1. 0. 0. 0. 0. 0. 0. 0. 0. 0. 0. 0. 0. 0. 0. 0. 0. 0. 0. 0. 0. 0. 0. 1. 0. 0. 0.],2.0,random,1000,100,30,0.7,0.1,0.9,0.1,0.9,300,0.3,1,2,,problem_solving,30
790,-0.006787432734771139,0.002433,0.01073904676395877,0.732,0.15863204646842655,62.40401079037703,[0.         0.         0.         0.         0.98522889 0.         0.         0.         0.         0.         0.         0.         0.         0.         0.         0.         0.         0.         0.         0.         0.         0.         0.         0.         0.         0.         0.         0.01477111 0.         0.         0.        ],[0. 0. 0. 0. 1. 0. 0. 0. 0. 0. 0. 0. 0. 0. 0. 0. 0. 0. 0. 0. 0. 0. 0. 0. 0. 0. 0. 1. 0. 0. 0.],2.0,random,1000,100,30,0.7,0.1,0.9,0.1,0.9,300,0.3,1,2,,problem_solving,30
800,-0.006787432734771139,0.002433,0.01073904676395877,0.74,0.15518455739153603,7.636179494081638,[0.         0.         0.         0.         0.98522889 0.         0.         0.         0.         0.         0.         0.         0.         0.         0.         0.         0.         0.         0.         0.         0.         0.         0.         0.         0.         0.         0.         0.01477111 0.         0.         0.        ],[0. 0. 0. 0. 1. 0. 0. 0. 0. 0. 0. 0. 0. 0. 0. 0. 0. 0. 0. 0. 0. 0. 0. 0. 0. 0. 0. 1. 0. 0. 0.],2.0,random,1000,100,30,0.7,0.1,0.9,0.1,0.9,300,0.3,1,2,,problem_solving,30
810,-0.006787432734771139,0.002433,0.01073904676395877,0.748,0.15181199126495645,-21.90408679086589,[0.         0.         0.         0.         0.98522889 0.         0.         0.         0.         0.         0.         0.         0.         0.         0.         0.         0.         0.         0.         0.         0.         0.         0.         0.         0.         0.         0.         0.01477111 0.         0.         0.        ],[0. 0. 0. 0. 1. 0. 0. 0. 0. 0. 0. 0. 0. 0. 0. 0. 0. 0. 0. 0. 0. 0. 0. 0. 0. 0. 0. 1. 0. 0. 0.],2.0,random,1000,100,30,0.7,0.1,0.9,0.1,0.9,300,0.3,1,2,,problem_solving,30
820,-0.006787432734771139,0.002433,0.01073904676395877,0.756,0.14851271981710873,84.57293670347447,[0.         0.         0.         0.         0.98522889 0.         0.         0.         0.         0.         0.         0.         0.         0.         0.         0.         0.         0.         0.         0.         0.         0.         0.         0.         0.         0.         0.         0.01477111 0.         0.         0.        ],[0. 0. 0. 0. 1. 0. 0. 0. 0. 0. 0. 0. 0. 0. 0. 0. 0. 0. 0. 0. 0. 0. 0. 0. 0. 0. 0. 1. 0. 0. 0.],2.0,random,1000,100,30,0.7,0.1,0.9,0.1,0.9,300,0.3,1,2,,problem_solving,30
830,-0.006787432734771139,0.002433,0.01073904676395877,0.764,0.14528515016301183,-28.41884574549069,[0.         0.         0.         0.         0.98522889 0.         0.         0.         0.         0.         0.         0.         0.         0.         0.         0.         0.         0.         0.         0.         0.         0.         0.         0.         0.         0.         0.         0.01477111 0.         0.         0.        ],[0. 0. 0. 0. 1. 0. 0. 0. 0. 0. 0. 0. 0. 0. 0. 0. 0. 0. 0. 0. 0. 0. 0. 0. 0. 0. 0. 1. 0. 0. 0.],2.0,random,1000,100,30,0.7,0.1,0.9,0.1,0.9,300,0.3,1,2,,problem_solving,30
840,-0.006787432734771139,0.002433,0.01073904676395877,0.772,0.14212772403523963,41.24665189010677,[0.         0.         0.         0.         0.98522889 0.         0.         0.         0.         0.         0.         0.         0.         0.         0.         0.         0.         0.         0.         0.         0.         0.         0.         0.         0.         0.         0.         0.01477111 0.         0.         0.        ],[0. 0. 0. 0. 1. 0. 0. 0. 0. 0. 0. 0. 0. 0. 0. 0. 0. 0. 0. 0. 0. 0. 0. 0. 0. 0. 0. 1. 0. 0. 0.],2.0,random,1000,100,30,0.7,0.1,0.9,0.1,0.9,300,0.3,1,2,,problem_solving,30
850,-0.006787432734771139,0.002433,0.01073904676395877,0.78,0.139038917031591,20.997188169741726,[0.         0.         0.         0.         0.98522889 0.         0.         0.         0.         0.         0.         0.         0.         0.         0.         0.         0.         0.         0.         0.         0.         0.         0.         0.         0.         0.         0.         0.01477111 0.         0.         0.        ],[0. 0. 0. 0. 1. 0. 0. 0. 0. 0. 0. 0. 0. 0. 0. 0. 0. 0. 0. 0. 0. 0. 0. 0. 0. 0. 0. 1. 0. 0. 0.],2.0,random,1000,100,30,0.7,0.1,0.9,0.1,0.9,300,0.3,1,2,,problem_solving,30
860,-0.006787432734771139,0.002433,0.01073904676395877,0.788,0.13601723787910963,15.282078353422953,[0.         0.         0.         0.         0.98522889 0.         0.         0.         0.         0.         0.         0.         0.         0.         0.         0.         0.         0.         0.         0.         0.         0.         0.         0.         0.         0.         0.         0.01477111 0.         0.         0.        ],[0. 0. 0. 0. 1. 0. 0. 0. 0. 0. 0. 0. 0. 0. 0. 0. 0. 0. 0. 0. 0. 0. 0. 0. 0. 0. 0. 1. 0. 0. 0.],2.0,random,1000,100,30,0.7,0.1,0.9,0.1,0.9,300,0.3,1,2,,problem_solving,30
870,-0.006787432734771139,0.002433,0.01073904676395877,0.796,0.13306122771409937,32.63429127944294,[0.         0.         0.         0.         0.98522889 0.         0.         0.         0.         0.         0.         0.         0.         0.         0.         0.         0.         0.         0.         0.         0.         0.         0.         0.         0.         0.         0.         0.01477111 0.         0.         0.        ],[0. 0. 0. 0. 1. 0. 0. 0. 0. 0. 0. 0. 0. 0. 0. 0. 0. 0. 0. 0. 0. 0. 0. 0. 0. 0. 0. 1. 0. 0. 0.],2.0,random,1000,100,30,0.7,0.1,0.9,0.1,0.9,300,0.3,1,2,,problem_solving,30
880,-0.006787432734771139,0.002433,0.01073904676395877,0.804,0.13016945937778596,1.9290872378062653,[0.         0.         0.         0.         0.98522889 0.         0.         0.         0.         0.         0.         0.         0.         0.         0.         0.         0.         0.         0.         0.         0.         0.         0.         0.         0.         0.         0.         0.01477111 0.         0.         0.        ],[0. 0. 0. 0. 1. 0. 0. 0. 0. 0. 0. 0. 0. 0. 0. 0. 0. 0. 0. 0. 0. 0. 0. 0. 0. 0. 0. 1. 0. 0. 0.],2.0,random,1000,100,30,0.7,0.1,0.9,0.1,0.9,300,0.3,1,2,,problem_solving,30
890,-0.006787432734771139,0.002433,0.01073904676395877,0.812,0.1273405367272862,4.914336429745898,[0.         0.         0.         0.         0.98522889 0.         0.         0.         0.         0.         0.         0.         0.         0.         0.         0.         0.         0.         0.         0.         0.         0.         0.         0.         0.         0.         0.         0.01477111 0.         0.         0.        ],[0. 0. 0. 0. 1. 0. 0. 0. 0. 0. 0. 0. 0. 0. 0. 0. 0. 0. 0. 0. 0. 0. 0. 0. 0. 0. 0. 1. 0. 0. 0.],2.0,random,1000,100,30,0.7,0.1,0.9,0.1,0.9,300,0.3,1,2,,problem_solving,30
900,-0.006787432734771139,0.002433,0.01073904676395877,0.8200000000000001,0.12457309396155179,-8.63419924306975,[0.         0.         0.         0.         0.98522889 0.         0.         0.         0.         0.         0.         0.         0.         0.         0.         0.         0.         0.         0.         0.         0.         0.         0.         0.         0.         0.         0.         0.01477111 0.         0.         0.        ],[0. 0. 0. 0. 1. 0. 0. 0. 0. 0. 0. 0. 0. 0. 0. 0. 0. 0. 0. 0. 0. 0. 0. 0. 0. 0. 0. 1. 0. 0. 0.],2.0,random,1000,100,30,0.7,0.1,0.9,0.1,0.9,300,0.3,1,2,,problem_solving,30
910,-0.006787432734771139,0.002433,0.01073904676395877,0.828,0.12186579496196166,6.3463970503985605,[0.         0.         0.         0.         0.98522889 0.         0.         0.         0.         0.         0.         0.         0.         0.         0.         0.         0.         0.         0.         0.         0.         0.         0.         0.         0.         0.         0.         0.01477111 0.         0.         0.        ],[0. 0. 0. 0. 1. 0. 0. 0. 0. 0. 0. 0. 0. 0. 0. 0. 0. 0. 0. 0. 0. 0. 0. 0. 0. 0. 0. 1. 0. 0. 0.],2.0,random,1000,100,30,0.7,0.1,0.9,0.1,0.9,300,0.3,1,2,,problem_solving,30
920,-0.006787432734771139,0.002433,0.01073904676395877,0.836,0.11921733264724545,-0.5065946256009687,[0.         0.         0.         0.         0.98522889 0.         0.         0.         0.         0.         0.         0.         0.         0.         0.         0.         0.         0.         0.         0.         0.         0.         0.         0.         0.         0.         0.         0.01477111 0.         0.         0.        ],[0. 0. 0. 0. 1. 0. 0. 0. 0. 0. 0. 0. 0. 0. 0. 0. 0. 0. 0. 0. 0. 0. 0. 0. 0. 0. 0. 1. 0. 0. 0.],2.0,random,1000,100,30,0.7,0.1,0.9,0.1,0.9,300,0.3,1,2,,problem_solving,30
930,-0.006787432734771139,0.002433,0.01073904676395877,0.844,0.11662642834242573,-26.154503662473186,[0.         0.         0.         0.         0.98522889 0.         0.         0.         0.         0.         0.         0.         0.         0.         0.         0.         0.         0.         0.         0.         0.         0.         0.         0.         0.         0.         0.         0.01477111 0.         0.         0.        ],[0. 0. 0. 0. 1. 0. 0. 0. 0. 0. 0. 0. 0. 0. 0. 0. 0. 0. 0. 0. 0. 0. 0. 0. 0. 0. 0. 1. 0. 0. 0.],2.0,random,1000,100,30,0.7,0.1,0.9,0.1,0.9,300,0.3,1,2,,problem_solving,30
940,-0.006787432734771139,0.002433,0.01073904676395877,0.852,0.11409183116147535,-19.751675126229717,[0.         0.         0.         0.         0.98522889 0.         0.         0.         0.         0.         0.         0.         0.         0.         0.         0.         0.         0.         0.         0.         0.         0.         0.         0.         0.         0.         0.         0.01477111 0.         0.         0.        ],[0. 0. 0. 0. 1. 0. 0. 0. 0. 0. 0. 0. 0. 0. 0. 0. 0. 0. 0. 0. 0. 0. 0. 0. 0. 0. 0. 1. 0. 0. 0.],2.0,random,1000,100,30,0.7,0.1,0.9,0.1,0.9,300,0.3,1,2,,problem_solving,30
950,-0.006787432734771139,0.002433,0.01073904676395877,0.86,0.11161231740339052,-8.095128812442027,[0.         0.         0.         0.         0.98522889 0.         0.         0.         0.         0.         0.         0.         0.         0.         0.         0.         0.         0.         0.         0.         0.         0.         0.         0.         0.         0.         0.         0.01477111 0.         0.         0.        ],[0. 0. 0. 0. 1. 0. 0. 0. 0. 0. 0. 0. 0. 0. 0. 0. 0. 0. 0. 0. 0. 0. 0. 0. 0. 0. 0. 1. 0. 0. 0.],2.0,random,1000,100,30,0.7,0.1,0.9,0.1,0.9,300,0.3,1,2,,problem_solving,30
960,-0.006787432734771139,0.002433,0.01073904676395877,0.868,0.10918668996138928,49.596823396350715,[0.         0.         0.         0.         0.98522889 0.         0.         0.         0.         0.         0.         0.         0.         0.         0.         0.         0.         0.         0.         0.         0.         0.         0.         0.         0.         0.         0.         0.01477111 0.         0.         0.        ],[0. 0. 0. 0. 1. 0. 0. 0. 0. 0. 0. 0. 0. 0. 0. 0. 0. 0. 0. 0. 0. 0. 0. 0. 0. 0. 0. 1. 0. 0. 0.],2.0,random,1000,100,30,0.7,0.1,0.9,0.1,0.9,300,0.3,1,2,,problem_solving,30
970,-0.006787432734771139,0.002433,0.01073904676395877,0.876,0.10681377774494985,-28.524975991854774,[0.         0.         0.         0.         0.98522889 0.         0.         0.         0.         0.         0.         0.         0.         0.         0.         0.         0.         0.         0.         0.         0.         0.         0.         0.         0.         0.         0.         0.01477111 0.         0.         0.        ],[0. 0. 0. 0. 1. 0. 0. 0. 0. 0. 0. 0. 0. 0. 0. 0. 0. 0. 0. 0. 0. 0. 0. 0. 0. 0. 0. 1. 0. 0. 0.],2.0,random,1000,100,30,0.7,0.1,0.9,0.1,0.9,300,0.3,1,2,,problem_solving,30
980,-0.006787432734771139,0.002433,0.01073904676395877,0.884,0.10449243511440878,102.58904604364568,[0.         0.         0.         0.         0.98522889 0.         0.         0.         0.         0.         0.         0.         0.         0.         0.         0.         0.         0.         0.         0.         0.         0.         0.         0.         0.         0.         0.         0.01477111 0.         0.         0.        ],[0. 0. 0. 0. 1. 0. 0. 0. 0. 0. 0. 0. 0. 0. 0. 0. 0. 0. 0. 0. 0. 0. 0. 0. 0. 0. 0. 1. 0. 0. 0.],2.0,random,1000,100,30,0.7,0.1,0.9,0.1,0.9,300,0.3,1,2,,problem_solving,30
990,-0.006787432734771139,0.002433,0.01073904676395877,0.892,0.10222154132784776,-51.925965285307726,[0.         0.         0.         0.         0.98522889 0.         0.         0.         0.         0.         0.         0.         0.         0.         0.         0.         0.         0.         0.         0.         0.         0.         0.         0.         0.         0.         0.         0.01477111 0.         0.         0.        ],[0. 0. 0. 0. 1. 0. 0. 0. 0. 0. 0. 0. 0. 0. 0. 0. 0. 0. 0. 0. 0. 0. 0. 0. 0. 0. 0. 1. 0. 0. 0.],2.0,random,1000,100,30,0.7,0.1,0.9,0.1,0.9,300,0.3,1,2,,problem_solving,30
999,-0.006787432734771139,0.002433,0.01073904676395877,0.8992,0.10021996402441886,-55.87743472586606,[0.         0.         0.         0.         0.98522889 0.         0.         0.         0.         0.         0.         0.         0.         0.         0.         0.         0.         0.         0.         0.         0.         0.         0.         0.         0.         0.         0.         0.01477111 0.         0.         0.        ],[0. 0. 0. 0. 1. 0. 0. 0. 0. 0. 0. 0. 0. 0. 0. 0. 0. 0. 0. 0. 0. 0. 0. 0. 0. 0. 0. 1. 0. 0. 0.],2.0,random,1000,100,30,0.7,0.1,0.9,0.1,0.9,300,0.3,1,2,,problem_solving,30
