iter,cost,risk,return,par,bw,move,X,Z,Q,pop_init,max_iter,pop_size,mem_size,mem_consider,par_min,par_max,bw_min,bw_max,sigma,lambda,port_n,k,seed,tag,local_search
1,0.05227445446612507,0.105009,0.005335181203843349,0.50004,0.8999471007548476,-0.10034946239734287,[0.         0.         0.         0.         0.         0.         0.         0.         0.02761487 0.         0.         0.         0.         0.         0.         0.01769471 0.01769471 0.         0.         0.         0.         0.         0.         0.         0.         0.02245564 0.         0.86777056 0.         0.04676951 0.        ],[0. 0. 0. 0. 0. 0. 0. 0. 1. 0. 0. 0. 0. 0. 0. 1. 1. 0. 0. 0. 0. 0. 0. 0. 0. 1. 0. 1. 0. 1. 0.],6.0,best,10000,100000,100,0.9,0.5,0.9,0.5,0.9,1,0.93,1,6,,problem_solving,10
100,0.02643409290417535,0.104658,0.005040741863863287,0.504,0.894725436791504,0.8072058466435583,[0.         0.         0.         0.         0.01856647 0.         0.02709651 0.         0.         0.         0.         0.         0.         0.         0.         0.02520634 0.         0.         0.         0.         0.01856647 0.         0.         0.         0.         0.02971598 0.         0.88084822 0.         0.         0.        ],[0. 0. 0. 0. 1. 0. 1. 0. 0. 0. 0. 0. 0. 0. 0. 1. 0. 0. 0. 0. 1. 0. 0. 0. 0. 1. 0. 1. 0. 0. 0.],6.0,best,10000,100000,100,0.9,0.5,0.9,0.5,0.9,1,0.93,1,6,,problem_solving,10
200,0.026193045270557533,0.091225,0.003728524095844764,0.508,0.8894817858241639,1.4933766704685725,[0.         0.03532824 0.         0.         0.02943543 0.         0.         0.         0.         0.         0.         0.         0.         0.         0.         0.02831199 0.         0.         0.         0.         0.         0.         0.         0.         0.01481775 0.0214501  0.         0.87065649 0.         0.         0.        ],[0. 1. 0. 0. 1. 0. 0. 0. 0. 0. 0. 0. 0. 0. 0. 1. 0. 0. 0. 0. 0. 0. 0. 0. 1. 1. 0. 1. 0. 0. 0.],6.0,best,10000,100000,100,0.9,0.5,0.9,0.5,0.9,1,0.93,1,6,,problem_solving,10
300,0.02184578940113512,0.093186,0.005912333818285809,0.512,0.8842688659329022,0.6198221668060895,[0.         0.         0.         0.         0.         0.         0.02141417 0.         0.         0.         0.         0.         0.         0.01381124 0.         0.         0.         0.         0.         0.         0.         0.0160523  0.         0.01381124 0.         0.0332725  0.         0.90163855 0.         0.         0.        ],[0. 0. 0. 0. 0. 0. 1. 0. 0. 0. 0. 0. 0. 1. 0. 0. 0. 0. 0. 0. 0. 1. 0. 1. 0. 1. 0. 1. 0. 0. 0.],6.0,best,10000,100000,100,0.9,0.5,0.9,0.5,0.9,1,0.93,1,6,,problem_solving,10
400,0.019400783552578297,0.104688,0.00480187142680482,0.516,0.879086497014382,0.07462029871985852,[0.013842   0.013842   0.         0.         0.         0.         0.         0.         0.02511416 0.         0.         0.         0.         0.         0.         0.01497379 0.         0.         0.         0.013842   0.         0.         0.         0.         0.         0.         0.         0.91838604 0.         0.         0.        ],[1. 1. 0. 0. 0. 0. 0. 0. 1. 0. 0. 0. 0. 0. 0. 1. 0. 0. 0. 1. 0. 0. 0. 0. 0. 0. 0. 1. 0. 0. 0.],6.0,best,10000,100000,100,0.9,0.5,0.9,0.5,0.9,1,0.93,1,6,,problem_solving,10
500,0.019400783552578297,0.104688,0.00480187142680482,0.52,0.8739345000207845,0.426110708138576,[0.013842   0.013842   0.         0.         0.         0.         0.         0.         0.02511416 0.         0.         0.         0.         0.         0.         0.01497379 0.         0.         0.         0.013842   0.         0.         0.         0.         0.         0.         0.         0.91838604 0.         0.         0.        ],[1. 1. 0. 0. 0. 0. 0. 0. 1. 0. 0. 0. 0. 0. 0. 1. 0. 0. 0. 1. 0. 0. 0. 0. 0. 0. 0. 1. 0. 0. 0.],6.0,best,10000,100000,100,0.9,0.5,0.9,0.5,0.9,1,0.93,1,6,,problem_solving,10
600,0.01756772421452316,0.088031,0.003167797566134095,0.524,0.8688126969536234,0.4804301692638547,[0.         0.         0.         0.         0.01866421 0.         0.01475608 0.         0.         0.         0.         0.         0.         0.         0.         0.         0.01567073 0.         0.         0.         0.         0.         0.         0.         0.         0.01681128 0.         0.91804812 0.         0.         0.01604957],[0. 0. 0. 0. 1. 0. 1. 0. 0. 0. 0. 0. 0. 0. 0. 0. 1. 0. 0. 0. 0. 0. 0. 0. 0. 1. 0. 1. 0. 0. 1.],6.0,best,10000,100000,100,0.9,0.5,0.9,0.5,0.9,1,0.93,1,6,,problem_solving,10
700,0.01756772421452316,0.088031,0.003167797566134095,0.528,0.8637209108575947,0.649829934517628,[0.         0.         0.         0.         0.01866421 0.         0.01475608 0.         0.         0.         0.         0.         0.         0.         0.         0.         0.01567073 0.         0.         0.         0.         0.         0.         0.         0.         0.01681128 0.         0.91804812 0.         0.         0.01604957],[0. 0. 0. 0. 1. 0. 1. 0. 0. 0. 0. 0. 0. 0. 0. 0. 1. 0. 0. 0. 0. 0. 0. 0. 0. 1. 0. 1. 0. 0. 1.],6.0,best,10000,100000,100,0.9,0.5,0.9,0.5,0.9,1,0.93,1,6,,problem_solving,10
800,0.01756772421452316,0.088031,0.003167797566134095,0.532,0.8586589658144633,-0.35157365074428987,[0.         0.         0.         0.         0.01866421 0.         0.01475608 0.         0.         0.         0.         0.         0.         0.         0.         0.         0.01567073 0.         0.         0.         0.         0.         0.         0.         0.         0.01681128 0.         0.91804812 0.         0.         0.01604957],[0. 0. 0. 0. 1. 0. 1. 0. 0. 0. 0. 0. 0. 0. 0. 0. 1. 0. 0. 0. 0. 0. 0. 0. 0. 1. 0. 1. 0. 0. 1.],6.0,best,10000,100000,100,0.9,0.5,0.9,0.5,0.9,1,0.93,1,6,,problem_solving,10
900,0.01756772421452316,0.088031,0.003167797566134095,0.536,0.8536266869369854,0.8718195068750682,[0.         0.         0.         0.         0.01866421 0.         0.01475608 0.         0.         0.         0.         0.         0.         0.         0.         0.         0.01567073 0.         0.         0.         0.         0.         0.         0.         0.         0.01681128 0.         0.91804812 0.         0.         0.01604957],[0. 0. 0. 0. 1. 0. 1. 0. 0. 0. 0. 0. 0. 0. 0. 0. 1. 0. 0. 0. 0. 0. 0. 0. 0. 1. 0. 1. 0. 0. 1.],6.0,best,10000,100000,100,0.9,0.5,0.9,0.5,0.9,1,0.93,1,6,,problem_solving,10
1000,0.01756772421452316,0.088031,0.003167797566134095,0.54,0.8486239003628652,-0.38222679409197924,[0.         0.         0.         0.         0.01866421 0.         0.01475608 0.         0.         0.         0.         0.         0.         0.         0.         0.         0.01567073 0.         0.         0.         0.         0.         0.         0.         0.         0.01681128 0.         0.91804812 0.         0.         0.01604957],[0. 0. 0. 0. 1. 0. 1. 0. 0. 0. 0. 0. 0. 0. 0. 0. 1. 0. 0. 0. 0. 0. 0. 0. 0. 1. 0. 1. 0. 0. 1.],6.0,best,10000,100000,100,0.9,0.5,0.9,0.5,0.9,1,0.93,1,6,,problem_solving,10
1100,0.01756772421452316,0.088031,0.003167797566134095,0.544,0.8436504332487491,0.6103592126518239,[0.         0.         0.         0.         0.01866421 0.         0.01475608 0.         0.         0.         0.         0.         0.         0.         0.         0.         0.01567073 0.         0.         0.         0.         0.         0.         0.         0.         0.01681128 0.         0.91804812 0.         0.         0.01604957],[0. 0. 0. 0. 1. 0. 1. 0. 0. 0. 0. 0. 0. 0. 0. 0. 1. 0. 0. 0. 0. 0. 0. 0. 0. 1. 0. 1. 0. 0. 1.],6.0,best,10000,100000,100,0.9,0.5,0.9,0.5,0.9,1,0.93,1,6,,problem_solving,10
1200,0.01756772421452316,0.088031,0.003167797566134095,0.548,0.838706113764254,-0.05900207610130639,[0.         0.         0.         0.         0.01866421 0.         0.01475608 0.         0.         0.         0.         0.         0.         0.         0.         0.         0.01567073 0.         0.         0.         0.         0.         0.         0.         0.         0.01681128 0.         0.91804812 0.         0.         0.01604957],[0. 0. 0. 0. 1. 0. 1. 0. 0. 0. 0. 0. 0. 0. 0. 0. 1. 0. 0. 0. 0. 0. 0. 0. 0. 1. 0. 1. 0. 0. 1.],6.0,best,10000,100000,100,0.9,0.5,0.9,0.5,0.9,1,0.93,1,6,,problem_solving,10
1300,0.01756772421452316,0.088031,0.003167797566134095,0.552,0.83379077108603,-0.0026328191330980085,[0.         0.         0.         0.         0.01866421 0.         0.01475608 0.         0.         0.         0.         0.         0.         0.         0.         0.         0.01567073 0.         0.         0.         0.         0.         0.         0.         0.         0.01681128 0.         0.91804812 0.         0.         0.01604957],[0. 0. 0. 0. 1. 0. 1. 0. 0. 0. 0. 0. 0. 0. 0. 0. 1. 0. 0. 0. 0. 0. 0. 0. 0. 1. 0. 1. 0. 0. 1.],6.0,best,10000,100000,100,0.9,0.5,0.9,0.5,0.9,1,0.93,1,6,,problem_solving,10
1400,0.01756772421452316,0.088031,0.003167797566134095,0.556,0.828904235391859,0.7606418658762436,[0.         0.         0.         0.         0.01866421 0.         0.01475608 0.         0.         0.         0.         0.         0.         0.         0.         0.         0.01567073 0.         0.         0.         0.         0.         0.         0.         0.         0.01681128 0.         0.91804812 0.         0.         0.01604957],[0. 0. 0. 0. 1. 0. 1. 0. 0. 0. 0. 0. 0. 0. 0. 0. 1. 0. 0. 0. 0. 0. 0. 0. 0. 1. 0. 1. 0. 0. 1.],6.0,best,10000,100000,100,0.9,0.5,0.9,0.5,0.9,1,0.93,1,6,,problem_solving,10
1500,0.01756772421452316,0.088031,0.003167797566134095,0.56,0.8240463378547873,-0.5101778467661656,[0.         0.         0.         0.         0.01866421 0.         0.01475608 0.         0.         0.         0.         0.         0.         0.         0.         0.         0.01567073 0.         0.         0.         0.         0.         0.         0.         0.         0.01681128 0.         0.91804812 0.         0.         0.01604957],[0. 0. 0. 0. 1. 0. 1. 0. 0. 0. 0. 0. 0. 0. 0. 0. 1. 0. 0. 0. 0. 0. 0. 0. 0. 1. 0. 1. 0. 0. 1.],6.0,best,10000,100000,100,0.9,0.5,0.9,0.5,0.9,1,0.93,1,6,,problem_solving,10
1600,0.01756772421452316,0.088031,0.003167797566134095,0.5640000000000001,0.8192169106372932,0.8169395383662472,[0.         0.         0.         0.         0.01866421 0.         0.01475608 0.         0.         0.         0.         0.         0.         0.         0.         0.         0.01567073 0.         0.         0.         0.         0.         0.         0.         0.         0.01681128 0.         0.91804812 0.         0.         0.01604957],[0. 0. 0. 0. 1. 0. 1. 0. 0. 0. 0. 0. 0. 0. 0. 0. 1. 0. 0. 0. 0. 0. 0. 0. 0. 1. 0. 1. 0. 0. 1.],6.0,best,10000,100000,100,0.9,0.5,0.9,0.5,0.9,1,0.93,1,6,,problem_solving,10
1700,0.01756772421452316,0.088031,0.003167797566134095,0.5680000000000001,0.8144157868854872,-0.2128975316417216,[0.         0.         0.         0.         0.01866421 0.         0.01475608 0.         0.         0.         0.         0.         0.         0.         0.         0.         0.01567073 0.         0.         0.         0.         0.         0.         0.         0.         0.01681128 0.         0.91804812 0.         0.         0.01604957],[0. 0. 0. 0. 1. 0. 1. 0. 0. 0. 0. 0. 0. 0. 0. 0. 1. 0. 0. 0. 0. 0. 0. 0. 0. 1. 0. 1. 0. 0. 1.],6.0,best,10000,100000,100,0.9,0.5,0.9,0.5,0.9,1,0.93,1,6,,problem_solving,10
1800,0.01756772421452316,0.088031,0.003167797566134095,0.5720000000000001,0.8096428007233489,-0.7096983350456573,[0.         0.         0.         0.         0.01866421 0.         0.01475608 0.         0.         0.         0.         0.         0.         0.         0.         0.         0.01567073 0.         0.         0.         0.         0.         0.         0.         0.         0.01681128 0.         0.91804812 0.         0.         0.01604957],[0. 0. 0. 0. 1. 0. 1. 0. 0. 0. 0. 0. 0. 0. 0. 0. 1. 0. 0. 0. 0. 0. 0. 0. 0. 1. 0. 1. 0. 0. 1.],6.0,best,10000,100000,100,0.9,0.5,0.9,0.5,0.9,1,0.93,1,6,,problem_solving,10
1900,0.01756772421452316,0.088031,0.003167797566134095,0.5760000000000001,0.8048977872469943,0.16584156003001707,[0.         0.         0.         0.         0.01866421 0.         0.01475608 0.         0.         0.         0.         0.         0.         0.         0.         0.         0.01567073 0.         0.         0.         0.         0.         0.         0.         0.         0.01681128 0.         0.91804812 0.         0.         0.01604957],[0. 0. 0. 0. 1. 0. 1. 0. 0. 0. 0. 0. 0. 0. 0. 0. 1. 0. 0. 0. 0. 0. 0. 0. 0. 1. 0. 1. 0. 0. 1.],6.0,best,10000,100000,100,0.9,0.5,0.9,0.5,0.9,1,0.93,1,6,,problem_solving,10
2000,0.01756772421452316,0.088031,0.003167797566134095,0.58,0.80018058251898,0.5657211709530804,[0.         0.         0.         0.         0.01866421 0.         0.01475608 0.         0.         0.         0.         0.         0.         0.         0.         0.         0.01567073 0.         0.         0.         0.         0.         0.         0.         0.         0.01681128 0.         0.91804812 0.         0.         0.01604957],[0. 0. 0. 0. 1. 0. 1. 0. 0. 0. 0. 0. 0. 0. 0. 0. 1. 0. 0. 0. 0. 0. 0. 0. 0. 1. 0. 1. 0. 0. 1.],6.0,best,10000,100000,100,0.9,0.5,0.9,0.5,0.9,1,0.93,1,6,,problem_solving,10
2100,0.01756772421452316,0.088031,0.003167797566134095,0.584,0.7954910235626383,-1.5813758790370132,[0.         0.         0.         0.         0.01866421 0.         0.01475608 0.         0.         0.         0.         0.         0.         0.         0.         0.         0.01567073 0.         0.         0.         0.         0.         0.         0.         0.         0.01681128 0.         0.91804812 0.         0.         0.01604957],[0. 0. 0. 0. 1. 0. 1. 0. 0. 0. 0. 0. 0. 0. 0. 0. 1. 0. 0. 0. 0. 0. 0. 0. 0. 1. 0. 1. 0. 0. 1.],6.0,best,10000,100000,100,0.9,0.5,0.9,0.5,0.9,1,0.93,1,6,,problem_solving,10
2200,0.01756772421452316,0.088031,0.003167797566134095,0.588,0.7908289483564468,0.03729237000003516,[0.         0.         0.         0.         0.01866421 0.         0.01475608 0.         0.         0.         0.         0.         0.         0.         0.         0.         0.01567073 0.         0.         0.         0.         0.         0.         0.         0.         0.01681128 0.         0.91804812 0.         0.         0.01604957],[0. 0. 0. 0. 1. 0. 1. 0. 0. 0. 0. 0. 0. 0. 0. 0. 1. 0. 0. 0. 0. 0. 0. 0. 0. 1. 0. 1. 0. 0. 1.],6.0,best,10000,100000,100,0.9,0.5,0.9,0.5,0.9,1,0.93,1,6,,problem_solving,10
2300,0.01756772421452316,0.088031,0.003167797566134095,0.592,0.7861941958284306,0.09491186452690527,[0.         0.         0.         0.         0.01866421 0.         0.01475608 0.         0.         0.         0.         0.         0.         0.         0.         0.         0.01567073 0.         0.         0.         0.         0.         0.         0.         0.         0.01681128 0.         0.91804812 0.         0.         0.01604957],[0. 0. 0. 0. 1. 0. 1. 0. 0. 0. 0. 0. 0. 0. 0. 0. 1. 0. 0. 0. 0. 0. 0. 0. 0. 1. 0. 1. 0. 0. 1.],6.0,best,10000,100000,100,0.9,0.5,0.9,0.5,0.9,1,0.93,1,6,,problem_solving,10
2400,0.01756772421452316,0.088031,0.003167797566134095,0.596,0.7815866058505976,-1.6918694404192691,[0.         0.         0.         0.         0.01866421 0.         0.01475608 0.         0.         0.         0.         0.         0.         0.         0.         0.         0.01567073 0.         0.         0.         0.         0.         0.         0.         0.         0.01681128 0.         0.91804812 0.         0.         0.01604957],[0. 0. 0. 0. 1. 0. 1. 0. 0. 0. 0. 0. 0. 0. 0. 0. 1. 0. 0. 0. 0. 0. 0. 0. 0. 1. 0. 1. 0. 0. 1.],6.0,best,10000,100000,100,0.9,0.5,0.9,0.5,0.9,1,0.93,1,6,,problem_solving,10
2500,0.01756772421452316,0.088031,0.003167797566134095,0.6,0.7770060192334055,-0.8128316069565593,[0.         0.         0.         0.         0.01866421 0.         0.01475608 0.         0.         0.         0.         0.         0.         0.         0.         0.         0.01567073 0.         0.         0.         0.         0.         0.         0.         0.         0.01681128 0.         0.91804812 0.         0.         0.01604957],[0. 0. 0. 0. 1. 0. 1. 0. 0. 0. 0. 0. 0. 0. 0. 0. 1. 0. 0. 0. 0. 0. 0. 0. 0. 1. 0. 1. 0. 0. 1.],6.0,best,10000,100000,100,0.9,0.5,0.9,0.5,0.9,1,0.93,1,6,,problem_solving,10
2600,0.01756772421452316,0.088031,0.003167797566134095,0.604,0.7724522777202627,-0.21524222849029181,[0.         0.         0.         0.         0.01866421 0.         0.01475608 0.         0.         0.         0.         0.         0.         0.         0.         0.         0.01567073 0.         0.         0.         0.         0.         0.         0.         0.         0.01681128 0.         0.91804812 0.         0.         0.01604957],[0. 0. 0. 0. 1. 0. 1. 0. 0. 0. 0. 0. 0. 0. 0. 0. 1. 0. 0. 0. 0. 0. 0. 0. 0. 1. 0. 1. 0. 0. 1.],6.0,best,10000,100000,100,0.9,0.5,0.9,0.5,0.9,1,0.93,1,6,,problem_solving,10
2700,0.01756772421452316,0.088031,0.003167797566134095,0.608,0.7679252239820602,0.6610315103453974,[0.         0.         0.         0.         0.01866421 0.         0.01475608 0.         0.         0.         0.         0.         0.         0.         0.         0.         0.01567073 0.         0.         0.         0.         0.         0.         0.         0.         0.01681128 0.         0.91804812 0.         0.         0.01604957],[0. 0. 0. 0. 1. 0. 1. 0. 0. 0. 0. 0. 0. 0. 0. 0. 1. 0. 0. 0. 0. 0. 0. 0. 0. 1. 0. 1. 0. 0. 1.],6.0,best,10000,100000,100,0.9,0.5,0.9,0.5,0.9,1,0.93,1,6,,problem_solving,10
2800,0.01756772421452316,0.088031,0.003167797566134095,0.612,0.7634247016117359,0.3436265352519125,[0.         0.         0.         0.         0.01866421 0.         0.01475608 0.         0.         0.         0.         0.         0.         0.         0.         0.         0.01567073 0.         0.         0.         0.         0.         0.         0.         0.         0.01681128 0.         0.91804812 0.         0.         0.01604957],[0. 0. 0. 0. 1. 0. 1. 0. 0. 0. 0. 0. 0. 0. 0. 0. 1. 0. 0. 0. 0. 0. 0. 0. 0. 1. 0. 1. 0. 0. 1.],6.0,best,10000,100000,100,0.9,0.5,0.9,0.5,0.9,1,0.93,1,6,,problem_solving,10
2900,0.01756772421452316,0.088031,0.003167797566134095,0.616,0.758950555118871,-0.3067969463249738,[0.         0.         0.         0.         0.01866421 0.         0.01475608 0.         0.         0.         0.         0.         0.         0.         0.         0.         0.01567073 0.         0.         0.         0.         0.         0.         0.         0.         0.01681128 0.         0.91804812 0.         0.         0.01604957],[0. 0. 0. 0. 1. 0. 1. 0. 0. 0. 0. 0. 0. 0. 0. 0. 1. 0. 0. 0. 0. 0. 0. 0. 0. 1. 0. 1. 0. 0. 1.],6.0,best,10000,100000,100,0.9,0.5,0.9,0.5,0.9,1,0.93,1,6,,problem_solving,10
3000,0.01756772421452316,0.088031,0.003167797566134095,0.62,0.754502629924318,-0.9938976065326885,[0.         0.         0.         0.         0.01866421 0.         0.01475608 0.         0.         0.         0.         0.         0.         0.         0.         0.         0.01567073 0.         0.         0.         0.         0.         0.         0.         0.         0.01681128 0.         0.91804812 0.         0.         0.01604957],[0. 0. 0. 0. 1. 0. 1. 0. 0. 0. 0. 0. 0. 0. 0. 0. 1. 0. 0. 0. 0. 0. 0. 0. 0. 1. 0. 1. 0. 0. 1.],6.0,best,10000,100000,100,0.9,0.5,0.9,0.5,0.9,1,0.93,1,6,,problem_solving,10
3100,0.01756772421452316,0.088031,0.003167797566134095,0.624,0.7500807723548599,-0.4727606609751642,[0.         0.         0.         0.         0.01866421 0.         0.01475608 0.         0.         0.         0.         0.         0.         0.         0.         0.         0.01567073 0.         0.         0.         0.         0.         0.         0.         0.         0.01681128 0.         0.91804812 0.         0.         0.01604957],[0. 0. 0. 0. 1. 0. 1. 0. 0. 0. 0. 0. 0. 0. 0. 0. 1. 0. 0. 0. 0. 0. 0. 0. 0. 1. 0. 1. 0. 0. 1.],6.0,best,10000,100000,100,0.9,0.5,0.9,0.5,0.9,1,0.93,1,6,,problem_solving,10
3200,0.01756772421452316,0.088031,0.003167797566134095,0.628,0.7456848296379007,0.6633822977579398,[0.         0.         0.         0.         0.01866421 0.         0.01475608 0.         0.         0.         0.         0.         0.         0.         0.         0.         0.01567073 0.         0.         0.         0.         0.         0.         0.         0.         0.01681128 0.         0.91804812 0.         0.         0.01604957],[0. 0. 0. 0. 1. 0. 1. 0. 0. 0. 0. 0. 0. 0. 0. 0. 1. 0. 0. 0. 0. 0. 0. 0. 0. 1. 0. 1. 0. 0. 1.],6.0,best,10000,100000,100,0.9,0.5,0.9,0.5,0.9,1,0.93,1,6,,problem_solving,10
3300,0.01756772421452316,0.088031,0.003167797566134095,0.632,0.7413146498961878,-0.6707293858968838,[0.         0.         0.         0.         0.01866421 0.         0.01475608 0.         0.         0.         0.         0.         0.         0.         0.         0.         0.01567073 0.         0.         0.         0.         0.         0.         0.         0.         0.01681128 0.         0.91804812 0.         0.         0.01604957],[0. 0. 0. 0. 1. 0. 1. 0. 0. 0. 0. 0. 0. 0. 0. 0. 1. 0. 0. 0. 0. 0. 0. 0. 0. 1. 0. 1. 0. 0. 1.],6.0,best,10000,100000,100,0.9,0.5,0.9,0.5,0.9,1,0.93,1,6,,problem_solving,10
3400,0.01756772421452316,0.088031,0.003167797566134095,0.636,0.7369700821425638,-0.07260667868706566,[0.         0.         0.         0.         0.01866421 0.         0.01475608 0.         0.         0.         0.         0.         0.         0.         0.         0.         0.01567073 0.         0.         0.         0.         0.         0.         0.         0.         0.01681128 0.         0.91804812 0.         0.         0.01604957],[0. 0. 0. 0. 1. 0. 1. 0. 0. 0. 0. 0. 0. 0. 0. 0. 1. 0. 0. 0. 0. 0. 0. 0. 0. 1. 0. 1. 0. 0. 1.],6.0,best,10000,100000,100,0.9,0.5,0.9,0.5,0.9,1,0.93,1,6,,problem_solving,10
3500,0.01756772421452316,0.088031,0.003167797566134095,0.64,0.7326509762747511,-0.167025821927838,[0.         0.         0.         0.         0.01866421 0.         0.01475608 0.         0.         0.         0.         0.         0.         0.         0.         0.         0.01567073 0.         0.         0.         0.         0.         0.         0.         0.         0.01681128 0.         0.91804812 0.         0.         0.01604957],[0. 0. 0. 0. 1. 0. 1. 0. 0. 0. 0. 0. 0. 0. 0. 0. 1. 0. 0. 0. 0. 0. 0. 0. 0. 1. 0. 1. 0. 0. 1.],6.0,best,10000,100000,100,0.9,0.5,0.9,0.5,0.9,1,0.93,1,6,,problem_solving,10
3600,0.01756772421452316,0.088031,0.003167797566134095,0.644,0.7283571830701648,-0.5653179686493526,[0.         0.         0.         0.         0.01866421 0.         0.01475608 0.         0.         0.         0.         0.         0.         0.         0.         0.         0.01567073 0.         0.         0.         0.         0.         0.         0.         0.         0.01681128 0.         0.91804812 0.         0.         0.01604957],[0. 0. 0. 0. 1. 0. 1. 0. 0. 0. 0. 0. 0. 0. 0. 0. 1. 0. 0. 0. 0. 0. 0. 0. 0. 1. 0. 1. 0. 0. 1.],6.0,best,10000,100000,100,0.9,0.5,0.9,0.5,0.9,1,0.93,1,6,,problem_solving,10
3700,0.01756772421452316,0.088031,0.003167797566134095,0.648,0.7240885541807586,0.08203370896767996,[0.         0.         0.         0.         0.01866421 0.         0.01475608 0.         0.         0.         0.         0.         0.         0.         0.         0.         0.01567073 0.         0.         0.         0.         0.         0.         0.         0.         0.01681128 0.         0.91804812 0.         0.         0.01604957],[0. 0. 0. 0. 1. 0. 1. 0. 0. 0. 0. 0. 0. 0. 0. 0. 1. 0. 0. 0. 0. 0. 0. 0. 0. 1. 0. 1. 0. 0. 1.],6.0,best,10000,100000,100,0.9,0.5,0.9,0.5,0.9,1,0.93,1,6,,problem_solving,10
3800,0.01756772421452316,0.088031,0.003167797566134095,0.652,0.7198449421278975,0.8881527021033191,[0.         0.         0.         0.         0.01866421 0.         0.01475608 0.         0.         0.         0.         0.         0.         0.         0.         0.         0.01567073 0.         0.         0.         0.         0.         0.         0.         0.         0.01681128 0.         0.91804812 0.         0.         0.01604957],[0. 0. 0. 0. 1. 0. 1. 0. 0. 0. 0. 0. 0. 0. 0. 0. 1. 0. 0. 0. 0. 0. 0. 0. 0. 1. 0. 1. 0. 0. 1.],6.0,best,10000,100000,100,0.9,0.5,0.9,0.5,0.9,1,0.93,1,6,,problem_solving,10
3900,0.01756772421452316,0.088031,0.003167797566134095,0.656,0.7156262002972644,-0.8502441149011848,[0.         0.         0.         0.         0.01866421 0.         0.01475608 0.         0.         0.         0.         0.         0.         0.         0.         0.         0.01567073 0.         0.         0.         0.         0.         0.         0.         0.         0.01681128 0.         0.91804812 0.         0.         0.01604957],[0. 0. 0. 0. 1. 0. 1. 0. 0. 0. 0. 0. 0. 0. 0. 0. 1. 0. 0. 0. 0. 0. 0. 0. 0. 1. 0. 1. 0. 0. 1.],6.0,best,10000,100000,100,0.9,0.5,0.9,0.5,0.9,1,0.93,1,6,,problem_solving,10
4000,0.01756772421452316,0.088031,0.003167797566134095,0.66,0.7114321829337936,1.4212402863529552,[0.         0.         0.         0.         0.01866421 0.         0.01475608 0.         0.         0.         0.         0.         0.         0.         0.         0.         0.01567073 0.         0.         0.         0.         0.         0.         0.         0.         0.01681128 0.         0.91804812 0.         0.         0.01604957],[0. 0. 0. 0. 1. 0. 1. 0. 0. 0. 0. 0. 0. 0. 0. 0. 1. 0. 0. 0. 0. 0. 0. 0. 0. 1. 0. 1. 0. 0. 1.],6.0,best,10000,100000,100,0.9,0.5,0.9,0.5,0.9,1,0.93,1,6,,problem_solving,10
4100,0.01756772421452316,0.088031,0.003167797566134095,0.664,0.707262745136635,0.022651564664472525,[0.         0.         0.         0.         0.01866421 0.         0.01475608 0.         0.         0.         0.         0.         0.         0.         0.         0.         0.01567073 0.         0.         0.         0.         0.         0.         0.         0.         0.01681128 0.         0.91804812 0.         0.         0.01604957],[0. 0. 0. 0. 1. 0. 1. 0. 0. 0. 0. 0. 0. 0. 0. 0. 1. 0. 0. 0. 0. 0. 0. 0. 0. 1. 0. 1. 0. 0. 1.],6.0,best,10000,100000,100,0.9,0.5,0.9,0.5,0.9,1,0.93,1,6,,problem_solving,10
4200,0.01756772421452316,0.088031,0.003167797566134095,0.668,0.7031177428541489,-0.32313334049669634,[0.         0.         0.         0.         0.01866421 0.         0.01475608 0.         0.         0.         0.         0.         0.         0.         0.         0.         0.01567073 0.         0.         0.         0.         0.         0.         0.         0.         0.01681128 0.         0.91804812 0.         0.         0.01604957],[0. 0. 0. 0. 1. 0. 1. 0. 0. 0. 0. 0. 0. 0. 0. 0. 1. 0. 0. 0. 0. 0. 0. 0. 0. 1. 0. 1. 0. 0. 1.],6.0,best,10000,100000,100,0.9,0.5,0.9,0.5,0.9,1,0.93,1,6,,problem_solving,10
4300,0.01756772421452316,0.088031,0.003167797566134095,0.672,0.6989970328789274,-1.046192270333935,[0.         0.         0.         0.         0.01866421 0.         0.01475608 0.         0.         0.         0.         0.         0.         0.         0.         0.         0.01567073 0.         0.         0.         0.         0.         0.         0.         0.         0.01681128 0.         0.91804812 0.         0.         0.01604957],[0. 0. 0. 0. 1. 0. 1. 0. 0. 0. 0. 0. 0. 0. 0. 0. 1. 0. 0. 0. 0. 0. 0. 0. 0. 1. 0. 1. 0. 0. 1.],6.0,best,10000,100000,100,0.9,0.5,0.9,0.5,0.9,1,0.93,1,6,,problem_solving,10
4400,0.01756772421452316,0.088031,0.003167797566134095,0.676,0.6949004728428485,-0.9458723521629896,[0.         0.         0.         0.         0.01866421 0.         0.01475608 0.         0.         0.         0.         0.         0.         0.         0.         0.         0.01567073 0.         0.         0.         0.         0.         0.         0.         0.         0.01681128 0.         0.91804812 0.         0.         0.01604957],[0. 0. 0. 0. 1. 0. 1. 0. 0. 0. 0. 0. 0. 0. 0. 0. 1. 0. 0. 0. 0. 0. 0. 0. 0. 1. 0. 1. 0. 0. 1.],6.0,best,10000,100000,100,0.9,0.5,0.9,0.5,0.9,1,0.93,1,6,,problem_solving,10
4500,0.01756772421452316,0.088031,0.003167797566134095,0.68,0.6908279212121557,0.7692057308098587,[0.         0.         0.         0.         0.01866421 0.         0.01475608 0.         0.         0.         0.         0.         0.         0.         0.         0.         0.01567073 0.         0.         0.         0.         0.         0.         0.         0.         0.01681128 0.         0.91804812 0.         0.         0.01604957],[0. 0. 0. 0. 1. 0. 1. 0. 0. 0. 0. 0. 0. 0. 0. 0. 1. 0. 0. 0. 0. 0. 0. 0. 0. 1. 0. 1. 0. 0. 1.],6.0,best,10000,100000,100,0.9,0.5,0.9,0.5,0.9,1,0.93,1,6,,problem_solving,10
4600,0.01756772421452316,0.088031,0.003167797566134095,0.684,0.6867792372825697,-0.5179263501779753,[0.         0.         0.         0.         0.01866421 0.         0.01475608 0.         0.         0.         0.         0.         0.         0.         0.         0.         0.01567073 0.         0.         0.         0.         0.         0.         0.         0.         0.01681128 0.         0.91804812 0.         0.         0.01604957],[0. 0. 0. 0. 1. 0. 1. 0. 0. 0. 0. 0. 0. 0. 0. 0. 1. 0. 0. 0. 0. 0. 0. 0. 0. 1. 0. 1. 0. 0. 1.],6.0,best,10000,100000,100,0.9,0.5,0.9,0.5,0.9,1,0.93,1,6,,problem_solving,10
4700,0.01756772421452316,0.088031,0.003167797566134095,0.6880000000000001,0.6827542811744257,-0.08035620934228324,[0.         0.         0.         0.         0.01866421 0.         0.01475608 0.         0.         0.         0.         0.         0.         0.         0.         0.         0.01567073 0.         0.         0.         0.         0.         0.         0.         0.         0.01681128 0.         0.91804812 0.         0.         0.01604957],[0. 0. 0. 0. 1. 0. 1. 0. 0. 0. 0. 0. 0. 0. 0. 0. 1. 0. 0. 0. 0. 0. 0. 0. 0. 1. 0. 1. 0. 0. 1.],6.0,best,10000,100000,100,0.9,0.5,0.9,0.5,0.9,1,0.93,1,6,,problem_solving,10
4800,0.01756772421452316,0.088031,0.003167797566134095,0.692,0.6787529138278414,-0.3823650985609698,[0.         0.         0.         0.         0.01866421 0.         0.01475608 0.         0.         0.         0.         0.         0.         0.         0.         0.         0.01567073 0.         0.         0.         0.         0.         0.         0.         0.         0.01681128 0.         0.91804812 0.         0.         0.01604957],[0. 0. 0. 0. 1. 0. 1. 0. 0. 0. 0. 0. 0. 0. 0. 0. 1. 0. 0. 0. 0. 0. 0. 0. 0. 1. 0. 1. 0. 0. 1.],6.0,best,10000,100000,100,0.9,0.5,0.9,0.5,0.9,1,0.93,1,6,,problem_solving,10
4900,0.01756772421452316,0.088031,0.003167797566134095,0.696,0.6747749969979128,-0.7633025460453233,[0.         0.         0.         0.         0.01866421 0.         0.01475608 0.         0.         0.         0.         0.         0.         0.         0.         0.         0.01567073 0.         0.         0.         0.         0.         0.         0.         0.         0.01681128 0.         0.91804812 0.         0.         0.01604957],[0. 0. 0. 0. 1. 0. 1. 0. 0. 0. 0. 0. 0. 0. 0. 0. 1. 0. 0. 0. 0. 0. 0. 0. 0. 1. 0. 1. 0. 0. 1.],6.0,best,10000,100000,100,0.9,0.5,0.9,0.5,0.9,1,0.93,1,6,,problem_solving,10
5000,0.01756772421452316,0.088031,0.003167797566134095,0.7,0.6708203932499369,-0.5667775419546808,[0.         0.         0.         0.         0.01866421 0.         0.01475608 0.         0.         0.         0.         0.         0.         0.         0.         0.         0.01567073 0.         0.         0.         0.         0.         0.         0.         0.         0.01681128 0.         0.91804812 0.         0.         0.01604957],[0. 0. 0. 0. 1. 0. 1. 0. 0. 0. 0. 0. 0. 0. 0. 0. 1. 0. 0. 0. 0. 0. 0. 0. 0. 1. 0. 1. 0. 0. 1.],6.0,best,10000,100000,100,0.9,0.5,0.9,0.5,0.9,1,0.93,1,6,,problem_solving,10
5100,0.01756772421452316,0.088031,0.003167797566134095,0.704,0.6668889659546647,-0.041801342296857426,[0.         0.         0.         0.         0.01866421 0.         0.01475608 0.         0.         0.         0.         0.         0.         0.         0.         0.         0.01567073 0.         0.         0.         0.         0.         0.         0.         0.         0.01681128 0.         0.91804812 0.         0.         0.01604957],[0. 0. 0. 0. 1. 0. 1. 0. 0. 0. 0. 0. 0. 0. 0. 0. 1. 0. 0. 0. 0. 0. 0. 0. 0. 1. 0. 1. 0. 0. 1.],6.0,best,10000,100000,100,0.9,0.5,0.9,0.5,0.9,1,0.93,1,6,,problem_solving,10
5200,0.01756772421452316,0.088031,0.003167797566134095,0.708,0.6629805792835798,-0.10748608916286136,[0.         0.         0.         0.         0.01866421 0.         0.01475608 0.         0.         0.         0.         0.         0.         0.         0.         0.         0.01567073 0.         0.         0.         0.         0.         0.         0.         0.         0.01681128 0.         0.91804812 0.         0.         0.01604957],[0. 0. 0. 0. 1. 0. 1. 0. 0. 0. 0. 0. 0. 0. 0. 0. 1. 0. 0. 0. 0. 0. 0. 0. 0. 1. 0. 1. 0. 0. 1.],6.0,best,10000,100000,100,0.9,0.5,0.9,0.5,0.9,1,0.93,1,6,,problem_solving,10
5300,0.01756772421452316,0.088031,0.003167797566134095,0.712,0.6590950982042058,-0.2699071429757834,[0.         0.         0.         0.         0.01866421 0.         0.01475608 0.         0.         0.         0.         0.         0.         0.         0.         0.         0.01567073 0.         0.         0.         0.         0.         0.         0.         0.         0.01681128 0.         0.91804812 0.         0.         0.01604957],[0. 0. 0. 0. 1. 0. 1. 0. 0. 0. 0. 0. 0. 0. 0. 0. 1. 0. 0. 0. 0. 0. 0. 0. 0. 1. 0. 1. 0. 0. 1.],6.0,best,10000,100000,100,0.9,0.5,0.9,0.5,0.9,1,0.93,1,6,,problem_solving,10
5400,0.01756772421452316,0.088031,0.003167797566134095,0.716,0.6552323884754414,-0.23265595514478501,[0.         0.         0.         0.         0.01866421 0.         0.01475608 0.         0.         0.         0.         0.         0.         0.         0.         0.         0.01567073 0.         0.         0.         0.         0.         0.         0.         0.         0.01681128 0.         0.91804812 0.         0.         0.01604957],[0. 0. 0. 0. 1. 0. 1. 0. 0. 0. 0. 0. 0. 0. 0. 0. 1. 0. 0. 0. 0. 0. 0. 0. 0. 1. 0. 1. 0. 0. 1.],6.0,best,10000,100000,100,0.9,0.5,0.9,0.5,0.9,1,0.93,1,6,,problem_solving,10
5500,0.01756772421452316,0.088031,0.003167797566134095,0.72,0.651392316642922,0.6594893843083923,[0.         0.         0.         0.         0.01866421 0.         0.01475608 0.         0.         0.         0.         0.         0.         0.         0.         0.         0.01567073 0.         0.         0.         0.         0.         0.         0.         0.         0.01681128 0.         0.91804812 0.         0.         0.01604957],[0. 0. 0. 0. 1. 0. 1. 0. 0. 0. 0. 0. 0. 0. 0. 0. 1. 0. 0. 0. 0. 0. 0. 0. 0. 1. 0. 1. 0. 0. 1.],6.0,best,10000,100000,100,0.9,0.5,0.9,0.5,0.9,1,0.93,1,6,,problem_solving,10
5600,0.01756772421452316,0.088031,0.003167797566134095,0.724,0.6475747500344088,-0.6599389427013331,[0.         0.         0.         0.         0.01866421 0.         0.01475608 0.         0.         0.         0.         0.         0.         0.         0.         0.         0.01567073 0.         0.         0.         0.         0.         0.         0.         0.         0.01681128 0.         0.91804812 0.         0.         0.01604957],[0. 0. 0. 0. 1. 0. 1. 0. 0. 0. 0. 0. 0. 0. 0. 0. 1. 0. 0. 0. 0. 0. 0. 0. 0. 1. 0. 1. 0. 0. 1.],6.0,best,10000,100000,100,0.9,0.5,0.9,0.5,0.9,1,0.93,1,6,,problem_solving,10
5700,0.01756772421452316,0.088031,0.003167797566134095,0.728,0.643779556755206,0.7613097922501383,[0.         0.         0.         0.         0.01866421 0.         0.01475608 0.         0.         0.         0.         0.         0.         0.         0.         0.         0.01567073 0.         0.         0.         0.         0.         0.         0.         0.         0.01681128 0.         0.91804812 0.         0.         0.01604957],[0. 0. 0. 0. 1. 0. 1. 0. 0. 0. 0. 0. 0. 0. 0. 0. 1. 0. 0. 0. 0. 0. 0. 0. 0. 1. 0. 1. 0. 0. 1.],6.0,best,10000,100000,100,0.9,0.5,0.9,0.5,0.9,1,0.93,1,6,,problem_solving,10
5800,0.01756772421452316,0.088031,0.003167797566134095,0.732,0.6400066056836028,1.4812406710685597,[0.         0.         0.         0.         0.01866421 0.         0.01475608 0.         0.         0.         0.         0.         0.         0.         0.         0.         0.01567073 0.         0.         0.         0.         0.         0.         0.         0.         0.01681128 0.         0.91804812 0.         0.         0.01604957],[0. 0. 0. 0. 1. 0. 1. 0. 0. 0. 0. 0. 0. 0. 0. 0. 1. 0. 0. 0. 0. 0. 0. 0. 0. 1. 0. 1. 0. 0. 1.],6.0,best,10000,100000,100,0.9,0.5,0.9,0.5,0.9,1,0.93,1,6,,problem_solving,10
5900,0.01756772421452316,0.088031,0.003167797566134095,0.736,0.6362557664663436,-0.4862748428136891,[0.         0.         0.         0.         0.01866421 0.         0.01475608 0.         0.         0.         0.         0.         0.         0.         0.         0.         0.01567073 0.         0.         0.         0.         0.         0.         0.         0.         0.01681128 0.         0.91804812 0.         0.         0.01604957],[0. 0. 0. 0. 1. 0. 1. 0. 0. 0. 0. 0. 0. 0. 0. 0. 1. 0. 0. 0. 0. 0. 0. 0. 0. 1. 0. 1. 0. 0. 1.],6.0,best,10000,100000,100,0.9,0.5,0.9,0.5,0.9,1,0.93,1,6,,problem_solving,10
6000,0.01756772421452316,0.088031,0.003167797566134095,0.74,0.6325269095141249,0.42733609871424194,[0.         0.         0.         0.         0.01866421 0.         0.01475608 0.         0.         0.         0.         0.         0.         0.         0.         0.         0.01567073 0.         0.         0.         0.         0.         0.         0.         0.         0.01681128 0.         0.91804812 0.         0.         0.01604957],[0. 0. 0. 0. 1. 0. 1. 0. 0. 0. 0. 0. 0. 0. 0. 0. 1. 0. 0. 0. 0. 0. 0. 0. 0. 1. 0. 1. 0. 0. 1.],6.0,best,10000,100000,100,0.9,0.5,0.9,0.5,0.9,1,0.93,1,6,,problem_solving,10
6100,0.01756772421452316,0.088031,0.003167797566134095,0.744,0.6288199059971172,0.06417109201924635,[0.         0.         0.         0.         0.01866421 0.         0.01475608 0.         0.         0.         0.         0.         0.         0.         0.         0.         0.01567073 0.         0.         0.         0.         0.         0.         0.         0.         0.01681128 0.         0.91804812 0.         0.         0.01604957],[0. 0. 0. 0. 1. 0. 1. 0. 0. 0. 0. 0. 0. 0. 0. 0. 1. 0. 0. 0. 0. 0. 0. 0. 0. 1. 0. 1. 0. 0. 1.],6.0,best,10000,100000,100,0.9,0.5,0.9,0.5,0.9,1,0.93,1,6,,problem_solving,10
6200,0.01756772421452316,0.088031,0.003167797566134095,0.748,0.6251346278405147,-0.9025819708848034,[0.         0.         0.         0.         0.01866421 0.         0.01475608 0.         0.         0.         0.         0.         0.         0.         0.         0.         0.01567073 0.         0.         0.         0.         0.         0.         0.         0.         0.01681128 0.         0.91804812 0.         0.         0.01604957],[0. 0. 0. 0. 1. 0. 1. 0. 0. 0. 0. 0. 0. 0. 0. 0. 1. 0. 0. 0. 0. 0. 0. 0. 0. 1. 0. 1. 0. 0. 1.],6.0,best,10000,100000,100,0.9,0.5,0.9,0.5,0.9,1,0.93,1,6,,problem_solving,10
6300,0.01756772421452316,0.088031,0.003167797566134095,0.752,0.6214709477201097,-0.09756243385302214,[0.         0.         0.         0.         0.01866421 0.         0.01475608 0.         0.         0.         0.         0.         0.         0.         0.         0.         0.01567073 0.         0.         0.         0.         0.         0.         0.         0.         0.01681128 0.         0.91804812 0.         0.         0.01604957],[0. 0. 0. 0. 1. 0. 1. 0. 0. 0. 0. 0. 0. 0. 0. 0. 1. 0. 0. 0. 0. 0. 0. 0. 0. 1. 0. 1. 0. 0. 1.],6.0,best,10000,100000,100,0.9,0.5,0.9,0.5,0.9,1,0.93,1,6,,problem_solving,10
6400,0.01756772421452316,0.088031,0.003167797566134095,0.756,0.6178287390578946,-0.9880702935880492,[0.         0.         0.         0.         0.01866421 0.         0.01475608 0.         0.         0.         0.         0.         0.         0.         0.         0.         0.01567073 0.         0.         0.         0.         0.         0.         0.         0.         0.01681128 0.         0.91804812 0.         0.         0.01604957],[0. 0. 0. 0. 1. 0. 1. 0. 0. 0. 0. 0. 0. 0. 0. 0. 1. 0. 0. 0. 0. 0. 0. 0. 0. 1. 0. 1. 0. 0. 1.],6.0,best,10000,100000,100,0.9,0.5,0.9,0.5,0.9,1,0.93,1,6,,problem_solving,10
6500,0.01756772421452316,0.088031,0.003167797566134095,0.76,0.6142078760176876,-0.3114710836210517,[0.         0.         0.         0.         0.01866421 0.         0.01475608 0.         0.         0.         0.         0.         0.         0.         0.         0.         0.01567073 0.         0.         0.         0.         0.         0.         0.         0.         0.01681128 0.         0.91804812 0.         0.         0.01604957],[0. 0. 0. 0. 1. 0. 1. 0. 0. 0. 0. 0. 0. 0. 0. 0. 1. 0. 0. 0. 0. 0. 0. 0. 0. 1. 0. 1. 0. 0. 1.],6.0,best,10000,100000,100,0.9,0.5,0.9,0.5,0.9,1,0.93,1,6,,problem_solving,10
6600,0.01756772421452316,0.088031,0.003167797566134095,0.764,0.6106082335007861,-1.2594101276530816,[0.         0.         0.         0.         0.01866421 0.         0.01475608 0.         0.         0.         0.         0.         0.         0.         0.         0.         0.01567073 0.         0.         0.         0.         0.         0.         0.         0.         0.01681128 0.         0.91804812 0.         0.         0.01604957],[0. 0. 0. 0. 1. 0. 1. 0. 0. 0. 0. 0. 0. 0. 0. 0. 1. 0. 0. 0. 0. 0. 0. 0. 0. 1. 0. 1. 0. 0. 1.],6.0,best,10000,100000,100,0.9,0.5,0.9,0.5,0.9,1,0.93,1,6,,problem_solving,10
6700,0.01756772421452316,0.088031,0.003167797566134095,0.768,0.6070296871416437,-0.9370102439387679,[0.         0.         0.         0.         0.01866421 0.         0.01475608 0.         0.         0.         0.         0.         0.         0.         0.         0.         0.01567073 0.         0.         0.         0.         0.         0.         0.         0.         0.01681128 0.         0.91804812 0.         0.         0.01604957],[0. 0. 0. 0. 1. 0. 1. 0. 0. 0. 0. 0. 0. 0. 0. 0. 1. 0. 0. 0. 0. 0. 0. 0. 0. 1. 0. 1. 0. 0. 1.],6.0,best,10000,100000,100,0.9,0.5,0.9,0.5,0.9,1,0.93,1,6,,problem_solving,10
6800,0.01756772421452316,0.088031,0.003167797566134095,0.772,0.6034721133035746,-0.17285661351066206,[0.         0.         0.         0.         0.01866421 0.         0.01475608 0.         0.         0.         0.         0.         0.         0.         0.         0.         0.01567073 0.         0.         0.         0.         0.         0.         0.         0.         0.01681128 0.         0.91804812 0.         0.         0.01604957],[0. 0. 0. 0. 1. 0. 1. 0. 0. 0. 0. 0. 0. 0. 0. 0. 1. 0. 0. 0. 0. 0. 0. 0. 0. 1. 0. 1. 0. 0. 1.],6.0,best,10000,100000,100,0.9,0.5,0.9,0.5,0.9,1,0.93,1,6,,problem_solving,10
6900,0.01756772421452316,0.088031,0.003167797566134095,0.776,0.5999353890744809,0.14688285818783597,[0.         0.         0.         0.         0.01866421 0.         0.01475608 0.         0.         0.         0.         0.         0.         0.         0.         0.         0.01567073 0.         0.         0.         0.         0.         0.         0.         0.         0.01681128 0.         0.91804812 0.         0.         0.01604957],[0. 0. 0. 0. 1. 0. 1. 0. 0. 0. 0. 0. 0. 0. 0. 0. 1. 0. 0. 0. 0. 0. 0. 0. 0. 1. 0. 1. 0. 0. 1.],6.0,best,10000,100000,100,0.9,0.5,0.9,0.5,0.9,1,0.93,1,6,,problem_solving,10
7000,0.01756772421452316,0.088031,0.003167797566134095,0.78,0.5964193922626064,0.10876950135970413,[0.         0.         0.         0.         0.01866421 0.         0.01475608 0.         0.         0.         0.         0.         0.         0.         0.         0.         0.01567073 0.         0.         0.         0.         0.         0.         0.         0.         0.01681128 0.         0.91804812 0.         0.         0.01604957],[0. 0. 0. 0. 1. 0. 1. 0. 0. 0. 0. 0. 0. 0. 0. 0. 1. 0. 0. 0. 0. 0. 0. 0. 0. 1. 0. 1. 0. 0. 1.],6.0,best,10000,100000,100,0.9,0.5,0.9,0.5,0.9,1,0.93,1,6,,problem_solving,10
7100,0.01756772421452316,0.088031,0.003167797566134095,0.784,0.5929240013923155,-0.5316521855783991,[0.         0.         0.         0.         0.01866421 0.         0.01475608 0.         0.         0.         0.         0.         0.         0.         0.         0.         0.01567073 0.         0.         0.         0.         0.         0.         0.         0.         0.01681128 0.         0.91804812 0.         0.         0.01604957],[0. 0. 0. 0. 1. 0. 1. 0. 0. 0. 0. 0. 0. 0. 0. 0. 1. 0. 0. 0. 0. 0. 0. 0. 0. 1. 0. 1. 0. 0. 1.],6.0,best,10000,100000,100,0.9,0.5,0.9,0.5,0.9,1,0.93,1,6,,problem_solving,10
7200,0.01756772421452316,0.088031,0.003167797566134095,0.788,0.5894490956998952,0.3145089659664643,[0.         0.         0.         0.         0.01866421 0.         0.01475608 0.         0.         0.         0.         0.         0.         0.         0.         0.         0.01567073 0.         0.         0.         0.         0.         0.         0.         0.         0.01681128 0.         0.91804812 0.         0.         0.01604957],[0. 0. 0. 0. 1. 0. 1. 0. 0. 0. 0. 0. 0. 0. 0. 0. 1. 0. 0. 0. 0. 0. 0. 0. 0. 1. 0. 1. 0. 0. 1.],6.0,best,10000,100000,100,0.9,0.5,0.9,0.5,0.9,1,0.93,1,6,,problem_solving,10
7300,0.01756772421452316,0.088031,0.003167797566134095,0.792,0.5859945551293843,-0.07708514147092536,[0.         0.         0.         0.         0.01866421 0.         0.01475608 0.         0.         0.         0.         0.         0.         0.         0.         0.         0.01567073 0.         0.         0.         0.         0.         0.         0.         0.         0.01681128 0.         0.91804812 0.         0.         0.01604957],[0. 0. 0. 0. 1. 0. 1. 0. 0. 0. 0. 0. 0. 0. 0. 0. 1. 0. 0. 0. 0. 0. 0. 0. 0. 1. 0. 1. 0. 0. 1.],6.0,best,10000,100000,100,0.9,0.5,0.9,0.5,0.9,1,0.93,1,6,,problem_solving,10
7400,0.01756772421452316,0.088031,0.003167797566134095,0.796,0.5825602603284237,0.1978821920285033,[0.         0.         0.         0.         0.01866421 0.         0.01475608 0.         0.         0.         0.         0.         0.         0.         0.         0.         0.01567073 0.         0.         0.         0.         0.         0.         0.         0.         0.01681128 0.         0.91804812 0.         0.         0.01604957],[0. 0. 0. 0. 1. 0. 1. 0. 0. 0. 0. 0. 0. 0. 0. 0. 1. 0. 0. 0. 0. 0. 0. 0. 0. 1. 0. 1. 0. 0. 1.],6.0,best,10000,100000,100,0.9,0.5,0.9,0.5,0.9,1,0.93,1,6,,problem_solving,10
7500,0.01756772421452316,0.088031,0.003167797566134095,0.8,0.5791460926441345,0.9615842725521694,[0.         0.         0.         0.         0.01866421 0.         0.01475608 0.         0.         0.         0.         0.         0.         0.         0.         0.         0.01567073 0.         0.         0.         0.         0.         0.         0.         0.         0.01681128 0.         0.91804812 0.         0.         0.01604957],[0. 0. 0. 0. 1. 0. 1. 0. 0. 0. 0. 0. 0. 0. 0. 0. 1. 0. 0. 0. 0. 0. 0. 0. 0. 1. 0. 1. 0. 0. 1.],6.0,best,10000,100000,100,0.9,0.5,0.9,0.5,0.9,1,0.93,1,6,,problem_solving,10
7600,0.01756772421452316,0.088031,0.003167797566134095,0.804,0.5757519341190179,-1.220108460925635,[0.         0.         0.         0.         0.01866421 0.         0.01475608 0.         0.         0.         0.         0.         0.         0.         0.         0.         0.01567073 0.         0.         0.         0.         0.         0.         0.         0.         0.01681128 0.         0.91804812 0.         0.         0.01604957],[0. 0. 0. 0. 1. 0. 1. 0. 0. 0. 0. 0. 0. 0. 0. 0. 1. 0. 0. 0. 0. 0. 0. 0. 0. 1. 0. 1. 0. 0. 1.],6.0,best,10000,100000,100,0.9,0.5,0.9,0.5,0.9,1,0.93,1,6,,problem_solving,10
7700,0.01756772421452316,0.088031,0.003167797566134095,0.808,0.5723776674868795,1.0735013978942094,[0.         0.         0.         0.         0.01866421 0.         0.01475608 0.         0.         0.         0.         0.         0.         0.         0.         0.         0.01567073 0.         0.         0.         0.         0.         0.         0.         0.         0.01681128 0.         0.91804812 0.         0.         0.01604957],[0. 0. 0. 0. 1. 0. 1. 0. 0. 0. 0. 0. 0. 0. 0. 0. 1. 0. 0. 0. 0. 0. 0. 0. 0. 1. 0. 1. 0. 0. 1.],6.0,best,10000,100000,100,0.9,0.5,0.9,0.5,0.9,1,0.93,1,6,,problem_solving,10
7800,0.01756772421452316,0.088031,0.003167797566134095,0.812,0.5690231761687783,-0.05876264570271762,[0.         0.         0.         0.         0.01866421 0.         0.01475608 0.         0.         0.         0.         0.         0.         0.         0.         0.         0.01567073 0.         0.         0.         0.         0.         0.         0.         0.         0.01681128 0.         0.91804812 0.         0.         0.01604957],[0. 0. 0. 0. 1. 0. 1. 0. 0. 0. 0. 0. 0. 0. 0. 0. 1. 0. 0. 0. 0. 0. 0. 0. 0. 1. 0. 1. 0. 0. 1.],6.0,best,10000,100000,100,0.9,0.5,0.9,0.5,0.9,1,0.93,1,6,,problem_solving,10
7900,0.01756772421452316,0.088031,0.003167797566134095,0.8160000000000001,0.5656883442689989,-0.3699968894336298,[0.         0.         0.         0.         0.01866421 0.         0.01475608 0.         0.         0.         0.         0.         0.         0.         0.         0.         0.01567073 0.         0.         0.         0.         0.         0.         0.         0.         0.01681128 0.         0.91804812 0.         0.         0.01604957],[0. 0. 0. 0. 1. 0. 1. 0. 0. 0. 0. 0. 0. 0. 0. 0. 1. 0. 0. 0. 0. 0. 0. 0. 0. 1. 0. 1. 0. 0. 1.],6.0,best,10000,100000,100,0.9,0.5,0.9,0.5,0.9,1,0.93,1,6,,problem_solving,10
8000,0.01756772421452316,0.088031,0.003167797566134095,0.8200000000000001,0.5623730565710474,0.24501385524128266,[0.         0.         0.         0.         0.01866421 0.         0.01475608 0.         0.         0.         0.         0.         0.         0.         0.         0.         0.01567073 0.         0.         0.         0.         0.         0.         0.         0.         0.01681128 0.         0.91804812 0.         0.         0.01604957],[0. 0. 0. 0. 1. 0. 1. 0. 0. 0. 0. 0. 0. 0. 0. 0. 1. 0. 0. 0. 0. 0. 0. 0. 0. 1. 0. 1. 0. 0. 1.],6.0,best,10000,100000,100,0.9,0.5,0.9,0.5,0.9,1,0.93,1,6,,problem_solving,10
8100,0.01756772421452316,0.088031,0.003167797566134095,0.8240000000000001,0.5590771985336705,-0.4885071811525206,[0.         0.         0.         0.         0.01866421 0.         0.01475608 0.         0.         0.         0.         0.         0.         0.         0.         0.         0.01567073 0.         0.         0.         0.         0.         0.         0.         0.         0.01681128 0.         0.91804812 0.         0.         0.01604957],[0. 0. 0. 0. 1. 0. 1. 0. 0. 0. 0. 0. 0. 0. 0. 0. 1. 0. 0. 0. 0. 0. 0. 0. 0. 1. 0. 1. 0. 0. 1.],6.0,best,10000,100000,100,0.9,0.5,0.9,0.5,0.9,1,0.93,1,6,,problem_solving,10
8200,0.01756772421452316,0.088031,0.003167797566134095,0.8280000000000001,0.5558006562868987,0.4298301841231622,[0.         0.         0.         0.         0.01866421 0.         0.01475608 0.         0.         0.         0.         0.         0.         0.         0.         0.         0.01567073 0.         0.         0.         0.         0.         0.         0.         0.         0.01681128 0.         0.91804812 0.         0.         0.01604957],[0. 0. 0. 0. 1. 0. 1. 0. 0. 0. 0. 0. 0. 0. 0. 0. 1. 0. 0. 0. 0. 0. 0. 0. 0. 1. 0. 1. 0. 0. 1.],6.0,best,10000,100000,100,0.9,0.5,0.9,0.5,0.9,1,0.93,1,6,,problem_solving,10
8300,0.01756772421452316,0.088031,0.003167797566134095,0.8320000000000001,0.5525433166281111,-0.2762790819313727,[0.         0.         0.         0.         0.01866421 0.         0.01475608 0.         0.         0.         0.         0.         0.         0.         0.         0.         0.01567073 0.         0.         0.         0.         0.         0.         0.         0.         0.01681128 0.         0.91804812 0.         0.         0.01604957],[0. 0. 0. 0. 1. 0. 1. 0. 0. 0. 0. 0. 0. 0. 0. 0. 1. 0. 0. 0. 0. 0. 0. 0. 0. 1. 0. 1. 0. 0. 1.],6.0,best,10000,100000,100,0.9,0.5,0.9,0.5,0.9,1,0.93,1,6,,problem_solving,10
8400,0.01756772421452316,0.088031,0.003167797566134095,0.8360000000000001,0.5493050670181255,0.3590306765099086,[0.         0.         0.         0.         0.01866421 0.         0.01475608 0.         0.         0.         0.         0.         0.         0.         0.         0.         0.01567073 0.         0.         0.         0.         0.         0.         0.         0.         0.01681128 0.         0.91804812 0.         0.         0.01604957],[0. 0. 0. 0. 1. 0. 1. 0. 0. 0. 0. 0. 0. 0. 0. 0. 1. 0. 0. 0. 0. 0. 0. 0. 0. 1. 0. 1. 0. 0. 1.],6.0,best,10000,100000,100,0.9,0.5,0.9,0.5,0.9,1,0.93,1,6,,problem_solving,10
8500,0.01756772421452316,0.088031,0.003167797566134095,0.8400000000000001,0.5460857955773097,-0.5757536841264289,[0.         0.         0.         0.         0.01866421 0.         0.01475608 0.         0.         0.         0.         0.         0.         0.         0.         0.         0.01567073 0.         0.         0.         0.         0.         0.         0.         0.         0.01681128 0.         0.91804812 0.         0.         0.01604957],[0. 0. 0. 0. 1. 0. 1. 0. 0. 0. 0. 0. 0. 0. 0. 0. 1. 0. 0. 0. 0. 0. 0. 0. 0. 1. 0. 1. 0. 0. 1.],6.0,best,10000,100000,100,0.9,0.5,0.9,0.5,0.9,1,0.93,1,6,,problem_solving,10
8600,0.01756772421452316,0.088031,0.003167797566134095,0.8440000000000001,0.542885391081716,-1.1755667255206235,[0.         0.         0.         0.         0.01866421 0.         0.01475608 0.         0.         0.         0.         0.         0.         0.         0.         0.         0.01567073 0.         0.         0.         0.         0.         0.         0.         0.         0.01681128 0.         0.91804812 0.         0.         0.01604957],[0. 0. 0. 0. 1. 0. 1. 0. 0. 0. 0. 0. 0. 0. 0. 0. 1. 0. 0. 0. 0. 0. 0. 0. 0. 1. 0. 1. 0. 0. 1.],6.0,best,10000,100000,100,0.9,0.5,0.9,0.5,0.9,1,0.93,1,6,,problem_solving,10
8700,0.01756772421452316,0.088031,0.003167797566134095,0.8480000000000001,0.5397037429592386,-0.08838969030337164,[0.         0.         0.         0.         0.01866421 0.         0.01475608 0.         0.         0.         0.         0.         0.         0.         0.         0.         0.01567073 0.         0.         0.         0.         0.         0.         0.         0.         0.01681128 0.         0.91804812 0.         0.         0.01604957],[0. 0. 0. 0. 1. 0. 1. 0. 0. 0. 0. 0. 0. 0. 0. 0. 1. 0. 0. 0. 0. 0. 0. 0. 0. 1. 0. 1. 0. 0. 1.],6.0,best,10000,100000,100,0.9,0.5,0.9,0.5,0.9,1,0.93,1,6,,problem_solving,10
8800,0.01756772421452316,0.088031,0.003167797566134095,0.8520000000000001,0.5365407412857937,-0.11721833893468978,[0.         0.         0.         0.         0.01866421 0.         0.01475608 0.         0.         0.         0.         0.         0.         0.         0.         0.         0.01567073 0.         0.         0.         0.         0.         0.         0.         0.         0.01681128 0.         0.91804812 0.         0.         0.01604957],[0. 0. 0. 0. 1. 0. 1. 0. 0. 0. 0. 0. 0. 0. 0. 0. 1. 0. 0. 0. 0. 0. 0. 0. 0. 1. 0. 1. 0. 0. 1.],6.0,best,10000,100000,100,0.9,0.5,0.9,0.5,0.9,1,0.93,1,6,,problem_solving,10
8900,0.01756772421452316,0.088031,0.003167797566134095,0.8560000000000001,0.5333962767815211,-0.7447307299891324,[0.         0.         0.         0.         0.01866421 0.         0.01475608 0.         0.         0.         0.         0.         0.         0.         0.         0.         0.01567073 0.         0.         0.         0.         0.         0.         0.         0.         0.01681128 0.         0.91804812 0.         0.         0.01604957],[0. 0. 0. 0. 1. 0. 1. 0. 0. 0. 0. 0. 0. 0. 0. 0. 1. 0. 0. 0. 0. 0. 0. 0. 0. 1. 0. 1. 0. 0. 1.],6.0,best,10000,100000,100,0.9,0.5,0.9,0.5,0.9,1,0.93,1,6,,problem_solving,10
9000,0.01756772421452316,0.088031,0.003167797566134095,0.8600000000000001,0.5302702408070095,-0.6783851699436039,[0.         0.         0.         0.         0.01866421 0.         0.01475608 0.         0.         0.         0.         0.         0.         0.         0.         0.         0.01567073 0.         0.         0.         0.         0.         0.         0.         0.         0.01681128 0.         0.91804812 0.         0.         0.01604957],[0. 0. 0. 0. 1. 0. 1. 0. 0. 0. 0. 0. 0. 0. 0. 0. 1. 0. 0. 0. 0. 0. 0. 0. 0. 1. 0. 1. 0. 0. 1.],6.0,best,10000,100000,100,0.9,0.5,0.9,0.5,0.9,1,0.93,1,6,,problem_solving,10
9100,0.01756772421452316,0.088031,0.003167797566134095,0.8640000000000001,0.5271625253595416,0.05042487820458931,[0.         0.         0.         0.         0.01866421 0.         0.01475608 0.         0.         0.         0.         0.         0.         0.         0.         0.         0.01567073 0.         0.         0.         0.         0.         0.         0.         0.         0.01681128 0.         0.91804812 0.         0.         0.01604957],[0. 0. 0. 0. 1. 0. 1. 0. 0. 0. 0. 0. 0. 0. 0. 0. 1. 0. 0. 0. 0. 0. 0. 0. 0. 1. 0. 1. 0. 0. 1.],6.0,best,10000,100000,100,0.9,0.5,0.9,0.5,0.9,1,0.93,1,6,,problem_solving,10
9200,0.01756772421452316,0.088031,0.003167797566134095,0.8680000000000001,0.5240730230693647,-0.7552436659910648,[0.         0.         0.         0.         0.01866421 0.         0.01475608 0.         0.         0.         0.         0.         0.         0.         0.         0.         0.01567073 0.         0.         0.         0.         0.         0.         0.         0.         0.01681128 0.         0.91804812 0.         0.         0.01604957],[0. 0. 0. 0. 1. 0. 1. 0. 0. 0. 0. 0. 0. 0. 0. 0. 1. 0. 0. 0. 0. 0. 0. 0. 0. 1. 0. 1. 0. 0. 1.],6.0,best,10000,100000,100,0.9,0.5,0.9,0.5,0.9,1,0.93,1,6,,problem_solving,10
9300,0.01756772421452316,0.088031,0.003167797566134095,0.8720000000000001,0.5210016271959791,-0.10376695102381635,[0.         0.         0.         0.         0.01866421 0.         0.01475608 0.         0.         0.         0.         0.         0.         0.         0.         0.         0.01567073 0.         0.         0.         0.         0.         0.         0.         0.         0.01681128 0.         0.91804812 0.         0.         0.01604957],[0. 0. 0. 0. 1. 0. 1. 0. 0. 0. 0. 0. 0. 0. 0. 0. 1. 0. 0. 0. 0. 0. 0. 0. 0. 1. 0. 1. 0. 0. 1.],6.0,best,10000,100000,100,0.9,0.5,0.9,0.5,0.9,1,0.93,1,6,,problem_solving,10
9400,0.01756772421452316,0.088031,0.003167797566134095,0.8760000000000001,0.5179482316244518,-0.1550198476960527,[0.         0.         0.         0.         0.01866421 0.         0.01475608 0.         0.         0.         0.         0.         0.         0.         0.         0.         0.01567073 0.         0.         0.         0.         0.         0.         0.         0.         0.01681128 0.         0.91804812 0.         0.         0.01604957],[0. 0. 0. 0. 1. 0. 1. 0. 0. 0. 0. 0. 0. 0. 0. 0. 1. 0. 0. 0. 0. 0. 0. 0. 0. 1. 0. 1. 0. 0. 1.],6.0,best,10000,100000,100,0.9,0.5,0.9,0.5,0.9,1,0.93,1,6,,problem_solving,10
9500,0.01756772421452316,0.088031,0.003167797566134095,0.88,0.5149127308617497,0.7237644798485927,[0.         0.         0.         0.         0.01866421 0.         0.01475608 0.         0.         0.         0.         0.         0.         0.         0.         0.         0.01567073 0.         0.         0.         0.         0.         0.         0.         0.         0.01681128 0.         0.91804812 0.         0.         0.01604957],[0. 0. 0. 0. 1. 0. 1. 0. 0. 0. 0. 0. 0. 0. 0. 0. 1. 0. 0. 0. 0. 0. 0. 0. 0. 1. 0. 1. 0. 0. 1.],6.0,best,10000,100000,100,0.9,0.5,0.9,0.5,0.9,1,0.93,1,6,,problem_solving,10
9600,0.01756772421452316,0.088031,0.003167797566134095,0.884,0.5118950200330946,-0.5813596764049651,[0.         0.         0.         0.         0.01866421 0.         0.01475608 0.         0.         0.         0.         0.         0.         0.         0.         0.         0.01567073 0.         0.         0.         0.         0.         0.         0.         0.         0.01681128 0.         0.91804812 0.         0.         0.01604957],[0. 0. 0. 0. 1. 0. 1. 0. 0. 0. 0. 0. 0. 0. 0. 0. 1. 0. 0. 0. 0. 0. 0. 0. 0. 1. 0. 1. 0. 0. 1.],6.0,best,10000,100000,100,0.9,0.5,0.9,0.5,0.9,1,0.93,1,6,,problem_solving,10
9700,0.01756772421452316,0.088031,0.003167797566134095,0.888,0.5088949948783402,-0.24698119035421504,[0.         0.         0.         0.         0.01866421 0.         0.01475608 0.         0.         0.         0.         0.         0.         0.         0.         0.         0.01567073 0.         0.         0.         0.         0.         0.         0.         0.         0.01681128 0.         0.91804812 0.         0.         0.01604957],[0. 0. 0. 0. 1. 0. 1. 0. 0. 0. 0. 0. 0. 0. 0. 0. 1. 0. 0. 0. 0. 0. 0. 0. 0. 1. 0. 1. 0. 0. 1.],6.0,best,10000,100000,100,0.9,0.5,0.9,0.5,0.9,1,0.93,1,6,,problem_solving,10
9800,0.01756772421452316,0.088031,0.003167797566134095,0.892,0.5059125517483702,-0.8218038627287343,[0.         0.         0.         0.         0.01866421 0.         0.01475608 0.         0.         0.         0.         0.         0.         0.         0.         0.         0.01567073 0.         0.         0.         0.         0.         0.         0.         0.         0.01681128 0.         0.91804812 0.         0.         0.01604957],[0. 0. 0. 0. 1. 0. 1. 0. 0. 0. 0. 0. 0. 0. 0. 0. 1. 0. 0. 0. 0. 0. 0. 0. 0. 1. 0. 1. 0. 0. 1.],6.0,best,10000,100000,100,0.9,0.5,0.9,0.5,0.9,1,0.93,1,6,,problem_solving,10
9900,0.01756772421452316,0.088031,0.003167797566134095,0.896,0.5029475876015165,-0.6111543917705585,[0.         0.         0.         0.         0.01866421 0.         0.01475608 0.         0.         0.         0.         0.         0.         0.         0.         0.         0.01567073 0.         0.         0.         0.         0.         0.         0.         0.         0.01681128 0.         0.91804812 0.         0.         0.01604957],[0. 0. 0. 0. 1. 0. 1. 0. 0. 0. 0. 0. 0. 0. 0. 0. 1. 0. 0. 0. 0. 0. 0. 0. 0. 1. 0. 1. 0. 0. 1.],6.0,best,10000,100000,100,0.9,0.5,0.9,0.5,0.9,1,0.93,1,6,,problem_solving,10
9999,0.01756772421452316,0.088031,0.003167797566134095,0.8999600000000001,0.500029390196995,0.417333931147024,[0.         0.         0.         0.         0.01866421 0.         0.01475608 0.         0.         0.         0.         0.         0.         0.         0.         0.         0.01567073 0.         0.         0.         0.         0.         0.         0.         0.         0.01681128 0.         0.91804812 0.         0.         0.01604957],[0. 0. 0. 0. 1. 0. 1. 0. 0. 0. 0. 0. 0. 0. 0. 0. 1. 0. 0. 0. 0. 0. 0. 0. 0. 1. 0. 1. 0. 0. 1.],6.0,best,10000,100000,100,0.9,0.5,0.9,0.5,0.9,1,0.93,1,6,,problem_solving,10
