iter,cost,risk,return,par,bw,move,X,Z,Q,pop_init,max_iter,pop_size,mem_size,mem_consider,par_min,par_max,bw_min,bw_max,sigma,lambda,port_n,k,seed,tag,local_search
1,0.051916427240429455,0.056726,0.0033936594946318297,0.50004,0.8999471007548476,1.2986083057719897,[0.         0.         0.         0.01550211 0.         0.         0.         0.         0.         0.         0.         0.         0.         0.         0.         0.         0.         0.         0.         0.01831768 0.         0.         0.         0.         0.         0.93081574 0.         0.01986236 0.         0.         0.01550211],[0. 0. 0. 1. 0. 0. 0. 0. 0. 0. 0. 0. 0. 0. 0. 0. 0. 0. 0. 1. 0. 0. 0. 0. 0. 1. 0. 1. 0. 0. 1.],5.0,best,10000,100000,100,0.9,0.5,0.9,0.5,0.9,1,0.92,1,5,,problem_solving,10
100,0.019123433871312677,0.084444,0.005035423793821916,0.504,0.894725436791504,0.14683714799075348,[0.         0.         0.         0.         0.         0.         0.         0.         0.01627019 0.         0.01627019 0.         0.         0.         0.         0.         0.         0.         0.         0.         0.         0.         0.         0.         0.         0.92166587 0.         0.01627019 0.         0.         0.02952355],[0. 0. 0. 0. 0. 0. 0. 0. 1. 0. 1. 0. 0. 0. 0. 0. 0. 0. 0. 0. 0. 0. 0. 0. 0. 1. 0. 1. 0. 0. 1.],5.0,best,10000,100000,100,0.9,0.5,0.9,0.5,0.9,1,0.92,1,5,,problem_solving,10
200,0.0154990647832261,0.07584,0.002521650722424773,0.508,0.8894817858241639,-0.8906503716138905,[0.         0.         0.         0.         0.         0.01530099 0.         0.         0.         0.         0.         0.         0.02621367 0.         0.         0.         0.01530099 0.         0.         0.         0.         0.         0.         0.         0.         0.92510091 0.         0.01808344 0.         0.         0.        ],[0. 0. 0. 0. 0. 1. 0. 0. 0. 0. 0. 0. 1. 0. 0. 0. 1. 0. 0. 0. 0. 0. 0. 0. 0. 1. 0. 1. 0. 0. 0.],5.0,best,10000,100000,100,0.9,0.5,0.9,0.5,0.9,1,0.92,1,5,,problem_solving,10
300,0.0154990647832261,0.07584,0.002521650722424773,0.512,0.8842688659329022,-0.7691106150244004,[0.         0.         0.         0.         0.         0.01530099 0.         0.         0.         0.         0.         0.         0.02621367 0.         0.         0.         0.01530099 0.         0.         0.         0.         0.         0.         0.         0.         0.92510091 0.         0.01808344 0.         0.         0.        ],[0. 0. 0. 0. 0. 1. 0. 0. 0. 0. 0. 0. 1. 0. 0. 0. 1. 0. 0. 0. 0. 0. 0. 0. 0. 1. 0. 1. 0. 0. 0.],5.0,best,10000,100000,100,0.9,0.5,0.9,0.5,0.9,1,0.92,1,5,,problem_solving,10
400,0.0154990647832261,0.07584,0.002521650722424773,0.516,0.879086497014382,0.9295816895969411,[0.         0.         0.         0.         0.         0.01530099 0.         0.         0.         0.         0.         0.         0.02621367 0.         0.         0.         0.01530099 0.         0.         0.         0.         0.         0.         0.         0.         0.92510091 0.         0.01808344 0.         0.         0.        ],[0. 0. 0. 0. 0. 1. 0. 0. 0. 0. 0. 0. 1. 0. 0. 0. 1. 0. 0. 0. 0. 0. 0. 0. 0. 1. 0. 1. 0. 0. 0.],5.0,best,10000,100000,100,0.9,0.5,0.9,0.5,0.9,1,0.92,1,5,,problem_solving,10
500,0.014597886645655308,0.082212,0.00385877627566562,0.52,0.8739345000207845,-0.5383591441159932,[0.         0.         0.         0.         0.93848568 0.         0.         0.         0.         0.         0.         0.         0.         0.         0.         0.01966558 0.01394958 0.         0.         0.         0.         0.         0.01394958 0.         0.         0.         0.         0.01394958 0.         0.         0.        ],[0. 0. 0. 0. 1. 0. 0. 0. 0. 0. 0. 0. 0. 0. 0. 1. 1. 0. 0. 0. 0. 0. 1. 0. 0. 0. 0. 1. 0. 0. 0.],5.0,best,10000,100000,100,0.9,0.5,0.9,0.5,0.9,1,0.92,1,5,,problem_solving,10
600,0.014597886645655308,0.082212,0.00385877627566562,0.524,0.8688126969536234,-1.7265828264845777,[0.         0.         0.         0.         0.93848568 0.         0.         0.         0.         0.         0.         0.         0.         0.         0.         0.01966558 0.01394958 0.         0.         0.         0.         0.         0.01394958 0.         0.         0.         0.         0.01394958 0.         0.         0.        ],[0. 0. 0. 0. 1. 0. 0. 0. 0. 0. 0. 0. 0. 0. 0. 1. 1. 0. 0. 0. 0. 0. 1. 0. 0. 0. 0. 1. 0. 0. 0.],5.0,best,10000,100000,100,0.9,0.5,0.9,0.5,0.9,1,0.92,1,5,,problem_solving,10
700,0.014597886645655308,0.082212,0.00385877627566562,0.528,0.8637209108575947,-1.871043815459912,[0.         0.         0.         0.         0.93848568 0.         0.         0.         0.         0.         0.         0.         0.         0.         0.         0.01966558 0.01394958 0.         0.         0.         0.         0.         0.01394958 0.         0.         0.         0.         0.01394958 0.         0.         0.        ],[0. 0. 0. 0. 1. 0. 0. 0. 0. 0. 0. 0. 0. 0. 0. 1. 1. 0. 0. 0. 0. 0. 1. 0. 0. 0. 0. 1. 0. 0. 0.],5.0,best,10000,100000,100,0.9,0.5,0.9,0.5,0.9,1,0.92,1,5,,problem_solving,10
800,0.014597886645655308,0.082212,0.00385877627566562,0.532,0.8586589658144633,0.8418216276360679,[0.         0.         0.         0.         0.93848568 0.         0.         0.         0.         0.         0.         0.         0.         0.         0.         0.01966558 0.01394958 0.         0.         0.         0.         0.         0.01394958 0.         0.         0.         0.         0.01394958 0.         0.         0.        ],[0. 0. 0. 0. 1. 0. 0. 0. 0. 0. 0. 0. 0. 0. 0. 1. 1. 0. 0. 0. 0. 0. 1. 0. 0. 0. 0. 1. 0. 0. 0.],5.0,best,10000,100000,100,0.9,0.5,0.9,0.5,0.9,1,0.92,1,5,,problem_solving,10
900,0.014597886645655308,0.082212,0.00385877627566562,0.536,0.8536266869369854,-0.16665312835290222,[0.         0.         0.         0.         0.93848568 0.         0.         0.         0.         0.         0.         0.         0.         0.         0.         0.01966558 0.01394958 0.         0.         0.         0.         0.         0.01394958 0.         0.         0.         0.         0.01394958 0.         0.         0.        ],[0. 0. 0. 0. 1. 0. 0. 0. 0. 0. 0. 0. 0. 0. 0. 1. 1. 0. 0. 0. 0. 0. 1. 0. 0. 0. 0. 1. 0. 0. 0.],5.0,best,10000,100000,100,0.9,0.5,0.9,0.5,0.9,1,0.92,1,5,,problem_solving,10
1000,0.014597886645655308,0.082212,0.00385877627566562,0.54,0.8486239003628652,-0.8437577240922967,[0.         0.         0.         0.         0.93848568 0.         0.         0.         0.         0.         0.         0.         0.         0.         0.         0.01966558 0.01394958 0.         0.         0.         0.         0.         0.01394958 0.         0.         0.         0.         0.01394958 0.         0.         0.        ],[0. 0. 0. 0. 1. 0. 0. 0. 0. 0. 0. 0. 0. 0. 0. 1. 1. 0. 0. 0. 0. 0. 1. 0. 0. 0. 0. 1. 0. 0. 0.],5.0,best,10000,100000,100,0.9,0.5,0.9,0.5,0.9,1,0.92,1,5,,problem_solving,10
1100,0.014597886645655308,0.082212,0.00385877627566562,0.544,0.8436504332487491,-0.5046369475418775,[0.         0.         0.         0.         0.93848568 0.         0.         0.         0.         0.         0.         0.         0.         0.         0.         0.01966558 0.01394958 0.         0.         0.         0.         0.         0.01394958 0.         0.         0.         0.         0.01394958 0.         0.         0.        ],[0. 0. 0. 0. 1. 0. 0. 0. 0. 0. 0. 0. 0. 0. 0. 1. 1. 0. 0. 0. 0. 0. 1. 0. 0. 0. 0. 1. 0. 0. 0.],5.0,best,10000,100000,100,0.9,0.5,0.9,0.5,0.9,1,0.92,1,5,,problem_solving,10
1200,0.010413117550145993,0.084789,0.003829613264781198,0.548,0.838706113764254,0.09808279877996365,[0.         0.         0.         0.         0.01541711 0.         0.         0.         0.01733864 0.         0.         0.         0.         0.         0.         0.         0.         0.         0.01541711 0.         0.         0.         0.         0.         0.         0.9344885  0.         0.01733864 0.         0.         0.        ],[0. 0. 0. 0. 1. 0. 0. 0. 1. 0. 0. 0. 0. 0. 0. 0. 0. 0. 1. 0. 0. 0. 0. 0. 0. 1. 0. 1. 0. 0. 0.],5.0,best,10000,100000,100,0.9,0.5,0.9,0.5,0.9,1,0.92,1,5,,problem_solving,10
1300,0.010413117550145993,0.084789,0.003829613264781198,0.552,0.83379077108603,0.4704106460604165,[0.         0.         0.         0.         0.01541711 0.         0.         0.         0.01733864 0.         0.         0.         0.         0.         0.         0.         0.         0.         0.01541711 0.         0.         0.         0.         0.         0.         0.9344885  0.         0.01733864 0.         0.         0.        ],[0. 0. 0. 0. 1. 0. 0. 0. 1. 0. 0. 0. 0. 0. 0. 0. 0. 0. 1. 0. 0. 0. 0. 0. 0. 1. 0. 1. 0. 0. 0.],5.0,best,10000,100000,100,0.9,0.5,0.9,0.5,0.9,1,0.92,1,5,,problem_solving,10
1400,0.010413117550145993,0.084789,0.003829613264781198,0.556,0.828904235391859,0.9357780882111197,[0.         0.         0.         0.         0.01541711 0.         0.         0.         0.01733864 0.         0.         0.         0.         0.         0.         0.         0.         0.         0.01541711 0.         0.         0.         0.         0.         0.         0.9344885  0.         0.01733864 0.         0.         0.        ],[0. 0. 0. 0. 1. 0. 0. 0. 1. 0. 0. 0. 0. 0. 0. 0. 0. 0. 1. 0. 0. 0. 0. 0. 0. 1. 0. 1. 0. 0. 0.],5.0,best,10000,100000,100,0.9,0.5,0.9,0.5,0.9,1,0.92,1,5,,problem_solving,10
1500,0.010413117550145993,0.084789,0.003829613264781198,0.56,0.8240463378547873,1.2741529928507758,[0.         0.         0.         0.         0.01541711 0.         0.         0.         0.01733864 0.         0.         0.         0.         0.         0.         0.         0.         0.         0.01541711 0.         0.         0.         0.         0.         0.         0.9344885  0.         0.01733864 0.         0.         0.        ],[0. 0. 0. 0. 1. 0. 0. 0. 1. 0. 0. 0. 0. 0. 0. 0. 0. 0. 1. 0. 0. 0. 0. 0. 0. 1. 0. 1. 0. 0. 0.],5.0,best,10000,100000,100,0.9,0.5,0.9,0.5,0.9,1,0.92,1,5,,problem_solving,10
1600,0.010413117550145993,0.084789,0.003829613264781198,0.5640000000000001,0.8192169106372932,0.6867714555574705,[0.         0.         0.         0.         0.01541711 0.         0.         0.         0.01733864 0.         0.         0.         0.         0.         0.         0.         0.         0.         0.01541711 0.         0.         0.         0.         0.         0.         0.9344885  0.         0.01733864 0.         0.         0.        ],[0. 0. 0. 0. 1. 0. 0. 0. 1. 0. 0. 0. 0. 0. 0. 0. 0. 0. 1. 0. 0. 0. 0. 0. 0. 1. 0. 1. 0. 0. 0.],5.0,best,10000,100000,100,0.9,0.5,0.9,0.5,0.9,1,0.92,1,5,,problem_solving,10
1700,0.010413117550145993,0.084789,0.003829613264781198,0.5680000000000001,0.8144157868854872,-0.1588401851986577,[0.         0.         0.         0.         0.01541711 0.         0.         0.         0.01733864 0.         0.         0.         0.         0.         0.         0.         0.         0.         0.01541711 0.         0.         0.         0.         0.         0.         0.9344885  0.         0.01733864 0.         0.         0.        ],[0. 0. 0. 0. 1. 0. 0. 0. 1. 0. 0. 0. 0. 0. 0. 0. 0. 0. 1. 0. 0. 0. 0. 0. 0. 1. 0. 1. 0. 0. 0.],5.0,best,10000,100000,100,0.9,0.5,0.9,0.5,0.9,1,0.92,1,5,,problem_solving,10
1800,0.010413117550145993,0.084789,0.003829613264781198,0.5720000000000001,0.8096428007233489,1.2937474929289554,[0.         0.         0.         0.         0.01541711 0.         0.         0.         0.01733864 0.         0.         0.         0.         0.         0.         0.         0.         0.         0.01541711 0.         0.         0.         0.         0.         0.         0.9344885  0.         0.01733864 0.         0.         0.        ],[0. 0. 0. 0. 1. 0. 0. 0. 1. 0. 0. 0. 0. 0. 0. 0. 0. 0. 1. 0. 0. 0. 0. 0. 0. 1. 0. 1. 0. 0. 0.],5.0,best,10000,100000,100,0.9,0.5,0.9,0.5,0.9,1,0.92,1,5,,problem_solving,10
1900,0.010413117550145993,0.084789,0.003829613264781198,0.5760000000000001,0.8048977872469943,-0.3858005556340485,[0.         0.         0.         0.         0.01541711 0.         0.         0.         0.01733864 0.         0.         0.         0.         0.         0.         0.         0.         0.         0.01541711 0.         0.         0.         0.         0.         0.         0.9344885  0.         0.01733864 0.         0.         0.        ],[0. 0. 0. 0. 1. 0. 0. 0. 1. 0. 0. 0. 0. 0. 0. 0. 0. 0. 1. 0. 0. 0. 0. 0. 0. 1. 0. 1. 0. 0. 0.],5.0,best,10000,100000,100,0.9,0.5,0.9,0.5,0.9,1,0.92,1,5,,problem_solving,10
2000,0.010413117550145993,0.084789,0.003829613264781198,0.58,0.80018058251898,-0.7396812073809426,[0.         0.         0.         0.         0.01541711 0.         0.         0.         0.01733864 0.         0.         0.         0.         0.         0.         0.         0.         0.         0.01541711 0.         0.         0.         0.         0.         0.         0.9344885  0.         0.01733864 0.         0.         0.        ],[0. 0. 0. 0. 1. 0. 0. 0. 1. 0. 0. 0. 0. 0. 0. 0. 0. 0. 1. 0. 0. 0. 0. 0. 0. 1. 0. 1. 0. 0. 0.],5.0,best,10000,100000,100,0.9,0.5,0.9,0.5,0.9,1,0.92,1,5,,problem_solving,10
2100,0.010413117550145993,0.084789,0.003829613264781198,0.584,0.7954910235626383,1.4245096423870116,[0.         0.         0.         0.         0.01541711 0.         0.         0.         0.01733864 0.         0.         0.         0.         0.         0.         0.         0.         0.         0.01541711 0.         0.         0.         0.         0.         0.         0.9344885  0.         0.01733864 0.         0.         0.        ],[0. 0. 0. 0. 1. 0. 0. 0. 1. 0. 0. 0. 0. 0. 0. 0. 0. 0. 1. 0. 0. 0. 0. 0. 0. 1. 0. 1. 0. 0. 0.],5.0,best,10000,100000,100,0.9,0.5,0.9,0.5,0.9,1,0.92,1,5,,problem_solving,10
2200,0.010413117550145993,0.084789,0.003829613264781198,0.588,0.7908289483564468,-1.3092626172045365,[0.         0.         0.         0.         0.01541711 0.         0.         0.         0.01733864 0.         0.         0.         0.         0.         0.         0.         0.         0.         0.01541711 0.         0.         0.         0.         0.         0.         0.9344885  0.         0.01733864 0.         0.         0.        ],[0. 0. 0. 0. 1. 0. 0. 0. 1. 0. 0. 0. 0. 0. 0. 0. 0. 0. 1. 0. 0. 0. 0. 0. 0. 1. 0. 1. 0. 0. 0.],5.0,best,10000,100000,100,0.9,0.5,0.9,0.5,0.9,1,0.92,1,5,,problem_solving,10
2300,0.010413117550145993,0.084789,0.003829613264781198,0.592,0.7861941958284306,-0.5032863440329728,[0.         0.         0.         0.         0.01541711 0.         0.         0.         0.01733864 0.         0.         0.         0.         0.         0.         0.         0.         0.         0.01541711 0.         0.         0.         0.         0.         0.         0.9344885  0.         0.01733864 0.         0.         0.        ],[0. 0. 0. 0. 1. 0. 0. 0. 1. 0. 0. 0. 0. 0. 0. 0. 0. 0. 1. 0. 0. 0. 0. 0. 0. 1. 0. 1. 0. 0. 0.],5.0,best,10000,100000,100,0.9,0.5,0.9,0.5,0.9,1,0.92,1,5,,problem_solving,10
2400,0.010413117550145993,0.084789,0.003829613264781198,0.596,0.7815866058505976,-1.1507385378474897,[0.         0.         0.         0.         0.01541711 0.         0.         0.         0.01733864 0.         0.         0.         0.         0.         0.         0.         0.         0.         0.01541711 0.         0.         0.         0.         0.         0.         0.9344885  0.         0.01733864 0.         0.         0.        ],[0. 0. 0. 0. 1. 0. 0. 0. 1. 0. 0. 0. 0. 0. 0. 0. 0. 0. 1. 0. 0. 0. 0. 0. 0. 1. 0. 1. 0. 0. 0.],5.0,best,10000,100000,100,0.9,0.5,0.9,0.5,0.9,1,0.92,1,5,,problem_solving,10
2500,0.010413117550145993,0.084789,0.003829613264781198,0.6,0.7770060192334055,-0.48572180637137186,[0.         0.         0.         0.         0.01541711 0.         0.         0.         0.01733864 0.         0.         0.         0.         0.         0.         0.         0.         0.         0.01541711 0.         0.         0.         0.         0.         0.         0.9344885  0.         0.01733864 0.         0.         0.        ],[0. 0. 0. 0. 1. 0. 0. 0. 1. 0. 0. 0. 0. 0. 0. 0. 0. 0. 1. 0. 0. 0. 0. 0. 0. 1. 0. 1. 0. 0. 0.],5.0,best,10000,100000,100,0.9,0.5,0.9,0.5,0.9,1,0.92,1,5,,problem_solving,10
2600,0.010413117550145993,0.084789,0.003829613264781198,0.604,0.7724522777202627,0.8195313672286917,[0.         0.         0.         0.         0.01541711 0.         0.         0.         0.01733864 0.         0.         0.         0.         0.         0.         0.         0.         0.         0.01541711 0.         0.         0.         0.         0.         0.         0.9344885  0.         0.01733864 0.         0.         0.        ],[0. 0. 0. 0. 1. 0. 0. 0. 1. 0. 0. 0. 0. 0. 0. 0. 0. 0. 1. 0. 0. 0. 0. 0. 0. 1. 0. 1. 0. 0. 0.],5.0,best,10000,100000,100,0.9,0.5,0.9,0.5,0.9,1,0.92,1,5,,problem_solving,10
2700,0.010413117550145993,0.084789,0.003829613264781198,0.608,0.7679252239820602,1.3748251956904023,[0.         0.         0.         0.         0.01541711 0.         0.         0.         0.01733864 0.         0.         0.         0.         0.         0.         0.         0.         0.         0.01541711 0.         0.         0.         0.         0.         0.         0.9344885  0.         0.01733864 0.         0.         0.        ],[0. 0. 0. 0. 1. 0. 0. 0. 1. 0. 0. 0. 0. 0. 0. 0. 0. 0. 1. 0. 0. 0. 0. 0. 0. 1. 0. 1. 0. 0. 0.],5.0,best,10000,100000,100,0.9,0.5,0.9,0.5,0.9,1,0.92,1,5,,problem_solving,10
2800,0.010413117550145993,0.084789,0.003829613264781198,0.612,0.7634247016117359,-0.7785121366491706,[0.         0.         0.         0.         0.01541711 0.         0.         0.         0.01733864 0.         0.         0.         0.         0.         0.         0.         0.         0.         0.01541711 0.         0.         0.         0.         0.         0.         0.9344885  0.         0.01733864 0.         0.         0.        ],[0. 0. 0. 0. 1. 0. 0. 0. 1. 0. 0. 0. 0. 0. 0. 0. 0. 0. 1. 0. 0. 0. 0. 0. 0. 1. 0. 1. 0. 0. 0.],5.0,best,10000,100000,100,0.9,0.5,0.9,0.5,0.9,1,0.92,1,5,,problem_solving,10
2900,0.010413117550145993,0.084789,0.003829613264781198,0.616,0.758950555118871,0.7956063247390844,[0.         0.         0.         0.         0.01541711 0.         0.         0.         0.01733864 0.         0.         0.         0.         0.         0.         0.         0.         0.         0.01541711 0.         0.         0.         0.         0.         0.         0.9344885  0.         0.01733864 0.         0.         0.        ],[0. 0. 0. 0. 1. 0. 0. 0. 1. 0. 0. 0. 0. 0. 0. 0. 0. 0. 1. 0. 0. 0. 0. 0. 0. 1. 0. 1. 0. 0. 0.],5.0,best,10000,100000,100,0.9,0.5,0.9,0.5,0.9,1,0.92,1,5,,problem_solving,10
3000,0.010413117550145993,0.084789,0.003829613264781198,0.62,0.754502629924318,-0.4478411291360324,[0.         0.         0.         0.         0.01541711 0.         0.         0.         0.01733864 0.         0.         0.         0.         0.         0.         0.         0.         0.         0.01541711 0.         0.         0.         0.         0.         0.         0.9344885  0.         0.01733864 0.         0.         0.        ],[0. 0. 0. 0. 1. 0. 0. 0. 1. 0. 0. 0. 0. 0. 0. 0. 0. 0. 1. 0. 0. 0. 0. 0. 0. 1. 0. 1. 0. 0. 0.],5.0,best,10000,100000,100,0.9,0.5,0.9,0.5,0.9,1,0.92,1,5,,problem_solving,10
3100,0.010413117550145993,0.084789,0.003829613264781198,0.624,0.7500807723548599,-0.09876433954287368,[0.         0.         0.         0.         0.01541711 0.         0.         0.         0.01733864 0.         0.         0.         0.         0.         0.         0.         0.         0.         0.01541711 0.         0.         0.         0.         0.         0.         0.9344885  0.         0.01733864 0.         0.         0.        ],[0. 0. 0. 0. 1. 0. 0. 0. 1. 0. 0. 0. 0. 0. 0. 0. 0. 0. 1. 0. 0. 0. 0. 0. 0. 1. 0. 1. 0. 0. 0.],5.0,best,10000,100000,100,0.9,0.5,0.9,0.5,0.9,1,0.92,1,5,,problem_solving,10
3200,0.010413117550145993,0.084789,0.003829613264781198,0.628,0.7456848296379007,-1.312464637935708,[0.         0.         0.         0.         0.01541711 0.         0.         0.         0.01733864 0.         0.         0.         0.         0.         0.         0.         0.         0.         0.01541711 0.         0.         0.         0.         0.         0.         0.9344885  0.         0.01733864 0.         0.         0.        ],[0. 0. 0. 0. 1. 0. 0. 0. 1. 0. 0. 0. 0. 0. 0. 0. 0. 0. 1. 0. 0. 0. 0. 0. 0. 1. 0. 1. 0. 0. 0.],5.0,best,10000,100000,100,0.9,0.5,0.9,0.5,0.9,1,0.92,1,5,,problem_solving,10
3300,0.010413117550145993,0.084789,0.003829613264781198,0.632,0.7413146498961878,-0.4696936242932753,[0.         0.         0.         0.         0.01541711 0.         0.         0.         0.01733864 0.         0.         0.         0.         0.         0.         0.         0.         0.         0.01541711 0.         0.         0.         0.         0.         0.         0.9344885  0.         0.01733864 0.         0.         0.        ],[0. 0. 0. 0. 1. 0. 0. 0. 1. 0. 0. 0. 0. 0. 0. 0. 0. 0. 1. 0. 0. 0. 0. 0. 0. 1. 0. 1. 0. 0. 0.],5.0,best,10000,100000,100,0.9,0.5,0.9,0.5,0.9,1,0.92,1,5,,problem_solving,10
3400,0.010413117550145993,0.084789,0.003829613264781198,0.636,0.7369700821425638,-0.7140021650039156,[0.         0.         0.         0.         0.01541711 0.         0.         0.         0.01733864 0.         0.         0.         0.         0.         0.         0.         0.         0.         0.01541711 0.         0.         0.         0.         0.         0.         0.9344885  0.         0.01733864 0.         0.         0.        ],[0. 0. 0. 0. 1. 0. 0. 0. 1. 0. 0. 0. 0. 0. 0. 0. 0. 0. 1. 0. 0. 0. 0. 0. 0. 1. 0. 1. 0. 0. 0.],5.0,best,10000,100000,100,0.9,0.5,0.9,0.5,0.9,1,0.92,1,5,,problem_solving,10
3500,0.010413117550145993,0.084789,0.003829613264781198,0.64,0.7326509762747511,-0.9289483123333783,[0.         0.         0.         0.         0.01541711 0.         0.         0.         0.01733864 0.         0.         0.         0.         0.         0.         0.         0.         0.         0.01541711 0.         0.         0.         0.         0.         0.         0.9344885  0.         0.01733864 0.         0.         0.        ],[0. 0. 0. 0. 1. 0. 0. 0. 1. 0. 0. 0. 0. 0. 0. 0. 0. 0. 1. 0. 0. 0. 0. 0. 0. 1. 0. 1. 0. 0. 0.],5.0,best,10000,100000,100,0.9,0.5,0.9,0.5,0.9,1,0.92,1,5,,problem_solving,10
3600,0.010413117550145993,0.084789,0.003829613264781198,0.644,0.7283571830701648,-0.25044714280204255,[0.         0.         0.         0.         0.01541711 0.         0.         0.         0.01733864 0.         0.         0.         0.         0.         0.         0.         0.         0.         0.01541711 0.         0.         0.         0.         0.         0.         0.9344885  0.         0.01733864 0.         0.         0.        ],[0. 0. 0. 0. 1. 0. 0. 0. 1. 0. 0. 0. 0. 0. 0. 0. 0. 0. 1. 0. 0. 0. 0. 0. 0. 1. 0. 1. 0. 0. 0.],5.0,best,10000,100000,100,0.9,0.5,0.9,0.5,0.9,1,0.92,1,5,,problem_solving,10
3700,0.010413117550145993,0.084789,0.003829613264781198,0.648,0.7240885541807586,-0.08475602661524287,[0.         0.         0.         0.         0.01541711 0.         0.         0.         0.01733864 0.         0.         0.         0.         0.         0.         0.         0.         0.         0.01541711 0.         0.         0.         0.         0.         0.         0.9344885  0.         0.01733864 0.         0.         0.        ],[0. 0. 0. 0. 1. 0. 0. 0. 1. 0. 0. 0. 0. 0. 0. 0. 0. 0. 1. 0. 0. 0. 0. 0. 0. 1. 0. 1. 0. 0. 0.],5.0,best,10000,100000,100,0.9,0.5,0.9,0.5,0.9,1,0.92,1,5,,problem_solving,10
3800,0.010413117550145993,0.084789,0.003829613264781198,0.652,0.7198449421278975,-0.16057146589308374,[0.         0.         0.         0.         0.01541711 0.         0.         0.         0.01733864 0.         0.         0.         0.         0.         0.         0.         0.         0.         0.01541711 0.         0.         0.         0.         0.         0.         0.9344885  0.         0.01733864 0.         0.         0.        ],[0. 0. 0. 0. 1. 0. 0. 0. 1. 0. 0. 0. 0. 0. 0. 0. 0. 0. 1. 0. 0. 0. 0. 0. 0. 1. 0. 1. 0. 0. 0.],5.0,best,10000,100000,100,0.9,0.5,0.9,0.5,0.9,1,0.92,1,5,,problem_solving,10
3900,0.010413117550145993,0.084789,0.003829613264781198,0.656,0.7156262002972644,0.021328342614714984,[0.         0.         0.         0.         0.01541711 0.         0.         0.         0.01733864 0.         0.         0.         0.         0.         0.         0.         0.         0.         0.01541711 0.         0.         0.         0.         0.         0.         0.9344885  0.         0.01733864 0.         0.         0.        ],[0. 0. 0. 0. 1. 0. 0. 0. 1. 0. 0. 0. 0. 0. 0. 0. 0. 0. 1. 0. 0. 0. 0. 0. 0. 1. 0. 1. 0. 0. 0.],5.0,best,10000,100000,100,0.9,0.5,0.9,0.5,0.9,1,0.92,1,5,,problem_solving,10
4000,0.010413117550145993,0.084789,0.003829613264781198,0.66,0.7114321829337936,0.4711073053957651,[0.         0.         0.         0.         0.01541711 0.         0.         0.         0.01733864 0.         0.         0.         0.         0.         0.         0.         0.         0.         0.01541711 0.         0.         0.         0.         0.         0.         0.9344885  0.         0.01733864 0.         0.         0.        ],[0. 0. 0. 0. 1. 0. 0. 0. 1. 0. 0. 0. 0. 0. 0. 0. 0. 0. 1. 0. 0. 0. 0. 0. 0. 1. 0. 1. 0. 0. 0.],5.0,best,10000,100000,100,0.9,0.5,0.9,0.5,0.9,1,0.92,1,5,,problem_solving,10
4100,0.010413117550145993,0.084789,0.003829613264781198,0.664,0.707262745136635,-0.6245640999809178,[0.         0.         0.         0.         0.01541711 0.         0.         0.         0.01733864 0.         0.         0.         0.         0.         0.         0.         0.         0.         0.01541711 0.         0.         0.         0.         0.         0.         0.9344885  0.         0.01733864 0.         0.         0.        ],[0. 0. 0. 0. 1. 0. 0. 0. 1. 0. 0. 0. 0. 0. 0. 0. 0. 0. 1. 0. 0. 0. 0. 0. 0. 1. 0. 1. 0. 0. 0.],5.0,best,10000,100000,100,0.9,0.5,0.9,0.5,0.9,1,0.92,1,5,,problem_solving,10
4200,0.010413117550145993,0.084789,0.003829613264781198,0.668,0.7031177428541489,-0.9219858829053189,[0.         0.         0.         0.         0.01541711 0.         0.         0.         0.01733864 0.         0.         0.         0.         0.         0.         0.         0.         0.         0.01541711 0.         0.         0.         0.         0.         0.         0.9344885  0.         0.01733864 0.         0.         0.        ],[0. 0. 0. 0. 1. 0. 0. 0. 1. 0. 0. 0. 0. 0. 0. 0. 0. 0. 1. 0. 0. 0. 0. 0. 0. 1. 0. 1. 0. 0. 0.],5.0,best,10000,100000,100,0.9,0.5,0.9,0.5,0.9,1,0.92,1,5,,problem_solving,10
4300,0.010413117550145993,0.084789,0.003829613264781198,0.672,0.6989970328789274,-0.041586219876872964,[0.         0.         0.         0.         0.01541711 0.         0.         0.         0.01733864 0.         0.         0.         0.         0.         0.         0.         0.         0.         0.01541711 0.         0.         0.         0.         0.         0.         0.9344885  0.         0.01733864 0.         0.         0.        ],[0. 0. 0. 0. 1. 0. 0. 0. 1. 0. 0. 0. 0. 0. 0. 0. 0. 0. 1. 0. 0. 0. 0. 0. 0. 1. 0. 1. 0. 0. 0.],5.0,best,10000,100000,100,0.9,0.5,0.9,0.5,0.9,1,0.92,1,5,,problem_solving,10
4400,0.010413117550145993,0.084789,0.003829613264781198,0.676,0.6949004728428485,0.6872589459475279,[0.         0.         0.         0.         0.01541711 0.         0.         0.         0.01733864 0.         0.         0.         0.         0.         0.         0.         0.         0.         0.01541711 0.         0.         0.         0.         0.         0.         0.9344885  0.         0.01733864 0.         0.         0.        ],[0. 0. 0. 0. 1. 0. 0. 0. 1. 0. 0. 0. 0. 0. 0. 0. 0. 0. 1. 0. 0. 0. 0. 0. 0. 1. 0. 1. 0. 0. 0.],5.0,best,10000,100000,100,0.9,0.5,0.9,0.5,0.9,1,0.92,1,5,,problem_solving,10
4500,0.010413117550145993,0.084789,0.003829613264781198,0.68,0.6908279212121557,-0.549297299958981,[0.         0.         0.         0.         0.01541711 0.         0.         0.         0.01733864 0.         0.         0.         0.         0.         0.         0.         0.         0.         0.01541711 0.         0.         0.         0.         0.         0.         0.9344885  0.         0.01733864 0.         0.         0.        ],[0. 0. 0. 0. 1. 0. 0. 0. 1. 0. 0. 0. 0. 0. 0. 0. 0. 0. 1. 0. 0. 0. 0. 0. 0. 1. 0. 1. 0. 0. 0.],5.0,best,10000,100000,100,0.9,0.5,0.9,0.5,0.9,1,0.92,1,5,,problem_solving,10
4600,0.010413117550145993,0.084789,0.003829613264781198,0.684,0.6867792372825697,-0.08542391946708255,[0.         0.         0.         0.         0.01541711 0.         0.         0.         0.01733864 0.         0.         0.         0.         0.         0.         0.         0.         0.         0.01541711 0.         0.         0.         0.         0.         0.         0.9344885  0.         0.01733864 0.         0.         0.        ],[0. 0. 0. 0. 1. 0. 0. 0. 1. 0. 0. 0. 0. 0. 0. 0. 0. 0. 1. 0. 0. 0. 0. 0. 0. 1. 0. 1. 0. 0. 0.],5.0,best,10000,100000,100,0.9,0.5,0.9,0.5,0.9,1,0.92,1,5,,problem_solving,10
4700,0.010413117550145993,0.084789,0.003829613264781198,0.6880000000000001,0.6827542811744257,0.7869328946310004,[0.         0.         0.         0.         0.01541711 0.         0.         0.         0.01733864 0.         0.         0.         0.         0.         0.         0.         0.         0.         0.01541711 0.         0.         0.         0.         0.         0.         0.9344885  0.         0.01733864 0.         0.         0.        ],[0. 0. 0. 0. 1. 0. 0. 0. 1. 0. 0. 0. 0. 0. 0. 0. 0. 0. 1. 0. 0. 0. 0. 0. 0. 1. 0. 1. 0. 0. 0.],5.0,best,10000,100000,100,0.9,0.5,0.9,0.5,0.9,1,0.92,1,5,,problem_solving,10
4800,0.010413117550145993,0.084789,0.003829613264781198,0.692,0.6787529138278414,-0.18893256183487725,[0.         0.         0.         0.         0.01541711 0.         0.         0.         0.01733864 0.         0.         0.         0.         0.         0.         0.         0.         0.         0.01541711 0.         0.         0.         0.         0.         0.         0.9344885  0.         0.01733864 0.         0.         0.        ],[0. 0. 0. 0. 1. 0. 0. 0. 1. 0. 0. 0. 0. 0. 0. 0. 0. 0. 1. 0. 0. 0. 0. 0. 0. 1. 0. 1. 0. 0. 0.],5.0,best,10000,100000,100,0.9,0.5,0.9,0.5,0.9,1,0.92,1,5,,problem_solving,10
4900,0.010413117550145993,0.084789,0.003829613264781198,0.696,0.6747749969979128,0.2613498734417572,[0.         0.         0.         0.         0.01541711 0.         0.         0.         0.01733864 0.         0.         0.         0.         0.         0.         0.         0.         0.         0.01541711 0.         0.         0.         0.         0.         0.         0.9344885  0.         0.01733864 0.         0.         0.        ],[0. 0. 0. 0. 1. 0. 0. 0. 1. 0. 0. 0. 0. 0. 0. 0. 0. 0. 1. 0. 0. 0. 0. 0. 0. 1. 0. 1. 0. 0. 0.],5.0,best,10000,100000,100,0.9,0.5,0.9,0.5,0.9,1,0.92,1,5,,problem_solving,10
5000,0.010413117550145993,0.084789,0.003829613264781198,0.7,0.6708203932499369,-0.24237867295236634,[0.         0.         0.         0.         0.01541711 0.         0.         0.         0.01733864 0.         0.         0.         0.         0.         0.         0.         0.         0.         0.01541711 0.         0.         0.         0.         0.         0.         0.9344885  0.         0.01733864 0.         0.         0.        ],[0. 0. 0. 0. 1. 0. 0. 0. 1. 0. 0. 0. 0. 0. 0. 0. 0. 0. 1. 0. 0. 0. 0. 0. 0. 1. 0. 1. 0. 0. 0.],5.0,best,10000,100000,100,0.9,0.5,0.9,0.5,0.9,1,0.92,1,5,,problem_solving,10
5100,0.010413117550145993,0.084789,0.003829613264781198,0.704,0.6668889659546647,-0.2676498190489545,[0.         0.         0.         0.         0.01541711 0.         0.         0.         0.01733864 0.         0.         0.         0.         0.         0.         0.         0.         0.         0.01541711 0.         0.         0.         0.         0.         0.         0.9344885  0.         0.01733864 0.         0.         0.        ],[0. 0. 0. 0. 1. 0. 0. 0. 1. 0. 0. 0. 0. 0. 0. 0. 0. 0. 1. 0. 0. 0. 0. 0. 0. 1. 0. 1. 0. 0. 0.],5.0,best,10000,100000,100,0.9,0.5,0.9,0.5,0.9,1,0.92,1,5,,problem_solving,10
5200,0.010413117550145993,0.084789,0.003829613264781198,0.708,0.6629805792835798,-0.6147023362864991,[0.         0.         0.         0.         0.01541711 0.         0.         0.         0.01733864 0.         0.         0.         0.         0.         0.         0.         0.         0.         0.01541711 0.         0.         0.         0.         0.         0.         0.9344885  0.         0.01733864 0.         0.         0.        ],[0. 0. 0. 0. 1. 0. 0. 0. 1. 0. 0. 0. 0. 0. 0. 0. 0. 0. 1. 0. 0. 0. 0. 0. 0. 1. 0. 1. 0. 0. 0.],5.0,best,10000,100000,100,0.9,0.5,0.9,0.5,0.9,1,0.92,1,5,,problem_solving,10
5300,0.010413117550145993,0.084789,0.003829613264781198,0.712,0.6590950982042058,0.139683963104964,[0.         0.         0.         0.         0.01541711 0.         0.         0.         0.01733864 0.         0.         0.         0.         0.         0.         0.         0.         0.         0.01541711 0.         0.         0.         0.         0.         0.         0.9344885  0.         0.01733864 0.         0.         0.        ],[0. 0. 0. 0. 1. 0. 0. 0. 1. 0. 0. 0. 0. 0. 0. 0. 0. 0. 1. 0. 0. 0. 0. 0. 0. 1. 0. 1. 0. 0. 0.],5.0,best,10000,100000,100,0.9,0.5,0.9,0.5,0.9,1,0.92,1,5,,problem_solving,10
5400,0.010413117550145993,0.084789,0.003829613264781198,0.716,0.6552323884754414,-0.6634241102688385,[0.         0.         0.         0.         0.01541711 0.         0.         0.         0.01733864 0.         0.         0.         0.         0.         0.         0.         0.         0.         0.01541711 0.         0.         0.         0.         0.         0.         0.9344885  0.         0.01733864 0.         0.         0.        ],[0. 0. 0. 0. 1. 0. 0. 0. 1. 0. 0. 0. 0. 0. 0. 0. 0. 0. 1. 0. 0. 0. 0. 0. 0. 1. 0. 1. 0. 0. 0.],5.0,best,10000,100000,100,0.9,0.5,0.9,0.5,0.9,1,0.92,1,5,,problem_solving,10
5500,0.010413117550145993,0.084789,0.003829613264781198,0.72,0.651392316642922,-0.0668405937526573,[0.         0.         0.         0.         0.01541711 0.         0.         0.         0.01733864 0.         0.         0.         0.         0.         0.         0.         0.         0.         0.01541711 0.         0.         0.         0.         0.         0.         0.9344885  0.         0.01733864 0.         0.         0.        ],[0. 0. 0. 0. 1. 0. 0. 0. 1. 0. 0. 0. 0. 0. 0. 0. 0. 0. 1. 0. 0. 0. 0. 0. 0. 1. 0. 1. 0. 0. 0.],5.0,best,10000,100000,100,0.9,0.5,0.9,0.5,0.9,1,0.92,1,5,,problem_solving,10
5600,0.010413117550145993,0.084789,0.003829613264781198,0.724,0.6475747500344088,-0.1528028671911259,[0.         0.         0.         0.         0.01541711 0.         0.         0.         0.01733864 0.         0.         0.         0.         0.         0.         0.         0.         0.         0.01541711 0.         0.         0.         0.         0.         0.         0.9344885  0.         0.01733864 0.         0.         0.        ],[0. 0. 0. 0. 1. 0. 0. 0. 1. 0. 0. 0. 0. 0. 0. 0. 0. 0. 1. 0. 0. 0. 0. 0. 0. 1. 0. 1. 0. 0. 0.],5.0,best,10000,100000,100,0.9,0.5,0.9,0.5,0.9,1,0.92,1,5,,problem_solving,10
5700,0.010413117550145993,0.084789,0.003829613264781198,0.728,0.643779556755206,-0.10504750532589792,[0.         0.         0.         0.         0.01541711 0.         0.         0.         0.01733864 0.         0.         0.         0.         0.         0.         0.         0.         0.         0.01541711 0.         0.         0.         0.         0.         0.         0.9344885  0.         0.01733864 0.         0.         0.        ],[0. 0. 0. 0. 1. 0. 0. 0. 1. 0. 0. 0. 0. 0. 0. 0. 0. 0. 1. 0. 0. 0. 0. 0. 0. 1. 0. 1. 0. 0. 0.],5.0,best,10000,100000,100,0.9,0.5,0.9,0.5,0.9,1,0.92,1,5,,problem_solving,10
5800,0.010413117550145993,0.084789,0.003829613264781198,0.732,0.6400066056836028,0.17661812845947397,[0.         0.         0.         0.         0.01541711 0.         0.         0.         0.01733864 0.         0.         0.         0.         0.         0.         0.         0.         0.         0.01541711 0.         0.         0.         0.         0.         0.         0.9344885  0.         0.01733864 0.         0.         0.        ],[0. 0. 0. 0. 1. 0. 0. 0. 1. 0. 0. 0. 0. 0. 0. 0. 0. 0. 1. 0. 0. 0. 0. 0. 0. 1. 0. 1. 0. 0. 0.],5.0,best,10000,100000,100,0.9,0.5,0.9,0.5,0.9,1,0.92,1,5,,problem_solving,10
5900,0.010413117550145993,0.084789,0.003829613264781198,0.736,0.6362557664663436,-0.5149491949094211,[0.         0.         0.         0.         0.01541711 0.         0.         0.         0.01733864 0.         0.         0.         0.         0.         0.         0.         0.         0.         0.01541711 0.         0.         0.         0.         0.         0.         0.9344885  0.         0.01733864 0.         0.         0.        ],[0. 0. 0. 0. 1. 0. 0. 0. 1. 0. 0. 0. 0. 0. 0. 0. 0. 0. 1. 0. 0. 0. 0. 0. 0. 1. 0. 1. 0. 0. 0.],5.0,best,10000,100000,100,0.9,0.5,0.9,0.5,0.9,1,0.92,1,5,,problem_solving,10
6000,0.010413117550145993,0.084789,0.003829613264781198,0.74,0.6325269095141249,-0.7807382818866265,[0.         0.         0.         0.         0.01541711 0.         0.         0.         0.01733864 0.         0.         0.         0.         0.         0.         0.         0.         0.         0.01541711 0.         0.         0.         0.         0.         0.         0.9344885  0.         0.01733864 0.         0.         0.        ],[0. 0. 0. 0. 1. 0. 0. 0. 1. 0. 0. 0. 0. 0. 0. 0. 0. 0. 1. 0. 0. 0. 0. 0. 0. 1. 0. 1. 0. 0. 0.],5.0,best,10000,100000,100,0.9,0.5,0.9,0.5,0.9,1,0.92,1,5,,problem_solving,10
6100,0.010413117550145993,0.084789,0.003829613264781198,0.744,0.6288199059971172,0.1394259696116556,[0.         0.         0.         0.         0.01541711 0.         0.         0.         0.01733864 0.         0.         0.         0.         0.         0.         0.         0.         0.         0.01541711 0.         0.         0.         0.         0.         0.         0.9344885  0.         0.01733864 0.         0.         0.        ],[0. 0. 0. 0. 1. 0. 0. 0. 1. 0. 0. 0. 0. 0. 0. 0. 0. 0. 1. 0. 0. 0. 0. 0. 0. 1. 0. 1. 0. 0. 0.],5.0,best,10000,100000,100,0.9,0.5,0.9,0.5,0.9,1,0.92,1,5,,problem_solving,10
6200,0.010413117550145993,0.084789,0.003829613264781198,0.748,0.6251346278405147,0.9220814975280118,[0.         0.         0.         0.         0.01541711 0.         0.         0.         0.01733864 0.         0.         0.         0.         0.         0.         0.         0.         0.         0.01541711 0.         0.         0.         0.         0.         0.         0.9344885  0.         0.01733864 0.         0.         0.        ],[0. 0. 0. 0. 1. 0. 0. 0. 1. 0. 0. 0. 0. 0. 0. 0. 0. 0. 1. 0. 0. 0. 0. 0. 0. 1. 0. 1. 0. 0. 0.],5.0,best,10000,100000,100,0.9,0.5,0.9,0.5,0.9,1,0.92,1,5,,problem_solving,10
6300,0.010413117550145993,0.084789,0.003829613264781198,0.752,0.6214709477201097,0.7654168143688996,[0.         0.         0.         0.         0.01541711 0.         0.         0.         0.01733864 0.         0.         0.         0.         0.         0.         0.         0.         0.         0.01541711 0.         0.         0.         0.         0.         0.         0.9344885  0.         0.01733864 0.         0.         0.        ],[0. 0. 0. 0. 1. 0. 0. 0. 1. 0. 0. 0. 0. 0. 0. 0. 0. 0. 1. 0. 0. 0. 0. 0. 0. 1. 0. 1. 0. 0. 0.],5.0,best,10000,100000,100,0.9,0.5,0.9,0.5,0.9,1,0.92,1,5,,problem_solving,10
6400,0.010413117550145993,0.084789,0.003829613264781198,0.756,0.6178287390578946,-0.3023998356583863,[0.         0.         0.         0.         0.01541711 0.         0.         0.         0.01733864 0.         0.         0.         0.         0.         0.         0.         0.         0.         0.01541711 0.         0.         0.         0.         0.         0.         0.9344885  0.         0.01733864 0.         0.         0.        ],[0. 0. 0. 0. 1. 0. 0. 0. 1. 0. 0. 0. 0. 0. 0. 0. 0. 0. 1. 0. 0. 0. 0. 0. 0. 1. 0. 1. 0. 0. 0.],5.0,best,10000,100000,100,0.9,0.5,0.9,0.5,0.9,1,0.92,1,5,,problem_solving,10
6500,0.010413117550145993,0.084789,0.003829613264781198,0.76,0.6142078760176876,0.051070156758805725,[0.         0.         0.         0.         0.01541711 0.         0.         0.         0.01733864 0.         0.         0.         0.         0.         0.         0.         0.         0.         0.01541711 0.         0.         0.         0.         0.         0.         0.9344885  0.         0.01733864 0.         0.         0.        ],[0. 0. 0. 0. 1. 0. 0. 0. 1. 0. 0. 0. 0. 0. 0. 0. 0. 0. 1. 0. 0. 0. 0. 0. 0. 1. 0. 1. 0. 0. 0.],5.0,best,10000,100000,100,0.9,0.5,0.9,0.5,0.9,1,0.92,1,5,,problem_solving,10
6600,0.010413117550145993,0.084789,0.003829613264781198,0.764,0.6106082335007861,-0.3394692759997889,[0.         0.         0.         0.         0.01541711 0.         0.         0.         0.01733864 0.         0.         0.         0.         0.         0.         0.         0.         0.         0.01541711 0.         0.         0.         0.         0.         0.         0.9344885  0.         0.01733864 0.         0.         0.        ],[0. 0. 0. 0. 1. 0. 0. 0. 1. 0. 0. 0. 0. 0. 0. 0. 0. 0. 1. 0. 0. 0. 0. 0. 0. 1. 0. 1. 0. 0. 0.],5.0,best,10000,100000,100,0.9,0.5,0.9,0.5,0.9,1,0.92,1,5,,problem_solving,10
6700,0.010413117550145993,0.084789,0.003829613264781198,0.768,0.6070296871416437,0.4887049681210055,[0.         0.         0.         0.         0.01541711 0.         0.         0.         0.01733864 0.         0.         0.         0.         0.         0.         0.         0.         0.         0.01541711 0.         0.         0.         0.         0.         0.         0.9344885  0.         0.01733864 0.         0.         0.        ],[0. 0. 0. 0. 1. 0. 0. 0. 1. 0. 0. 0. 0. 0. 0. 0. 0. 0. 1. 0. 0. 0. 0. 0. 0. 1. 0. 1. 0. 0. 0.],5.0,best,10000,100000,100,0.9,0.5,0.9,0.5,0.9,1,0.92,1,5,,problem_solving,10
6800,0.010413117550145993,0.084789,0.003829613264781198,0.772,0.6034721133035746,-0.9142214908267601,[0.         0.         0.         0.         0.01541711 0.         0.         0.         0.01733864 0.         0.         0.         0.         0.         0.         0.         0.         0.         0.01541711 0.         0.         0.         0.         0.         0.         0.9344885  0.         0.01733864 0.         0.         0.        ],[0. 0. 0. 0. 1. 0. 0. 0. 1. 0. 0. 0. 0. 0. 0. 0. 0. 0. 1. 0. 0. 0. 0. 0. 0. 1. 0. 1. 0. 0. 0.],5.0,best,10000,100000,100,0.9,0.5,0.9,0.5,0.9,1,0.92,1,5,,problem_solving,10
6900,0.010413117550145993,0.084789,0.003829613264781198,0.776,0.5999353890744809,0.8791502255449184,[0.         0.         0.         0.         0.01541711 0.         0.         0.         0.01733864 0.         0.         0.         0.         0.         0.         0.         0.         0.         0.01541711 0.         0.         0.         0.         0.         0.         0.9344885  0.         0.01733864 0.         0.         0.        ],[0. 0. 0. 0. 1. 0. 0. 0. 1. 0. 0. 0. 0. 0. 0. 0. 0. 0. 1. 0. 0. 0. 0. 0. 0. 1. 0. 1. 0. 0. 0.],5.0,best,10000,100000,100,0.9,0.5,0.9,0.5,0.9,1,0.92,1,5,,problem_solving,10
7000,0.010413117550145993,0.084789,0.003829613264781198,0.78,0.5964193922626064,-0.15350097289680392,[0.         0.         0.         0.         0.01541711 0.         0.         0.         0.01733864 0.         0.         0.         0.         0.         0.         0.         0.         0.         0.01541711 0.         0.         0.         0.         0.         0.         0.9344885  0.         0.01733864 0.         0.         0.        ],[0. 0. 0. 0. 1. 0. 0. 0. 1. 0. 0. 0. 0. 0. 0. 0. 0. 0. 1. 0. 0. 0. 0. 0. 0. 1. 0. 1. 0. 0. 0.],5.0,best,10000,100000,100,0.9,0.5,0.9,0.5,0.9,1,0.92,1,5,,problem_solving,10
7100,0.010413117550145993,0.084789,0.003829613264781198,0.784,0.5929240013923155,-0.4753512597372521,[0.         0.         0.         0.         0.01541711 0.         0.         0.         0.01733864 0.         0.         0.         0.         0.         0.         0.         0.         0.         0.01541711 0.         0.         0.         0.         0.         0.         0.9344885  0.         0.01733864 0.         0.         0.        ],[0. 0. 0. 0. 1. 0. 0. 0. 1. 0. 0. 0. 0. 0. 0. 0. 0. 0. 1. 0. 0. 0. 0. 0. 0. 1. 0. 1. 0. 0. 0.],5.0,best,10000,100000,100,0.9,0.5,0.9,0.5,0.9,1,0.92,1,5,,problem_solving,10
7200,0.010413117550145993,0.084789,0.003829613264781198,0.788,0.5894490956998952,-0.7418908193615876,[0.         0.         0.         0.         0.01541711 0.         0.         0.         0.01733864 0.         0.         0.         0.         0.         0.         0.         0.         0.         0.01541711 0.         0.         0.         0.         0.         0.         0.9344885  0.         0.01733864 0.         0.         0.        ],[0. 0. 0. 0. 1. 0. 0. 0. 1. 0. 0. 0. 0. 0. 0. 0. 0. 0. 1. 0. 0. 0. 0. 0. 0. 1. 0. 1. 0. 0. 0.],5.0,best,10000,100000,100,0.9,0.5,0.9,0.5,0.9,1,0.92,1,5,,problem_solving,10
7300,0.010413117550145993,0.084789,0.003829613264781198,0.792,0.5859945551293843,-0.23015042124929225,[0.         0.         0.         0.         0.01541711 0.         0.         0.         0.01733864 0.         0.         0.         0.         0.         0.         0.         0.         0.         0.01541711 0.         0.         0.         0.         0.         0.         0.9344885  0.         0.01733864 0.         0.         0.        ],[0. 0. 0. 0. 1. 0. 0. 0. 1. 0. 0. 0. 0. 0. 0. 0. 0. 0. 1. 0. 0. 0. 0. 0. 0. 1. 0. 1. 0. 0. 0.],5.0,best,10000,100000,100,0.9,0.5,0.9,0.5,0.9,1,0.92,1,5,,problem_solving,10
7400,0.010413117550145993,0.084789,0.003829613264781198,0.796,0.5825602603284237,-0.7279611171805845,[0.         0.         0.         0.         0.01541711 0.         0.         0.         0.01733864 0.         0.         0.         0.         0.         0.         0.         0.         0.         0.01541711 0.         0.         0.         0.         0.         0.         0.9344885  0.         0.01733864 0.         0.         0.        ],[0. 0. 0. 0. 1. 0. 0. 0. 1. 0. 0. 0. 0. 0. 0. 0. 0. 0. 1. 0. 0. 0. 0. 0. 0. 1. 0. 1. 0. 0. 0.],5.0,best,10000,100000,100,0.9,0.5,0.9,0.5,0.9,1,0.92,1,5,,problem_solving,10
7500,0.010413117550145993,0.084789,0.003829613264781198,0.8,0.5791460926441345,-0.5630580969653911,[0.         0.         0.         0.         0.01541711 0.         0.         0.         0.01733864 0.         0.         0.         0.         0.         0.         0.         0.         0.         0.01541711 0.         0.         0.         0.         0.         0.         0.9344885  0.         0.01733864 0.         0.         0.        ],[0. 0. 0. 0. 1. 0. 0. 0. 1. 0. 0. 0. 0. 0. 0. 0. 0. 0. 1. 0. 0. 0. 0. 0. 0. 1. 0. 1. 0. 0. 0.],5.0,best,10000,100000,100,0.9,0.5,0.9,0.5,0.9,1,0.92,1,5,,problem_solving,10
7600,0.010413117550145993,0.084789,0.003829613264781198,0.804,0.5757519341190179,1.0026194760500933,[0.         0.         0.         0.         0.01541711 0.         0.         0.         0.01733864 0.         0.         0.         0.         0.         0.         0.         0.         0.         0.01541711 0.         0.         0.         0.         0.         0.         0.9344885  0.         0.01733864 0.         0.         0.        ],[0. 0. 0. 0. 1. 0. 0. 0. 1. 0. 0. 0. 0. 0. 0. 0. 0. 0. 1. 0. 0. 0. 0. 0. 0. 1. 0. 1. 0. 0. 0.],5.0,best,10000,100000,100,0.9,0.5,0.9,0.5,0.9,1,0.92,1,5,,problem_solving,10
7700,0.010413117550145993,0.084789,0.003829613264781198,0.808,0.5723776674868795,-0.22092433799437305,[0.         0.         0.         0.         0.01541711 0.         0.         0.         0.01733864 0.         0.         0.         0.         0.         0.         0.         0.         0.         0.01541711 0.         0.         0.         0.         0.         0.         0.9344885  0.         0.01733864 0.         0.         0.        ],[0. 0. 0. 0. 1. 0. 0. 0. 1. 0. 0. 0. 0. 0. 0. 0. 0. 0. 1. 0. 0. 0. 0. 0. 0. 1. 0. 1. 0. 0. 0.],5.0,best,10000,100000,100,0.9,0.5,0.9,0.5,0.9,1,0.92,1,5,,problem_solving,10
7800,0.010413117550145993,0.084789,0.003829613264781198,0.812,0.5690231761687783,-0.6675418901412997,[0.         0.         0.         0.         0.01541711 0.         0.         0.         0.01733864 0.         0.         0.         0.         0.         0.         0.         0.         0.         0.01541711 0.         0.         0.         0.         0.         0.         0.9344885  0.         0.01733864 0.         0.         0.        ],[0. 0. 0. 0. 1. 0. 0. 0. 1. 0. 0. 0. 0. 0. 0. 0. 0. 0. 1. 0. 0. 0. 0. 0. 0. 1. 0. 1. 0. 0. 0.],5.0,best,10000,100000,100,0.9,0.5,0.9,0.5,0.9,1,0.92,1,5,,problem_solving,10
7900,0.010413117550145993,0.084789,0.003829613264781198,0.8160000000000001,0.5656883442689989,-0.32037661077652196,[0.         0.         0.         0.         0.01541711 0.         0.         0.         0.01733864 0.         0.         0.         0.         0.         0.         0.         0.         0.         0.01541711 0.         0.         0.         0.         0.         0.         0.9344885  0.         0.01733864 0.         0.         0.        ],[0. 0. 0. 0. 1. 0. 0. 0. 1. 0. 0. 0. 0. 0. 0. 0. 0. 0. 1. 0. 0. 0. 0. 0. 0. 1. 0. 1. 0. 0. 0.],5.0,best,10000,100000,100,0.9,0.5,0.9,0.5,0.9,1,0.92,1,5,,problem_solving,10
8000,0.010413117550145993,0.084789,0.003829613264781198,0.8200000000000001,0.5623730565710474,0.5360665417486654,[0.         0.         0.         0.         0.01541711 0.         0.         0.         0.01733864 0.         0.         0.         0.         0.         0.         0.         0.         0.         0.01541711 0.         0.         0.         0.         0.         0.         0.9344885  0.         0.01733864 0.         0.         0.        ],[0. 0. 0. 0. 1. 0. 0. 0. 1. 0. 0. 0. 0. 0. 0. 0. 0. 0. 1. 0. 0. 0. 0. 0. 0. 1. 0. 1. 0. 0. 0.],5.0,best,10000,100000,100,0.9,0.5,0.9,0.5,0.9,1,0.92,1,5,,problem_solving,10
8100,0.010413117550145993,0.084789,0.003829613264781198,0.8240000000000001,0.5590771985336705,-0.4351457054227322,[0.         0.         0.         0.         0.01541711 0.         0.         0.         0.01733864 0.         0.         0.         0.         0.         0.         0.         0.         0.         0.01541711 0.         0.         0.         0.         0.         0.         0.9344885  0.         0.01733864 0.         0.         0.        ],[0. 0. 0. 0. 1. 0. 0. 0. 1. 0. 0. 0. 0. 0. 0. 0. 0. 0. 1. 0. 0. 0. 0. 0. 0. 1. 0. 1. 0. 0. 0.],5.0,best,10000,100000,100,0.9,0.5,0.9,0.5,0.9,1,0.92,1,5,,problem_solving,10
8200,0.010413117550145993,0.084789,0.003829613264781198,0.8280000000000001,0.5558006562868987,-0.49384331045540625,[0.         0.         0.         0.         0.01541711 0.         0.         0.         0.01733864 0.         0.         0.         0.         0.         0.         0.         0.         0.         0.01541711 0.         0.         0.         0.         0.         0.         0.9344885  0.         0.01733864 0.         0.         0.        ],[0. 0. 0. 0. 1. 0. 0. 0. 1. 0. 0. 0. 0. 0. 0. 0. 0. 0. 1. 0. 0. 0. 0. 0. 0. 1. 0. 1. 0. 0. 0.],5.0,best,10000,100000,100,0.9,0.5,0.9,0.5,0.9,1,0.92,1,5,,problem_solving,10
8300,0.010413117550145993,0.084789,0.003829613264781198,0.8320000000000001,0.5525433166281111,0.3885278150057612,[0.         0.         0.         0.         0.01541711 0.         0.         0.         0.01733864 0.         0.         0.         0.         0.         0.         0.         0.         0.         0.01541711 0.         0.         0.         0.         0.         0.         0.9344885  0.         0.01733864 0.         0.         0.        ],[0. 0. 0. 0. 1. 0. 0. 0. 1. 0. 0. 0. 0. 0. 0. 0. 0. 0. 1. 0. 0. 0. 0. 0. 0. 1. 0. 1. 0. 0. 0.],5.0,best,10000,100000,100,0.9,0.5,0.9,0.5,0.9,1,0.92,1,5,,problem_solving,10
8400,0.010413117550145993,0.084789,0.003829613264781198,0.8360000000000001,0.5493050670181255,0.33033471397192155,[0.         0.         0.         0.         0.01541711 0.         0.         0.         0.01733864 0.         0.         0.         0.         0.         0.         0.         0.         0.         0.01541711 0.         0.         0.         0.         0.         0.         0.9344885  0.         0.01733864 0.         0.         0.        ],[0. 0. 0. 0. 1. 0. 0. 0. 1. 0. 0. 0. 0. 0. 0. 0. 0. 0. 1. 0. 0. 0. 0. 0. 0. 1. 0. 1. 0. 0. 0.],5.0,best,10000,100000,100,0.9,0.5,0.9,0.5,0.9,1,0.92,1,5,,problem_solving,10
8500,0.010413117550145993,0.084789,0.003829613264781198,0.8400000000000001,0.5460857955773097,-0.06667494708354543,[0.         0.         0.         0.         0.01541711 0.         0.         0.         0.01733864 0.         0.         0.         0.         0.         0.         0.         0.         0.         0.01541711 0.         0.         0.         0.         0.         0.         0.9344885  0.         0.01733864 0.         0.         0.        ],[0. 0. 0. 0. 1. 0. 0. 0. 1. 0. 0. 0. 0. 0. 0. 0. 0. 0. 1. 0. 0. 0. 0. 0. 0. 1. 0. 1. 0. 0. 0.],5.0,best,10000,100000,100,0.9,0.5,0.9,0.5,0.9,1,0.92,1,5,,problem_solving,10
8600,0.010413117550145993,0.084789,0.003829613264781198,0.8440000000000001,0.542885391081716,-0.05367440692702103,[0.         0.         0.         0.         0.01541711 0.         0.         0.         0.01733864 0.         0.         0.         0.         0.         0.         0.         0.         0.         0.01541711 0.         0.         0.         0.         0.         0.         0.9344885  0.         0.01733864 0.         0.         0.        ],[0. 0. 0. 0. 1. 0. 0. 0. 1. 0. 0. 0. 0. 0. 0. 0. 0. 0. 1. 0. 0. 0. 0. 0. 0. 1. 0. 1. 0. 0. 0.],5.0,best,10000,100000,100,0.9,0.5,0.9,0.5,0.9,1,0.92,1,5,,problem_solving,10
8700,0.010413117550145993,0.084789,0.003829613264781198,0.8480000000000001,0.5397037429592386,0.02111998739390503,[0.         0.         0.         0.         0.01541711 0.         0.         0.         0.01733864 0.         0.         0.         0.         0.         0.         0.         0.         0.         0.01541711 0.         0.         0.         0.         0.         0.         0.9344885  0.         0.01733864 0.         0.         0.        ],[0. 0. 0. 0. 1. 0. 0. 0. 1. 0. 0. 0. 0. 0. 0. 0. 0. 0. 1. 0. 0. 0. 0. 0. 0. 1. 0. 1. 0. 0. 0.],5.0,best,10000,100000,100,0.9,0.5,0.9,0.5,0.9,1,0.92,1,5,,problem_solving,10
8800,0.010413117550145993,0.084789,0.003829613264781198,0.8520000000000001,0.5365407412857937,-0.5061463280446451,[0.         0.         0.         0.         0.01541711 0.         0.         0.         0.01733864 0.         0.         0.         0.         0.         0.         0.         0.         0.         0.01541711 0.         0.         0.         0.         0.         0.         0.9344885  0.         0.01733864 0.         0.         0.        ],[0. 0. 0. 0. 1. 0. 0. 0. 1. 0. 0. 0. 0. 0. 0. 0. 0. 0. 1. 0. 0. 0. 0. 0. 0. 1. 0. 1. 0. 0. 0.],5.0,best,10000,100000,100,0.9,0.5,0.9,0.5,0.9,1,0.92,1,5,,problem_solving,10
8900,0.010413117550145993,0.084789,0.003829613264781198,0.8560000000000001,0.5333962767815211,0.35861109367980776,[0.         0.         0.         0.         0.01541711 0.         0.         0.         0.01733864 0.         0.         0.         0.         0.         0.         0.         0.         0.         0.01541711 0.         0.         0.         0.         0.         0.         0.9344885  0.         0.01733864 0.         0.         0.        ],[0. 0. 0. 0. 1. 0. 0. 0. 1. 0. 0. 0. 0. 0. 0. 0. 0. 0. 1. 0. 0. 0. 0. 0. 0. 1. 0. 1. 0. 0. 0.],5.0,best,10000,100000,100,0.9,0.5,0.9,0.5,0.9,1,0.92,1,5,,problem_solving,10
9000,0.010413117550145993,0.084789,0.003829613264781198,0.8600000000000001,0.5302702408070095,-0.5665580219509321,[0.         0.         0.         0.         0.01541711 0.         0.         0.         0.01733864 0.         0.         0.         0.         0.         0.         0.         0.         0.         0.01541711 0.         0.         0.         0.         0.         0.         0.9344885  0.         0.01733864 0.         0.         0.        ],[0. 0. 0. 0. 1. 0. 0. 0. 1. 0. 0. 0. 0. 0. 0. 0. 0. 0. 1. 0. 0. 0. 0. 0. 0. 1. 0. 1. 0. 0. 0.],5.0,best,10000,100000,100,0.9,0.5,0.9,0.5,0.9,1,0.92,1,5,,problem_solving,10
9100,0.010413117550145993,0.084789,0.003829613264781198,0.8640000000000001,0.5271625253595416,-0.5041596516098636,[0.         0.         0.         0.         0.01541711 0.         0.         0.         0.01733864 0.         0.         0.         0.         0.         0.         0.         0.         0.         0.01541711 0.         0.         0.         0.         0.         0.         0.9344885  0.         0.01733864 0.         0.         0.        ],[0. 0. 0. 0. 1. 0. 0. 0. 1. 0. 0. 0. 0. 0. 0. 0. 0. 0. 1. 0. 0. 0. 0. 0. 0. 1. 0. 1. 0. 0. 0.],5.0,best,10000,100000,100,0.9,0.5,0.9,0.5,0.9,1,0.92,1,5,,problem_solving,10
9200,0.010413117550145993,0.084789,0.003829613264781198,0.8680000000000001,0.5240730230693647,-0.27176524378275607,[0.         0.         0.         0.         0.01541711 0.         0.         0.         0.01733864 0.         0.         0.         0.         0.         0.         0.         0.         0.         0.01541711 0.         0.         0.         0.         0.         0.         0.9344885  0.         0.01733864 0.         0.         0.        ],[0. 0. 0. 0. 1. 0. 0. 0. 1. 0. 0. 0. 0. 0. 0. 0. 0. 0. 1. 0. 0. 0. 0. 0. 0. 1. 0. 1. 0. 0. 0.],5.0,best,10000,100000,100,0.9,0.5,0.9,0.5,0.9,1,0.92,1,5,,problem_solving,10
9300,0.010413117550145993,0.084789,0.003829613264781198,0.8720000000000001,0.5210016271959791,0.8645978367889198,[0.         0.         0.         0.         0.01541711 0.         0.         0.         0.01733864 0.         0.         0.         0.         0.         0.         0.         0.         0.         0.01541711 0.         0.         0.         0.         0.         0.         0.9344885  0.         0.01733864 0.         0.         0.        ],[0. 0. 0. 0. 1. 0. 0. 0. 1. 0. 0. 0. 0. 0. 0. 0. 0. 0. 1. 0. 0. 0. 0. 0. 0. 1. 0. 1. 0. 0. 0.],5.0,best,10000,100000,100,0.9,0.5,0.9,0.5,0.9,1,0.92,1,5,,problem_solving,10
9400,0.010413117550145993,0.084789,0.003829613264781198,0.8760000000000001,0.5179482316244518,-0.7119626324059007,[0.         0.         0.         0.         0.01541711 0.         0.         0.         0.01733864 0.         0.         0.         0.         0.         0.         0.         0.         0.         0.01541711 0.         0.         0.         0.         0.         0.         0.9344885  0.         0.01733864 0.         0.         0.        ],[0. 0. 0. 0. 1. 0. 0. 0. 1. 0. 0. 0. 0. 0. 0. 0. 0. 0. 1. 0. 0. 0. 0. 0. 0. 1. 0. 1. 0. 0. 0.],5.0,best,10000,100000,100,0.9,0.5,0.9,0.5,0.9,1,0.92,1,5,,problem_solving,10
9500,0.010413117550145993,0.084789,0.003829613264781198,0.88,0.5149127308617497,0.6041758117133033,[0.         0.         0.         0.         0.01541711 0.         0.         0.         0.01733864 0.         0.         0.         0.         0.         0.         0.         0.         0.         0.01541711 0.         0.         0.         0.         0.         0.         0.9344885  0.         0.01733864 0.         0.         0.        ],[0. 0. 0. 0. 1. 0. 0. 0. 1. 0. 0. 0. 0. 0. 0. 0. 0. 0. 1. 0. 0. 0. 0. 0. 0. 1. 0. 1. 0. 0. 0.],5.0,best,10000,100000,100,0.9,0.5,0.9,0.5,0.9,1,0.92,1,5,,problem_solving,10
9600,0.010413117550145993,0.084789,0.003829613264781198,0.884,0.5118950200330946,0.9707539175617648,[0.         0.         0.         0.         0.01541711 0.         0.         0.         0.01733864 0.         0.         0.         0.         0.         0.         0.         0.         0.         0.01541711 0.         0.         0.         0.         0.         0.         0.9344885  0.         0.01733864 0.         0.         0.        ],[0. 0. 0. 0. 1. 0. 0. 0. 1. 0. 0. 0. 0. 0. 0. 0. 0. 0. 1. 0. 0. 0. 0. 0. 0. 1. 0. 1. 0. 0. 0.],5.0,best,10000,100000,100,0.9,0.5,0.9,0.5,0.9,1,0.92,1,5,,problem_solving,10
9700,0.010413117550145993,0.084789,0.003829613264781198,0.888,0.5088949948783402,0.4249211642469649,[0.         0.         0.         0.         0.01541711 0.         0.         0.         0.01733864 0.         0.         0.         0.         0.         0.         0.         0.         0.         0.01541711 0.         0.         0.         0.         0.         0.         0.9344885  0.         0.01733864 0.         0.         0.        ],[0. 0. 0. 0. 1. 0. 0. 0. 1. 0. 0. 0. 0. 0. 0. 0. 0. 0. 1. 0. 0. 0. 0. 0. 0. 1. 0. 1. 0. 0. 0.],5.0,best,10000,100000,100,0.9,0.5,0.9,0.5,0.9,1,0.92,1,5,,problem_solving,10
9800,0.010413117550145993,0.084789,0.003829613264781198,0.892,0.5059125517483702,-0.7574410880680771,[0.         0.         0.         0.         0.01541711 0.         0.         0.         0.01733864 0.         0.         0.         0.         0.         0.         0.         0.         0.         0.01541711 0.         0.         0.         0.         0.         0.         0.9344885  0.         0.01733864 0.         0.         0.        ],[0. 0. 0. 0. 1. 0. 0. 0. 1. 0. 0. 0. 0. 0. 0. 0. 0. 0. 1. 0. 0. 0. 0. 0. 0. 1. 0. 1. 0. 0. 0.],5.0,best,10000,100000,100,0.9,0.5,0.9,0.5,0.9,1,0.92,1,5,,problem_solving,10
9900,0.010413117550145993,0.084789,0.003829613264781198,0.896,0.5029475876015165,0.481989479017594,[0.         0.         0.         0.         0.01541711 0.         0.         0.         0.01733864 0.         0.         0.         0.         0.         0.         0.         0.         0.         0.01541711 0.         0.         0.         0.         0.         0.         0.9344885  0.         0.01733864 0.         0.         0.        ],[0. 0. 0. 0. 1. 0. 0. 0. 1. 0. 0. 0. 0. 0. 0. 0. 0. 0. 1. 0. 0. 0. 0. 0. 0. 1. 0. 1. 0. 0. 0.],5.0,best,10000,100000,100,0.9,0.5,0.9,0.5,0.9,1,0.92,1,5,,problem_solving,10
9999,0.010413117550145993,0.084789,0.003829613264781198,0.8999600000000001,0.500029390196995,0.13830460936344818,[0.         0.         0.         0.         0.01541711 0.         0.         0.         0.01733864 0.         0.         0.         0.         0.         0.         0.         0.         0.         0.01541711 0.         0.         0.         0.         0.         0.         0.9344885  0.         0.01733864 0.         0.         0.        ],[0. 0. 0. 0. 1. 0. 0. 0. 1. 0. 0. 0. 0. 0. 0. 0. 0. 0. 1. 0. 0. 0. 0. 0. 0. 1. 0. 1. 0. 0. 0.],5.0,best,10000,100000,100,0.9,0.5,0.9,0.5,0.9,1,0.92,1,5,,problem_solving,10
