iter,cost,risk,return,par,bw,move,X,Z,Q,pop_init,max_iter,pop_size,mem_size,mem_consider,par_min,par_max,bw_min,bw_max,sigma,lambda,port_n,k,seed,tag
1,0.08029411071837683,0.165156,0.004567778563246343,0.3006,0.5,0.008886290605864513,[0.         0.         0.         0.01930236 0.21422631 0.         0.         0.         0.04124454 0.02815015 0.         0.         0.         0.01911323 0.         0.         0.05473782 0.         0.         0.         0.01585648 0.         0.01776071 0.         0.         0.14634926 0.         0.44325915 0.         0.         0.        ],[0. 0. 0. 1. 1. 0. 0. 0. 1. 1. 0. 0. 0. 1. 0. 0. 1. 0. 0. 0. 1. 0. 1. 0. 0. 1. 0. 1. 0. 0. 0.],10.0,best,1000,100,10,0.9,0.3,0.9,0.5,0.5,0.1,0.5,1,10,,tuning_par
10,0.06730280897028652,0.197729,0.004600168597088743,0.306,0.5,-0.05337508918552902,[0.         0.         0.         0.03278483 0.60595782 0.         0.         0.         0.04335479 0.         0.         0.         0.         0.         0.         0.         0.04185439 0.         0.         0.         0.02602241 0.05277099 0.         0.09981358 0.         0.03249294 0.         0.04572468 0.         0.         0.01922358],[0. 0. 0. 1. 1. 0. 0. 0. 1. 0. 0. 0. 0. 0. 0. 0. 1. 0. 0. 0. 1. 1. 0. 1. 0. 1. 0. 1. 0. 0. 1.],10.0,best,1000,100,10,0.9,0.3,0.9,0.5,0.5,0.1,0.5,1,10,,tuning_par
20,0.06398291120393591,0.183091,0.004336388917364658,0.312,0.5,0.0019330046171259427,[0.         0.         0.         0.         0.0881979  0.         0.         0.         0.03076488 0.         0.02794548 0.01767286 0.         0.         0.         0.         0.04909107 0.         0.04575169 0.         0.         0.         0.02933597 0.         0.         0.14816028 0.         0.54546667 0.         0.         0.01761319],[0. 0. 0. 0. 1. 0. 0. 0. 1. 0. 1. 1. 0. 0. 0. 0. 1. 0. 1. 0. 0. 0. 1. 0. 0. 1. 0. 1. 0. 0. 1.],10.0,best,1000,100,10,0.9,0.3,0.9,0.5,0.5,0.1,0.5,1,10,,tuning_par
30,0.0638924251098906,0.199206,0.003606065619217547,0.318,0.5,-0.0317754506795844,[0.         0.         0.         0.         0.29268495 0.         0.         0.         0.0336445  0.01853409 0.01301648 0.01172731 0.         0.         0.         0.         0.05074193 0.         0.         0.         0.         0.         0.02318032 0.         0.         0.12375545 0.         0.41572588 0.         0.         0.01698908],[0. 0. 0. 0. 1. 0. 0. 0. 1. 1. 1. 1. 0. 0. 0. 0. 1. 0. 0. 0. 0. 0. 1. 0. 0. 1. 0. 1. 0. 0. 1.],10.0,best,1000,100,10,0.9,0.3,0.9,0.5,0.5,0.1,0.5,1,10,,tuning_par
40,0.0638924251098906,0.199206,0.003606065619217547,0.324,0.5,0.015499178481269901,[0.         0.         0.         0.         0.29268495 0.         0.         0.         0.0336445  0.01853409 0.01301648 0.01172731 0.         0.         0.         0.         0.05074193 0.         0.         0.         0.         0.         0.02318032 0.         0.         0.12375545 0.         0.41572588 0.         0.         0.01698908],[0. 0. 0. 0. 1. 0. 0. 0. 1. 1. 1. 1. 0. 0. 0. 0. 1. 0. 0. 0. 0. 0. 1. 0. 0. 1. 0. 1. 0. 0. 1.],10.0,best,1000,100,10,0.9,0.3,0.9,0.5,0.5,0.1,0.5,1,10,,tuning_par
50,0.06271023366329165,0.196706,0.0041911440562036415,0.33,0.5,0.036623290180230306,[0.         0.         0.01829874 0.         0.10537984 0.         0.         0.         0.07241208 0.         0.         0.         0.         0.         0.         0.         0.06362034 0.         0.01829874 0.         0.         0.01829874 0.01829874 0.         0.         0.07260717 0.         0.56464577 0.         0.         0.04813983],[0. 0. 1. 0. 1. 0. 0. 0. 1. 0. 0. 0. 0. 0. 0. 0. 1. 0. 1. 0. 0. 1. 1. 0. 0. 1. 0. 1. 0. 0. 1.],10.0,best,1000,100,10,0.9,0.3,0.9,0.5,0.5,0.1,0.5,1,10,,tuning_par
60,0.060009352315859826,0.197102,0.0035950923319495428,0.33599999999999997,0.5,0.08133221592589583,[0.         0.         0.         0.01746175 0.4483865  0.         0.         0.         0.01900614 0.         0.         0.         0.01742552 0.         0.         0.         0.03472751 0.         0.         0.01742552 0.         0.03130234 0.02136313 0.         0.         0.06548373 0.         0.32741786 0.         0.         0.        ],[0. 0. 0. 1. 1. 0. 0. 0. 1. 0. 0. 0. 1. 0. 0. 0. 1. 0. 0. 1. 0. 1. 1. 0. 0. 1. 0. 1. 0. 0. 0.],10.0,best,1000,100,10,0.9,0.3,0.9,0.5,0.5,0.1,0.5,1,10,,tuning_par
70,0.055305809012531015,0.183719,0.004080849809567135,0.34199999999999997,0.5,-0.017383591857161818,[0.         0.         0.         0.         0.50258259 0.         0.         0.         0.027919   0.         0.02640184 0.         0.         0.         0.         0.         0.         0.         0.02203935 0.         0.0198966  0.         0.04078234 0.         0.01980097 0.09051068 0.         0.21767652 0.         0.         0.03239011],[0. 0. 0. 0. 1. 0. 0. 0. 1. 0. 1. 0. 0. 0. 0. 0. 0. 0. 1. 0. 1. 0. 1. 0. 1. 1. 0. 1. 0. 0. 1.],10.0,best,1000,100,10,0.9,0.3,0.9,0.5,0.5,0.1,0.5,1,10,,tuning_par
80,0.055305809012531015,0.183719,0.004080849809567135,0.348,0.5,-0.06014543220140342,[0.         0.         0.         0.         0.50258259 0.         0.         0.         0.027919   0.         0.02640184 0.         0.         0.         0.         0.         0.         0.         0.02203935 0.         0.0198966  0.         0.04078234 0.         0.01980097 0.09051068 0.         0.21767652 0.         0.         0.03239011],[0. 0. 0. 0. 1. 0. 0. 0. 1. 0. 1. 0. 0. 0. 0. 0. 0. 0. 1. 0. 1. 0. 1. 0. 1. 1. 0. 1. 0. 0. 1.],10.0,best,1000,100,10,0.9,0.3,0.9,0.5,0.5,0.1,0.5,1,10,,tuning_par
90,0.055305809012531015,0.183719,0.004080849809567135,0.354,0.5,-0.03925669280625137,[0.         0.         0.         0.         0.50258259 0.         0.         0.         0.027919   0.         0.02640184 0.         0.         0.         0.         0.         0.         0.         0.02203935 0.         0.0198966  0.         0.04078234 0.         0.01980097 0.09051068 0.         0.21767652 0.         0.         0.03239011],[0. 0. 0. 0. 1. 0. 0. 0. 1. 0. 1. 0. 0. 0. 0. 0. 0. 0. 1. 0. 1. 0. 1. 0. 1. 1. 0. 1. 0. 0. 1.],10.0,best,1000,100,10,0.9,0.3,0.9,0.5,0.5,0.1,0.5,1,10,,tuning_par
100,0.055305809012531015,0.183719,0.004080849809567135,0.36,0.5,-0.04821013589154914,[0.         0.         0.         0.         0.50258259 0.         0.         0.         0.027919   0.         0.02640184 0.         0.         0.         0.         0.         0.         0.         0.02203935 0.         0.0198966  0.         0.04078234 0.         0.01980097 0.09051068 0.         0.21767652 0.         0.         0.03239011],[0. 0. 0. 0. 1. 0. 0. 0. 1. 0. 1. 0. 0. 0. 0. 0. 0. 0. 1. 0. 1. 0. 1. 0. 1. 1. 0. 1. 0. 0. 1.],10.0,best,1000,100,10,0.9,0.3,0.9,0.5,0.5,0.1,0.5,1,10,,tuning_par
110,0.055305809012531015,0.183719,0.004080849809567135,0.366,0.5,0.0034778168462374706,[0.         0.         0.         0.         0.50258259 0.         0.         0.         0.027919   0.         0.02640184 0.         0.         0.         0.         0.         0.         0.         0.02203935 0.         0.0198966  0.         0.04078234 0.         0.01980097 0.09051068 0.         0.21767652 0.         0.         0.03239011],[0. 0. 0. 0. 1. 0. 0. 0. 1. 0. 1. 0. 0. 0. 0. 0. 0. 0. 1. 0. 1. 0. 1. 0. 1. 1. 0. 1. 0. 0. 1.],10.0,best,1000,100,10,0.9,0.3,0.9,0.5,0.5,0.1,0.5,1,10,,tuning_par
120,0.055305809012531015,0.183719,0.004080849809567135,0.372,0.5,0.01958548226760818,[0.         0.         0.         0.         0.50258259 0.         0.         0.         0.027919   0.         0.02640184 0.         0.         0.         0.         0.         0.         0.         0.02203935 0.         0.0198966  0.         0.04078234 0.         0.01980097 0.09051068 0.         0.21767652 0.         0.         0.03239011],[0. 0. 0. 0. 1. 0. 0. 0. 1. 0. 1. 0. 0. 0. 0. 0. 0. 0. 1. 0. 1. 0. 1. 0. 1. 1. 0. 1. 0. 0. 1.],10.0,best,1000,100,10,0.9,0.3,0.9,0.5,0.5,0.1,0.5,1,10,,tuning_par
130,0.055305809012531015,0.183719,0.004080849809567135,0.378,0.5,0.018768345020428095,[0.         0.         0.         0.         0.50258259 0.         0.         0.         0.027919   0.         0.02640184 0.         0.         0.         0.         0.         0.         0.         0.02203935 0.         0.0198966  0.         0.04078234 0.         0.01980097 0.09051068 0.         0.21767652 0.         0.         0.03239011],[0. 0. 0. 0. 1. 0. 0. 0. 1. 0. 1. 0. 0. 0. 0. 0. 0. 0. 1. 0. 1. 0. 1. 0. 1. 1. 0. 1. 0. 0. 1.],10.0,best,1000,100,10,0.9,0.3,0.9,0.5,0.5,0.1,0.5,1,10,,tuning_par
140,0.04469683953325153,0.180672,0.0035881676438597665,0.384,0.5,-0.0467649335044831,[0.01782959 0.         0.         0.03539268 0.03085788 0.         0.         0.01782959 0.06703525 0.02984218 0.01759133 0.         0.         0.         0.         0.         0.72512201 0.         0.01782959 0.         0.         0.         0.         0.         0.         0.04066989 0.         0.         0.         0.         0.        ],[1. 0. 0. 1. 1. 0. 0. 1. 1. 1. 1. 0. 0. 0. 0. 0. 1. 0. 1. 0. 0. 0. 0. 0. 0. 1. 0. 0. 0. 0. 0.],10.0,best,1000,100,10,0.9,0.3,0.9,0.5,0.5,0.1,0.5,1,10,,tuning_par
150,0.04469683953325153,0.180672,0.0035881676438597665,0.39,0.5,0.022139799935761706,[0.01782959 0.         0.         0.03539268 0.03085788 0.         0.         0.01782959 0.06703525 0.02984218 0.01759133 0.         0.         0.         0.         0.         0.72512201 0.         0.01782959 0.         0.         0.         0.         0.         0.         0.04066989 0.         0.         0.         0.         0.        ],[1. 0. 0. 1. 1. 0. 0. 1. 1. 1. 1. 0. 0. 0. 0. 0. 1. 0. 1. 0. 0. 0. 0. 0. 0. 1. 0. 0. 0. 0. 0.],10.0,best,1000,100,10,0.9,0.3,0.9,0.5,0.5,0.1,0.5,1,10,,tuning_par
160,0.04469683953325153,0.180672,0.0035881676438597665,0.396,0.5,-0.058756454264595484,[0.01782959 0.         0.         0.03539268 0.03085788 0.         0.         0.01782959 0.06703525 0.02984218 0.01759133 0.         0.         0.         0.         0.         0.72512201 0.         0.01782959 0.         0.         0.         0.         0.         0.         0.04066989 0.         0.         0.         0.         0.        ],[1. 0. 0. 1. 1. 0. 0. 1. 1. 1. 1. 0. 0. 0. 0. 0. 1. 0. 1. 0. 0. 0. 0. 0. 0. 1. 0. 0. 0. 0. 0.],10.0,best,1000,100,10,0.9,0.3,0.9,0.5,0.5,0.1,0.5,1,10,,tuning_par
170,0.04469683953325153,0.180672,0.0035881676438597665,0.402,0.5,-0.009769005619976512,[0.01782959 0.         0.         0.03539268 0.03085788 0.         0.         0.01782959 0.06703525 0.02984218 0.01759133 0.         0.         0.         0.         0.         0.72512201 0.         0.01782959 0.         0.         0.         0.         0.         0.         0.04066989 0.         0.         0.         0.         0.        ],[1. 0. 0. 1. 1. 0. 0. 1. 1. 1. 1. 0. 0. 0. 0. 0. 1. 0. 1. 0. 0. 0. 0. 0. 0. 1. 0. 0. 0. 0. 0.],10.0,best,1000,100,10,0.9,0.3,0.9,0.5,0.5,0.1,0.5,1,10,,tuning_par
180,0.04469683953325153,0.180672,0.0035881676438597665,0.40800000000000003,0.5,-0.12965589665427443,[0.01782959 0.         0.         0.03539268 0.03085788 0.         0.         0.01782959 0.06703525 0.02984218 0.01759133 0.         0.         0.         0.         0.         0.72512201 0.         0.01782959 0.         0.         0.         0.         0.         0.         0.04066989 0.         0.         0.         0.         0.        ],[1. 0. 0. 1. 1. 0. 0. 1. 1. 1. 1. 0. 0. 0. 0. 0. 1. 0. 1. 0. 0. 0. 0. 0. 0. 1. 0. 0. 0. 0. 0.],10.0,best,1000,100,10,0.9,0.3,0.9,0.5,0.5,0.1,0.5,1,10,,tuning_par
190,0.04469683953325153,0.180672,0.0035881676438597665,0.414,0.5,-0.04469279086768738,[0.01782959 0.         0.         0.03539268 0.03085788 0.         0.         0.01782959 0.06703525 0.02984218 0.01759133 0.         0.         0.         0.         0.         0.72512201 0.         0.01782959 0.         0.         0.         0.         0.         0.         0.04066989 0.         0.         0.         0.         0.        ],[1. 0. 0. 1. 1. 0. 0. 1. 1. 1. 1. 0. 0. 0. 0. 0. 1. 0. 1. 0. 0. 0. 0. 0. 0. 1. 0. 0. 0. 0. 0.],10.0,best,1000,100,10,0.9,0.3,0.9,0.5,0.5,0.1,0.5,1,10,,tuning_par
200,0.04469683953325153,0.180672,0.0035881676438597665,0.42,0.5,-0.03683680143084514,[0.01782959 0.         0.         0.03539268 0.03085788 0.         0.         0.01782959 0.06703525 0.02984218 0.01759133 0.         0.         0.         0.         0.         0.72512201 0.         0.01782959 0.         0.         0.         0.         0.         0.         0.04066989 0.         0.         0.         0.         0.        ],[1. 0. 0. 1. 1. 0. 0. 1. 1. 1. 1. 0. 0. 0. 0. 0. 1. 0. 1. 0. 0. 0. 0. 0. 0. 1. 0. 0. 0. 0. 0.],10.0,best,1000,100,10,0.9,0.3,0.9,0.5,0.5,0.1,0.5,1,10,,tuning_par
210,0.04469683953325153,0.180672,0.0035881676438597665,0.426,0.5,0.008093034089617026,[0.01782959 0.         0.         0.03539268 0.03085788 0.         0.         0.01782959 0.06703525 0.02984218 0.01759133 0.         0.         0.         0.         0.         0.72512201 0.         0.01782959 0.         0.         0.         0.         0.         0.         0.04066989 0.         0.         0.         0.         0.        ],[1. 0. 0. 1. 1. 0. 0. 1. 1. 1. 1. 0. 0. 0. 0. 0. 1. 0. 1. 0. 0. 0. 0. 0. 0. 1. 0. 0. 0. 0. 0.],10.0,best,1000,100,10,0.9,0.3,0.9,0.5,0.5,0.1,0.5,1,10,,tuning_par
220,0.04469683953325153,0.180672,0.0035881676438597665,0.432,0.5,0.015810870375163315,[0.01782959 0.         0.         0.03539268 0.03085788 0.         0.         0.01782959 0.06703525 0.02984218 0.01759133 0.         0.         0.         0.         0.         0.72512201 0.         0.01782959 0.         0.         0.         0.         0.         0.         0.04066989 0.         0.         0.         0.         0.        ],[1. 0. 0. 1. 1. 0. 0. 1. 1. 1. 1. 0. 0. 0. 0. 0. 1. 0. 1. 0. 0. 0. 0. 0. 0. 1. 0. 0. 0. 0. 0.],10.0,best,1000,100,10,0.9,0.3,0.9,0.5,0.5,0.1,0.5,1,10,,tuning_par
230,0.04469683953325153,0.180672,0.0035881676438597665,0.438,0.5,-0.04432322562946645,[0.01782959 0.         0.         0.03539268 0.03085788 0.         0.         0.01782959 0.06703525 0.02984218 0.01759133 0.         0.         0.         0.         0.         0.72512201 0.         0.01782959 0.         0.         0.         0.         0.         0.         0.04066989 0.         0.         0.         0.         0.        ],[1. 0. 0. 1. 1. 0. 0. 1. 1. 1. 1. 0. 0. 0. 0. 0. 1. 0. 1. 0. 0. 0. 0. 0. 0. 1. 0. 0. 0. 0. 0.],10.0,best,1000,100,10,0.9,0.3,0.9,0.5,0.5,0.1,0.5,1,10,,tuning_par
240,0.04469683953325153,0.180672,0.0035881676438597665,0.444,0.5,-0.03494909288405567,[0.01782959 0.         0.         0.03539268 0.03085788 0.         0.         0.01782959 0.06703525 0.02984218 0.01759133 0.         0.         0.         0.         0.         0.72512201 0.         0.01782959 0.         0.         0.         0.         0.         0.         0.04066989 0.         0.         0.         0.         0.        ],[1. 0. 0. 1. 1. 0. 0. 1. 1. 1. 1. 0. 0. 0. 0. 0. 1. 0. 1. 0. 0. 0. 0. 0. 0. 1. 0. 0. 0. 0. 0.],10.0,best,1000,100,10,0.9,0.3,0.9,0.5,0.5,0.1,0.5,1,10,,tuning_par
250,0.04469683953325153,0.180672,0.0035881676438597665,0.45,0.5,0.07990674387296627,[0.01782959 0.         0.         0.03539268 0.03085788 0.         0.         0.01782959 0.06703525 0.02984218 0.01759133 0.         0.         0.         0.         0.         0.72512201 0.         0.01782959 0.         0.         0.         0.         0.         0.         0.04066989 0.         0.         0.         0.         0.        ],[1. 0. 0. 1. 1. 0. 0. 1. 1. 1. 1. 0. 0. 0. 0. 0. 1. 0. 1. 0. 0. 0. 0. 0. 0. 1. 0. 0. 0. 0. 0.],10.0,best,1000,100,10,0.9,0.3,0.9,0.5,0.5,0.1,0.5,1,10,,tuning_par
260,0.04469683953325153,0.180672,0.0035881676438597665,0.456,0.5,-0.04133202766921347,[0.01782959 0.         0.         0.03539268 0.03085788 0.         0.         0.01782959 0.06703525 0.02984218 0.01759133 0.         0.         0.         0.         0.         0.72512201 0.         0.01782959 0.         0.         0.         0.         0.         0.         0.04066989 0.         0.         0.         0.         0.        ],[1. 0. 0. 1. 1. 0. 0. 1. 1. 1. 1. 0. 0. 0. 0. 0. 1. 0. 1. 0. 0. 0. 0. 0. 0. 1. 0. 0. 0. 0. 0.],10.0,best,1000,100,10,0.9,0.3,0.9,0.5,0.5,0.1,0.5,1,10,,tuning_par
270,0.04469683953325153,0.180672,0.0035881676438597665,0.46199999999999997,0.5,0.07125533138669389,[0.01782959 0.         0.         0.03539268 0.03085788 0.         0.         0.01782959 0.06703525 0.02984218 0.01759133 0.         0.         0.         0.         0.         0.72512201 0.         0.01782959 0.         0.         0.         0.         0.         0.         0.04066989 0.         0.         0.         0.         0.        ],[1. 0. 0. 1. 1. 0. 0. 1. 1. 1. 1. 0. 0. 0. 0. 0. 1. 0. 1. 0. 0. 0. 0. 0. 0. 1. 0. 0. 0. 0. 0.],10.0,best,1000,100,10,0.9,0.3,0.9,0.5,0.5,0.1,0.5,1,10,,tuning_par
280,0.04469683953325153,0.180672,0.0035881676438597665,0.46799999999999997,0.5,-0.01147236581502692,[0.01782959 0.         0.         0.03539268 0.03085788 0.         0.         0.01782959 0.06703525 0.02984218 0.01759133 0.         0.         0.         0.         0.         0.72512201 0.         0.01782959 0.         0.         0.         0.         0.         0.         0.04066989 0.         0.         0.         0.         0.        ],[1. 0. 0. 1. 1. 0. 0. 1. 1. 1. 1. 0. 0. 0. 0. 0. 1. 0. 1. 0. 0. 0. 0. 0. 0. 1. 0. 0. 0. 0. 0.],10.0,best,1000,100,10,0.9,0.3,0.9,0.5,0.5,0.1,0.5,1,10,,tuning_par
290,0.04469683953325153,0.180672,0.0035881676438597665,0.474,0.5,-0.019558788415020414,[0.01782959 0.         0.         0.03539268 0.03085788 0.         0.         0.01782959 0.06703525 0.02984218 0.01759133 0.         0.         0.         0.         0.         0.72512201 0.         0.01782959 0.         0.         0.         0.         0.         0.         0.04066989 0.         0.         0.         0.         0.        ],[1. 0. 0. 1. 1. 0. 0. 1. 1. 1. 1. 0. 0. 0. 0. 0. 1. 0. 1. 0. 0. 0. 0. 0. 0. 1. 0. 0. 0. 0. 0.],10.0,best,1000,100,10,0.9,0.3,0.9,0.5,0.5,0.1,0.5,1,10,,tuning_par
300,0.04469683953325153,0.180672,0.0035881676438597665,0.48,0.5,-0.020069023456904495,[0.01782959 0.         0.         0.03539268 0.03085788 0.         0.         0.01782959 0.06703525 0.02984218 0.01759133 0.         0.         0.         0.         0.         0.72512201 0.         0.01782959 0.         0.         0.         0.         0.         0.         0.04066989 0.         0.         0.         0.         0.        ],[1. 0. 0. 1. 1. 0. 0. 1. 1. 1. 1. 0. 0. 0. 0. 0. 1. 0. 1. 0. 0. 0. 0. 0. 0. 1. 0. 0. 0. 0. 0.],10.0,best,1000,100,10,0.9,0.3,0.9,0.5,0.5,0.1,0.5,1,10,,tuning_par
310,0.04469683953325153,0.180672,0.0035881676438597665,0.486,0.5,-0.07645727154785659,[0.01782959 0.         0.         0.03539268 0.03085788 0.         0.         0.01782959 0.06703525 0.02984218 0.01759133 0.         0.         0.         0.         0.         0.72512201 0.         0.01782959 0.         0.         0.         0.         0.         0.         0.04066989 0.         0.         0.         0.         0.        ],[1. 0. 0. 1. 1. 0. 0. 1. 1. 1. 1. 0. 0. 0. 0. 0. 1. 0. 1. 0. 0. 0. 0. 0. 0. 1. 0. 0. 0. 0. 0.],10.0,best,1000,100,10,0.9,0.3,0.9,0.5,0.5,0.1,0.5,1,10,,tuning_par
320,0.04469683953325153,0.180672,0.0035881676438597665,0.492,0.5,-0.02626804558544063,[0.01782959 0.         0.         0.03539268 0.03085788 0.         0.         0.01782959 0.06703525 0.02984218 0.01759133 0.         0.         0.         0.         0.         0.72512201 0.         0.01782959 0.         0.         0.         0.         0.         0.         0.04066989 0.         0.         0.         0.         0.        ],[1. 0. 0. 1. 1. 0. 0. 1. 1. 1. 1. 0. 0. 0. 0. 0. 1. 0. 1. 0. 0. 0. 0. 0. 0. 1. 0. 0. 0. 0. 0.],10.0,best,1000,100,10,0.9,0.3,0.9,0.5,0.5,0.1,0.5,1,10,,tuning_par
330,0.04469683953325153,0.180672,0.0035881676438597665,0.498,0.5,-0.013765674894379921,[0.01782959 0.         0.         0.03539268 0.03085788 0.         0.         0.01782959 0.06703525 0.02984218 0.01759133 0.         0.         0.         0.         0.         0.72512201 0.         0.01782959 0.         0.         0.         0.         0.         0.         0.04066989 0.         0.         0.         0.         0.        ],[1. 0. 0. 1. 1. 0. 0. 1. 1. 1. 1. 0. 0. 0. 0. 0. 1. 0. 1. 0. 0. 0. 0. 0. 0. 1. 0. 0. 0. 0. 0.],10.0,best,1000,100,10,0.9,0.3,0.9,0.5,0.5,0.1,0.5,1,10,,tuning_par
340,0.037131209718742286,0.183091,0.004336388917364658,0.504,0.5,-0.045547316804831116,[0.         0.         0.         0.         0.0881979  0.         0.         0.         0.03076488 0.         0.02794548 0.01767286 0.         0.         0.         0.         0.04909107 0.         0.04575169 0.         0.         0.         0.02933597 0.         0.         0.14816028 0.         0.54546667 0.         0.         0.01761319],[0. 0. 0. 0. 1. 0. 0. 0. 1. 0. 1. 1. 0. 0. 0. 0. 1. 0. 1. 0. 0. 0. 1. 0. 0. 1. 0. 1. 0. 0. 1.],10.0,best,1000,100,10,0.9,0.3,0.9,0.5,0.5,0.1,0.5,1,10,,tuning_par
350,0.037131209718742286,0.183091,0.004336388917364658,0.51,0.5,0.013983517756555625,[0.         0.         0.         0.         0.0881979  0.         0.         0.         0.03076488 0.         0.02794548 0.01767286 0.         0.         0.         0.         0.04909107 0.         0.04575169 0.         0.         0.         0.02933597 0.         0.         0.14816028 0.         0.54546667 0.         0.         0.01761319],[0. 0. 0. 0. 1. 0. 0. 0. 1. 0. 1. 1. 0. 0. 0. 0. 1. 0. 1. 0. 0. 0. 1. 0. 0. 1. 0. 1. 0. 0. 1.],10.0,best,1000,100,10,0.9,0.3,0.9,0.5,0.5,0.1,0.5,1,10,,tuning_par
360,0.037131209718742286,0.183091,0.004336388917364658,0.516,0.5,-0.07029507697209028,[0.         0.         0.         0.         0.0881979  0.         0.         0.         0.03076488 0.         0.02794548 0.01767286 0.         0.         0.         0.         0.04909107 0.         0.04575169 0.         0.         0.         0.02933597 0.         0.         0.14816028 0.         0.54546667 0.         0.         0.01761319],[0. 0. 0. 0. 1. 0. 0. 0. 1. 0. 1. 1. 0. 0. 0. 0. 1. 0. 1. 0. 0. 0. 1. 0. 0. 1. 0. 1. 0. 0. 1.],10.0,best,1000,100,10,0.9,0.3,0.9,0.5,0.5,0.1,0.5,1,10,,tuning_par
370,0.037131209718742286,0.183091,0.004336388917364658,0.522,0.5,0.06364928382554877,[0.         0.         0.         0.         0.0881979  0.         0.         0.         0.03076488 0.         0.02794548 0.01767286 0.         0.         0.         0.         0.04909107 0.         0.04575169 0.         0.         0.         0.02933597 0.         0.         0.14816028 0.         0.54546667 0.         0.         0.01761319],[0. 0. 0. 0. 1. 0. 0. 0. 1. 0. 1. 1. 0. 0. 0. 0. 1. 0. 1. 0. 0. 0. 1. 0. 0. 1. 0. 1. 0. 0. 1.],10.0,best,1000,100,10,0.9,0.3,0.9,0.5,0.5,0.1,0.5,1,10,,tuning_par
380,0.037131209718742286,0.183091,0.004336388917364658,0.528,0.5,0.03826850586102308,[0.         0.         0.         0.         0.0881979  0.         0.         0.         0.03076488 0.         0.02794548 0.01767286 0.         0.         0.         0.         0.04909107 0.         0.04575169 0.         0.         0.         0.02933597 0.         0.         0.14816028 0.         0.54546667 0.         0.         0.01761319],[0. 0. 0. 0. 1. 0. 0. 0. 1. 0. 1. 1. 0. 0. 0. 0. 1. 0. 1. 0. 0. 0. 1. 0. 0. 1. 0. 1. 0. 0. 1.],10.0,best,1000,100,10,0.9,0.3,0.9,0.5,0.5,0.1,0.5,1,10,,tuning_par
390,0.037131209718742286,0.183091,0.004336388917364658,0.534,0.5,-0.0402767576232291,[0.         0.         0.         0.         0.0881979  0.         0.         0.         0.03076488 0.         0.02794548 0.01767286 0.         0.         0.         0.         0.04909107 0.         0.04575169 0.         0.         0.         0.02933597 0.         0.         0.14816028 0.         0.54546667 0.         0.         0.01761319],[0. 0. 0. 0. 1. 0. 0. 0. 1. 0. 1. 1. 0. 0. 0. 0. 1. 0. 1. 0. 0. 0. 1. 0. 0. 1. 0. 1. 0. 0. 1.],10.0,best,1000,100,10,0.9,0.3,0.9,0.5,0.5,0.1,0.5,1,10,,tuning_par
400,0.037131209718742286,0.183091,0.004336388917364658,0.54,0.5,-0.019314531078839625,[0.         0.         0.         0.         0.0881979  0.         0.         0.         0.03076488 0.         0.02794548 0.01767286 0.         0.         0.         0.         0.04909107 0.         0.04575169 0.         0.         0.         0.02933597 0.         0.         0.14816028 0.         0.54546667 0.         0.         0.01761319],[0. 0. 0. 0. 1. 0. 0. 0. 1. 0. 1. 1. 0. 0. 0. 0. 1. 0. 1. 0. 0. 0. 1. 0. 0. 1. 0. 1. 0. 0. 1.],10.0,best,1000,100,10,0.9,0.3,0.9,0.5,0.5,0.1,0.5,1,10,,tuning_par
410,0.037131209718742286,0.183091,0.004336388917364658,0.546,0.5,0.02211304293233724,[0.         0.         0.         0.         0.0881979  0.         0.         0.         0.03076488 0.         0.02794548 0.01767286 0.         0.         0.         0.         0.04909107 0.         0.04575169 0.         0.         0.         0.02933597 0.         0.         0.14816028 0.         0.54546667 0.         0.         0.01761319],[0. 0. 0. 0. 1. 0. 0. 0. 1. 0. 1. 1. 0. 0. 0. 0. 1. 0. 1. 0. 0. 0. 1. 0. 0. 1. 0. 1. 0. 0. 1.],10.0,best,1000,100,10,0.9,0.3,0.9,0.5,0.5,0.1,0.5,1,10,,tuning_par
420,0.037131209718742286,0.183091,0.004336388917364658,0.552,0.5,0.04762881313164785,[0.         0.         0.         0.         0.0881979  0.         0.         0.         0.03076488 0.         0.02794548 0.01767286 0.         0.         0.         0.         0.04909107 0.         0.04575169 0.         0.         0.         0.02933597 0.         0.         0.14816028 0.         0.54546667 0.         0.         0.01761319],[0. 0. 0. 0. 1. 0. 0. 0. 1. 0. 1. 1. 0. 0. 0. 0. 1. 0. 1. 0. 0. 0. 1. 0. 0. 1. 0. 1. 0. 0. 1.],10.0,best,1000,100,10,0.9,0.3,0.9,0.5,0.5,0.1,0.5,1,10,,tuning_par
430,0.037131209718742286,0.183091,0.004336388917364658,0.558,0.5,0.061142857984579614,[0.         0.         0.         0.         0.0881979  0.         0.         0.         0.03076488 0.         0.02794548 0.01767286 0.         0.         0.         0.         0.04909107 0.         0.04575169 0.         0.         0.         0.02933597 0.         0.         0.14816028 0.         0.54546667 0.         0.         0.01761319],[0. 0. 0. 0. 1. 0. 0. 0. 1. 0. 1. 1. 0. 0. 0. 0. 1. 0. 1. 0. 0. 0. 1. 0. 0. 1. 0. 1. 0. 0. 1.],10.0,best,1000,100,10,0.9,0.3,0.9,0.5,0.5,0.1,0.5,1,10,,tuning_par
440,0.037131209718742286,0.183091,0.004336388917364658,0.5640000000000001,0.5,-0.021456677013838035,[0.         0.         0.         0.         0.0881979  0.         0.         0.         0.03076488 0.         0.02794548 0.01767286 0.         0.         0.         0.         0.04909107 0.         0.04575169 0.         0.         0.         0.02933597 0.         0.         0.14816028 0.         0.54546667 0.         0.         0.01761319],[0. 0. 0. 0. 1. 0. 0. 0. 1. 0. 1. 1. 0. 0. 0. 0. 1. 0. 1. 0. 0. 0. 1. 0. 0. 1. 0. 1. 0. 0. 1.],10.0,best,1000,100,10,0.9,0.3,0.9,0.5,0.5,0.1,0.5,1,10,,tuning_par
450,0.037131209718742286,0.183091,0.004336388917364658,0.5700000000000001,0.5,-0.01748706141441339,[0.         0.         0.         0.         0.0881979  0.         0.         0.         0.03076488 0.         0.02794548 0.01767286 0.         0.         0.         0.         0.04909107 0.         0.04575169 0.         0.         0.         0.02933597 0.         0.         0.14816028 0.         0.54546667 0.         0.         0.01761319],[0. 0. 0. 0. 1. 0. 0. 0. 1. 0. 1. 1. 0. 0. 0. 0. 1. 0. 1. 0. 0. 0. 1. 0. 0. 1. 0. 1. 0. 0. 1.],10.0,best,1000,100,10,0.9,0.3,0.9,0.5,0.5,0.1,0.5,1,10,,tuning_par
460,0.037131209718742286,0.183091,0.004336388917364658,0.5760000000000001,0.5,0.001884850464112073,[0.         0.         0.         0.         0.0881979  0.         0.         0.         0.03076488 0.         0.02794548 0.01767286 0.         0.         0.         0.         0.04909107 0.         0.04575169 0.         0.         0.         0.02933597 0.         0.         0.14816028 0.         0.54546667 0.         0.         0.01761319],[0. 0. 0. 0. 1. 0. 0. 0. 1. 0. 1. 1. 0. 0. 0. 0. 1. 0. 1. 0. 0. 0. 1. 0. 0. 1. 0. 1. 0. 0. 1.],10.0,best,1000,100,10,0.9,0.3,0.9,0.5,0.5,0.1,0.5,1,10,,tuning_par
470,0.037131209718742286,0.183091,0.004336388917364658,0.5820000000000001,0.5,-0.0847792783278564,[0.         0.         0.         0.         0.0881979  0.         0.         0.         0.03076488 0.         0.02794548 0.01767286 0.         0.         0.         0.         0.04909107 0.         0.04575169 0.         0.         0.         0.02933597 0.         0.         0.14816028 0.         0.54546667 0.         0.         0.01761319],[0. 0. 0. 0. 1. 0. 0. 0. 1. 0. 1. 1. 0. 0. 0. 0. 1. 0. 1. 0. 0. 0. 1. 0. 0. 1. 0. 1. 0. 0. 1.],10.0,best,1000,100,10,0.9,0.3,0.9,0.5,0.5,0.1,0.5,1,10,,tuning_par
480,0.037131209718742286,0.183091,0.004336388917364658,0.5880000000000001,0.5,-0.08597319195457626,[0.         0.         0.         0.         0.0881979  0.         0.         0.         0.03076488 0.         0.02794548 0.01767286 0.         0.         0.         0.         0.04909107 0.         0.04575169 0.         0.         0.         0.02933597 0.         0.         0.14816028 0.         0.54546667 0.         0.         0.01761319],[0. 0. 0. 0. 1. 0. 0. 0. 1. 0. 1. 1. 0. 0. 0. 0. 1. 0. 1. 0. 0. 0. 1. 0. 0. 1. 0. 1. 0. 0. 1.],10.0,best,1000,100,10,0.9,0.3,0.9,0.5,0.5,0.1,0.5,1,10,,tuning_par
490,0.037131209718742286,0.183091,0.004336388917364658,0.5940000000000001,0.5,-0.07391346391856217,[0.         0.         0.         0.         0.0881979  0.         0.         0.         0.03076488 0.         0.02794548 0.01767286 0.         0.         0.         0.         0.04909107 0.         0.04575169 0.         0.         0.         0.02933597 0.         0.         0.14816028 0.         0.54546667 0.         0.         0.01761319],[0. 0. 0. 0. 1. 0. 0. 0. 1. 0. 1. 1. 0. 0. 0. 0. 1. 0. 1. 0. 0. 0. 1. 0. 0. 1. 0. 1. 0. 0. 1.],10.0,best,1000,100,10,0.9,0.3,0.9,0.5,0.5,0.1,0.5,1,10,,tuning_par
500,0.037131209718742286,0.183091,0.004336388917364658,0.6000000000000001,0.5,0.04872893690053442,[0.         0.         0.         0.         0.0881979  0.         0.         0.         0.03076488 0.         0.02794548 0.01767286 0.         0.         0.         0.         0.04909107 0.         0.04575169 0.         0.         0.         0.02933597 0.         0.         0.14816028 0.         0.54546667 0.         0.         0.01761319],[0. 0. 0. 0. 1. 0. 0. 0. 1. 0. 1. 1. 0. 0. 0. 0. 1. 0. 1. 0. 0. 0. 1. 0. 0. 1. 0. 1. 0. 0. 1.],10.0,best,1000,100,10,0.9,0.3,0.9,0.5,0.5,0.1,0.5,1,10,,tuning_par
510,0.037131209718742286,0.183091,0.004336388917364658,0.6060000000000001,0.5,-0.048282009727822636,[0.         0.         0.         0.         0.0881979  0.         0.         0.         0.03076488 0.         0.02794548 0.01767286 0.         0.         0.         0.         0.04909107 0.         0.04575169 0.         0.         0.         0.02933597 0.         0.         0.14816028 0.         0.54546667 0.         0.         0.01761319],[0. 0. 0. 0. 1. 0. 0. 0. 1. 0. 1. 1. 0. 0. 0. 0. 1. 0. 1. 0. 0. 0. 1. 0. 0. 1. 0. 1. 0. 0. 1.],10.0,best,1000,100,10,0.9,0.3,0.9,0.5,0.5,0.1,0.5,1,10,,tuning_par
520,0.037131209718742286,0.183091,0.004336388917364658,0.6120000000000001,0.5,-0.011880698681686707,[0.         0.         0.         0.         0.0881979  0.         0.         0.         0.03076488 0.         0.02794548 0.01767286 0.         0.         0.         0.         0.04909107 0.         0.04575169 0.         0.         0.         0.02933597 0.         0.         0.14816028 0.         0.54546667 0.         0.         0.01761319],[0. 0. 0. 0. 1. 0. 0. 0. 1. 0. 1. 1. 0. 0. 0. 0. 1. 0. 1. 0. 0. 0. 1. 0. 0. 1. 0. 1. 0. 0. 1.],10.0,best,1000,100,10,0.9,0.3,0.9,0.5,0.5,0.1,0.5,1,10,,tuning_par
530,0.037131209718742286,0.183091,0.004336388917364658,0.618,0.5,0.043394066808718525,[0.         0.         0.         0.         0.0881979  0.         0.         0.         0.03076488 0.         0.02794548 0.01767286 0.         0.         0.         0.         0.04909107 0.         0.04575169 0.         0.         0.         0.02933597 0.         0.         0.14816028 0.         0.54546667 0.         0.         0.01761319],[0. 0. 0. 0. 1. 0. 0. 0. 1. 0. 1. 1. 0. 0. 0. 0. 1. 0. 1. 0. 0. 0. 1. 0. 0. 1. 0. 1. 0. 0. 1.],10.0,best,1000,100,10,0.9,0.3,0.9,0.5,0.5,0.1,0.5,1,10,,tuning_par
540,0.037131209718742286,0.183091,0.004336388917364658,0.624,0.5,-0.00773987618600531,[0.         0.         0.         0.         0.0881979  0.         0.         0.         0.03076488 0.         0.02794548 0.01767286 0.         0.         0.         0.         0.04909107 0.         0.04575169 0.         0.         0.         0.02933597 0.         0.         0.14816028 0.         0.54546667 0.         0.         0.01761319],[0. 0. 0. 0. 1. 0. 0. 0. 1. 0. 1. 1. 0. 0. 0. 0. 1. 0. 1. 0. 0. 0. 1. 0. 0. 1. 0. 1. 0. 0. 1.],10.0,best,1000,100,10,0.9,0.3,0.9,0.5,0.5,0.1,0.5,1,10,,tuning_par
550,0.037131209718742286,0.183091,0.004336388917364658,0.63,0.5,-0.00014639363254907253,[0.         0.         0.         0.         0.0881979  0.         0.         0.         0.03076488 0.         0.02794548 0.01767286 0.         0.         0.         0.         0.04909107 0.         0.04575169 0.         0.         0.         0.02933597 0.         0.         0.14816028 0.         0.54546667 0.         0.         0.01761319],[0. 0. 0. 0. 1. 0. 0. 0. 1. 0. 1. 1. 0. 0. 0. 0. 1. 0. 1. 0. 0. 0. 1. 0. 0. 1. 0. 1. 0. 0. 1.],10.0,best,1000,100,10,0.9,0.3,0.9,0.5,0.5,0.1,0.5,1,10,,tuning_par
560,0.037131209718742286,0.183091,0.004336388917364658,0.636,0.5,-0.041150812799717454,[0.         0.         0.         0.         0.0881979  0.         0.         0.         0.03076488 0.         0.02794548 0.01767286 0.         0.         0.         0.         0.04909107 0.         0.04575169 0.         0.         0.         0.02933597 0.         0.         0.14816028 0.         0.54546667 0.         0.         0.01761319],[0. 0. 0. 0. 1. 0. 0. 0. 1. 0. 1. 1. 0. 0. 0. 0. 1. 0. 1. 0. 0. 0. 1. 0. 0. 1. 0. 1. 0. 0. 1.],10.0,best,1000,100,10,0.9,0.3,0.9,0.5,0.5,0.1,0.5,1,10,,tuning_par
570,0.037131209718742286,0.183091,0.004336388917364658,0.642,0.5,0.07046315592147624,[0.         0.         0.         0.         0.0881979  0.         0.         0.         0.03076488 0.         0.02794548 0.01767286 0.         0.         0.         0.         0.04909107 0.         0.04575169 0.         0.         0.         0.02933597 0.         0.         0.14816028 0.         0.54546667 0.         0.         0.01761319],[0. 0. 0. 0. 1. 0. 0. 0. 1. 0. 1. 1. 0. 0. 0. 0. 1. 0. 1. 0. 0. 0. 1. 0. 0. 1. 0. 1. 0. 0. 1.],10.0,best,1000,100,10,0.9,0.3,0.9,0.5,0.5,0.1,0.5,1,10,,tuning_par
580,0.037131209718742286,0.183091,0.004336388917364658,0.648,0.5,0.003063620347216942,[0.         0.         0.         0.         0.0881979  0.         0.         0.         0.03076488 0.         0.02794548 0.01767286 0.         0.         0.         0.         0.04909107 0.         0.04575169 0.         0.         0.         0.02933597 0.         0.         0.14816028 0.         0.54546667 0.         0.         0.01761319],[0. 0. 0. 0. 1. 0. 0. 0. 1. 0. 1. 1. 0. 0. 0. 0. 1. 0. 1. 0. 0. 0. 1. 0. 0. 1. 0. 1. 0. 0. 1.],10.0,best,1000,100,10,0.9,0.3,0.9,0.5,0.5,0.1,0.5,1,10,,tuning_par
590,0.037131209718742286,0.183091,0.004336388917364658,0.654,0.5,-0.028020953581389032,[0.         0.         0.         0.         0.0881979  0.         0.         0.         0.03076488 0.         0.02794548 0.01767286 0.         0.         0.         0.         0.04909107 0.         0.04575169 0.         0.         0.         0.02933597 0.         0.         0.14816028 0.         0.54546667 0.         0.         0.01761319],[0. 0. 0. 0. 1. 0. 0. 0. 1. 0. 1. 1. 0. 0. 0. 0. 1. 0. 1. 0. 0. 0. 1. 0. 0. 1. 0. 1. 0. 0. 1.],10.0,best,1000,100,10,0.9,0.3,0.9,0.5,0.5,0.1,0.5,1,10,,tuning_par
600,0.037131209718742286,0.183091,0.004336388917364658,0.66,0.5,0.0028352975003902003,[0.         0.         0.         0.         0.0881979  0.         0.         0.         0.03076488 0.         0.02794548 0.01767286 0.         0.         0.         0.         0.04909107 0.         0.04575169 0.         0.         0.         0.02933597 0.         0.         0.14816028 0.         0.54546667 0.         0.         0.01761319],[0. 0. 0. 0. 1. 0. 0. 0. 1. 0. 1. 1. 0. 0. 0. 0. 1. 0. 1. 0. 0. 0. 1. 0. 0. 1. 0. 1. 0. 0. 1.],10.0,best,1000,100,10,0.9,0.3,0.9,0.5,0.5,0.1,0.5,1,10,,tuning_par
610,0.037131209718742286,0.183091,0.004336388917364658,0.666,0.5,-0.10150699856951464,[0.         0.         0.         0.         0.0881979  0.         0.         0.         0.03076488 0.         0.02794548 0.01767286 0.         0.         0.         0.         0.04909107 0.         0.04575169 0.         0.         0.         0.02933597 0.         0.         0.14816028 0.         0.54546667 0.         0.         0.01761319],[0. 0. 0. 0. 1. 0. 0. 0. 1. 0. 1. 1. 0. 0. 0. 0. 1. 0. 1. 0. 0. 0. 1. 0. 0. 1. 0. 1. 0. 0. 1.],10.0,best,1000,100,10,0.9,0.3,0.9,0.5,0.5,0.1,0.5,1,10,,tuning_par
620,0.037131209718742286,0.183091,0.004336388917364658,0.672,0.5,-0.0020690979012772275,[0.         0.         0.         0.         0.0881979  0.         0.         0.         0.03076488 0.         0.02794548 0.01767286 0.         0.         0.         0.         0.04909107 0.         0.04575169 0.         0.         0.         0.02933597 0.         0.         0.14816028 0.         0.54546667 0.         0.         0.01761319],[0. 0. 0. 0. 1. 0. 0. 0. 1. 0. 1. 1. 0. 0. 0. 0. 1. 0. 1. 0. 0. 0. 1. 0. 0. 1. 0. 1. 0. 0. 1.],10.0,best,1000,100,10,0.9,0.3,0.9,0.5,0.5,0.1,0.5,1,10,,tuning_par
630,0.037131209718742286,0.183091,0.004336388917364658,0.678,0.5,-0.006441364167631712,[0.         0.         0.         0.         0.0881979  0.         0.         0.         0.03076488 0.         0.02794548 0.01767286 0.         0.         0.         0.         0.04909107 0.         0.04575169 0.         0.         0.         0.02933597 0.         0.         0.14816028 0.         0.54546667 0.         0.         0.01761319],[0. 0. 0. 0. 1. 0. 0. 0. 1. 0. 1. 1. 0. 0. 0. 0. 1. 0. 1. 0. 0. 0. 1. 0. 0. 1. 0. 1. 0. 0. 1.],10.0,best,1000,100,10,0.9,0.3,0.9,0.5,0.5,0.1,0.5,1,10,,tuning_par
640,0.037131209718742286,0.183091,0.004336388917364658,0.6839999999999999,0.5,-0.03520072671982546,[0.         0.         0.         0.         0.0881979  0.         0.         0.         0.03076488 0.         0.02794548 0.01767286 0.         0.         0.         0.         0.04909107 0.         0.04575169 0.         0.         0.         0.02933597 0.         0.         0.14816028 0.         0.54546667 0.         0.         0.01761319],[0. 0. 0. 0. 1. 0. 0. 0. 1. 0. 1. 1. 0. 0. 0. 0. 1. 0. 1. 0. 0. 0. 1. 0. 0. 1. 0. 1. 0. 0. 1.],10.0,best,1000,100,10,0.9,0.3,0.9,0.5,0.5,0.1,0.5,1,10,,tuning_par
650,0.037131209718742286,0.183091,0.004336388917364658,0.69,0.5,-0.08895931522942803,[0.         0.         0.         0.         0.0881979  0.         0.         0.         0.03076488 0.         0.02794548 0.01767286 0.         0.         0.         0.         0.04909107 0.         0.04575169 0.         0.         0.         0.02933597 0.         0.         0.14816028 0.         0.54546667 0.         0.         0.01761319],[0. 0. 0. 0. 1. 0. 0. 0. 1. 0. 1. 1. 0. 0. 0. 0. 1. 0. 1. 0. 0. 0. 1. 0. 0. 1. 0. 1. 0. 0. 1.],10.0,best,1000,100,10,0.9,0.3,0.9,0.5,0.5,0.1,0.5,1,10,,tuning_par
660,0.037131209718742286,0.183091,0.004336388917364658,0.696,0.5,-0.06221791539785437,[0.         0.         0.         0.         0.0881979  0.         0.         0.         0.03076488 0.         0.02794548 0.01767286 0.         0.         0.         0.         0.04909107 0.         0.04575169 0.         0.         0.         0.02933597 0.         0.         0.14816028 0.         0.54546667 0.         0.         0.01761319],[0. 0. 0. 0. 1. 0. 0. 0. 1. 0. 1. 1. 0. 0. 0. 0. 1. 0. 1. 0. 0. 0. 1. 0. 0. 1. 0. 1. 0. 0. 1.],10.0,best,1000,100,10,0.9,0.3,0.9,0.5,0.5,0.1,0.5,1,10,,tuning_par
670,0.037131209718742286,0.183091,0.004336388917364658,0.702,0.5,0.08865070936053507,[0.         0.         0.         0.         0.0881979  0.         0.         0.         0.03076488 0.         0.02794548 0.01767286 0.         0.         0.         0.         0.04909107 0.         0.04575169 0.         0.         0.         0.02933597 0.         0.         0.14816028 0.         0.54546667 0.         0.         0.01761319],[0. 0. 0. 0. 1. 0. 0. 0. 1. 0. 1. 1. 0. 0. 0. 0. 1. 0. 1. 0. 0. 0. 1. 0. 0. 1. 0. 1. 0. 0. 1.],10.0,best,1000,100,10,0.9,0.3,0.9,0.5,0.5,0.1,0.5,1,10,,tuning_par
680,0.037131209718742286,0.183091,0.004336388917364658,0.708,0.5,0.030316297817785692,[0.         0.         0.         0.         0.0881979  0.         0.         0.         0.03076488 0.         0.02794548 0.01767286 0.         0.         0.         0.         0.04909107 0.         0.04575169 0.         0.         0.         0.02933597 0.         0.         0.14816028 0.         0.54546667 0.         0.         0.01761319],[0. 0. 0. 0. 1. 0. 0. 0. 1. 0. 1. 1. 0. 0. 0. 0. 1. 0. 1. 0. 0. 0. 1. 0. 0. 1. 0. 1. 0. 0. 1.],10.0,best,1000,100,10,0.9,0.3,0.9,0.5,0.5,0.1,0.5,1,10,,tuning_par
690,0.037131209718742286,0.183091,0.004336388917364658,0.714,0.5,0.043218321926136324,[0.         0.         0.         0.         0.0881979  0.         0.         0.         0.03076488 0.         0.02794548 0.01767286 0.         0.         0.         0.         0.04909107 0.         0.04575169 0.         0.         0.         0.02933597 0.         0.         0.14816028 0.         0.54546667 0.         0.         0.01761319],[0. 0. 0. 0. 1. 0. 0. 0. 1. 0. 1. 1. 0. 0. 0. 0. 1. 0. 1. 0. 0. 0. 1. 0. 0. 1. 0. 1. 0. 0. 1.],10.0,best,1000,100,10,0.9,0.3,0.9,0.5,0.5,0.1,0.5,1,10,,tuning_par
700,0.037131209718742286,0.183091,0.004336388917364658,0.72,0.5,-0.013234421587081933,[0.         0.         0.         0.         0.0881979  0.         0.         0.         0.03076488 0.         0.02794548 0.01767286 0.         0.         0.         0.         0.04909107 0.         0.04575169 0.         0.         0.         0.02933597 0.         0.         0.14816028 0.         0.54546667 0.         0.         0.01761319],[0. 0. 0. 0. 1. 0. 0. 0. 1. 0. 1. 1. 0. 0. 0. 0. 1. 0. 1. 0. 0. 0. 1. 0. 0. 1. 0. 1. 0. 0. 1.],10.0,best,1000,100,10,0.9,0.3,0.9,0.5,0.5,0.1,0.5,1,10,,tuning_par
710,0.037131209718742286,0.183091,0.004336388917364658,0.726,0.5,-0.022265469988546782,[0.         0.         0.         0.         0.0881979  0.         0.         0.         0.03076488 0.         0.02794548 0.01767286 0.         0.         0.         0.         0.04909107 0.         0.04575169 0.         0.         0.         0.02933597 0.         0.         0.14816028 0.         0.54546667 0.         0.         0.01761319],[0. 0. 0. 0. 1. 0. 0. 0. 1. 0. 1. 1. 0. 0. 0. 0. 1. 0. 1. 0. 0. 0. 1. 0. 0. 1. 0. 1. 0. 0. 1.],10.0,best,1000,100,10,0.9,0.3,0.9,0.5,0.5,0.1,0.5,1,10,,tuning_par
720,0.037131209718742286,0.183091,0.004336388917364658,0.732,0.5,0.00329703747836309,[0.         0.         0.         0.         0.0881979  0.         0.         0.         0.03076488 0.         0.02794548 0.01767286 0.         0.         0.         0.         0.04909107 0.         0.04575169 0.         0.         0.         0.02933597 0.         0.         0.14816028 0.         0.54546667 0.         0.         0.01761319],[0. 0. 0. 0. 1. 0. 0. 0. 1. 0. 1. 1. 0. 0. 0. 0. 1. 0. 1. 0. 0. 0. 1. 0. 0. 1. 0. 1. 0. 0. 1.],10.0,best,1000,100,10,0.9,0.3,0.9,0.5,0.5,0.1,0.5,1,10,,tuning_par
730,0.037131209718742286,0.183091,0.004336388917364658,0.738,0.5,0.07935730241076754,[0.         0.         0.         0.         0.0881979  0.         0.         0.         0.03076488 0.         0.02794548 0.01767286 0.         0.         0.         0.         0.04909107 0.         0.04575169 0.         0.         0.         0.02933597 0.         0.         0.14816028 0.         0.54546667 0.         0.         0.01761319],[0. 0. 0. 0. 1. 0. 0. 0. 1. 0. 1. 1. 0. 0. 0. 0. 1. 0. 1. 0. 0. 0. 1. 0. 0. 1. 0. 1. 0. 0. 1.],10.0,best,1000,100,10,0.9,0.3,0.9,0.5,0.5,0.1,0.5,1,10,,tuning_par
740,0.037131209718742286,0.183091,0.004336388917364658,0.744,0.5,0.026098000069695083,[0.         0.         0.         0.         0.0881979  0.         0.         0.         0.03076488 0.         0.02794548 0.01767286 0.         0.         0.         0.         0.04909107 0.         0.04575169 0.         0.         0.         0.02933597 0.         0.         0.14816028 0.         0.54546667 0.         0.         0.01761319],[0. 0. 0. 0. 1. 0. 0. 0. 1. 0. 1. 1. 0. 0. 0. 0. 1. 0. 1. 0. 0. 0. 1. 0. 0. 1. 0. 1. 0. 0. 1.],10.0,best,1000,100,10,0.9,0.3,0.9,0.5,0.5,0.1,0.5,1,10,,tuning_par
750,0.037131209718742286,0.183091,0.004336388917364658,0.75,0.5,0.004552989038782562,[0.         0.         0.         0.         0.0881979  0.         0.         0.         0.03076488 0.         0.02794548 0.01767286 0.         0.         0.         0.         0.04909107 0.         0.04575169 0.         0.         0.         0.02933597 0.         0.         0.14816028 0.         0.54546667 0.         0.         0.01761319],[0. 0. 0. 0. 1. 0. 0. 0. 1. 0. 1. 1. 0. 0. 0. 0. 1. 0. 1. 0. 0. 0. 1. 0. 0. 1. 0. 1. 0. 0. 1.],10.0,best,1000,100,10,0.9,0.3,0.9,0.5,0.5,0.1,0.5,1,10,,tuning_par
760,0.037131209718742286,0.183091,0.004336388917364658,0.756,0.5,-0.05346550874140863,[0.         0.         0.         0.         0.0881979  0.         0.         0.         0.03076488 0.         0.02794548 0.01767286 0.         0.         0.         0.         0.04909107 0.         0.04575169 0.         0.         0.         0.02933597 0.         0.         0.14816028 0.         0.54546667 0.         0.         0.01761319],[0. 0. 0. 0. 1. 0. 0. 0. 1. 0. 1. 1. 0. 0. 0. 0. 1. 0. 1. 0. 0. 0. 1. 0. 0. 1. 0. 1. 0. 0. 1.],10.0,best,1000,100,10,0.9,0.3,0.9,0.5,0.5,0.1,0.5,1,10,,tuning_par
770,0.037131209718742286,0.183091,0.004336388917364658,0.762,0.5,-0.06998283855714012,[0.         0.         0.         0.         0.0881979  0.         0.         0.         0.03076488 0.         0.02794548 0.01767286 0.         0.         0.         0.         0.04909107 0.         0.04575169 0.         0.         0.         0.02933597 0.         0.         0.14816028 0.         0.54546667 0.         0.         0.01761319],[0. 0. 0. 0. 1. 0. 0. 0. 1. 0. 1. 1. 0. 0. 0. 0. 1. 0. 1. 0. 0. 0. 1. 0. 0. 1. 0. 1. 0. 0. 1.],10.0,best,1000,100,10,0.9,0.3,0.9,0.5,0.5,0.1,0.5,1,10,,tuning_par
780,0.037131209718742286,0.183091,0.004336388917364658,0.768,0.5,-0.026457541963834583,[0.         0.         0.         0.         0.0881979  0.         0.         0.         0.03076488 0.         0.02794548 0.01767286 0.         0.         0.         0.         0.04909107 0.         0.04575169 0.         0.         0.         0.02933597 0.         0.         0.14816028 0.         0.54546667 0.         0.         0.01761319],[0. 0. 0. 0. 1. 0. 0. 0. 1. 0. 1. 1. 0. 0. 0. 0. 1. 0. 1. 0. 0. 0. 1. 0. 0. 1. 0. 1. 0. 0. 1.],10.0,best,1000,100,10,0.9,0.3,0.9,0.5,0.5,0.1,0.5,1,10,,tuning_par
790,0.037131209718742286,0.183091,0.004336388917364658,0.774,0.5,-0.08319673802473522,[0.         0.         0.         0.         0.0881979  0.         0.         0.         0.03076488 0.         0.02794548 0.01767286 0.         0.         0.         0.         0.04909107 0.         0.04575169 0.         0.         0.         0.02933597 0.         0.         0.14816028 0.         0.54546667 0.         0.         0.01761319],[0. 0. 0. 0. 1. 0. 0. 0. 1. 0. 1. 1. 0. 0. 0. 0. 1. 0. 1. 0. 0. 0. 1. 0. 0. 1. 0. 1. 0. 0. 1.],10.0,best,1000,100,10,0.9,0.3,0.9,0.5,0.5,0.1,0.5,1,10,,tuning_par
800,0.037131209718742286,0.183091,0.004336388917364658,0.78,0.5,0.029339458305091035,[0.         0.         0.         0.         0.0881979  0.         0.         0.         0.03076488 0.         0.02794548 0.01767286 0.         0.         0.         0.         0.04909107 0.         0.04575169 0.         0.         0.         0.02933597 0.         0.         0.14816028 0.         0.54546667 0.         0.         0.01761319],[0. 0. 0. 0. 1. 0. 0. 0. 1. 0. 1. 1. 0. 0. 0. 0. 1. 0. 1. 0. 0. 0. 1. 0. 0. 1. 0. 1. 0. 0. 1.],10.0,best,1000,100,10,0.9,0.3,0.9,0.5,0.5,0.1,0.5,1,10,,tuning_par
810,0.037131209718742286,0.183091,0.004336388917364658,0.786,0.5,-0.02236024235579569,[0.         0.         0.         0.         0.0881979  0.         0.         0.         0.03076488 0.         0.02794548 0.01767286 0.         0.         0.         0.         0.04909107 0.         0.04575169 0.         0.         0.         0.02933597 0.         0.         0.14816028 0.         0.54546667 0.         0.         0.01761319],[0. 0. 0. 0. 1. 0. 0. 0. 1. 0. 1. 1. 0. 0. 0. 0. 1. 0. 1. 0. 0. 0. 1. 0. 0. 1. 0. 1. 0. 0. 1.],10.0,best,1000,100,10,0.9,0.3,0.9,0.5,0.5,0.1,0.5,1,10,,tuning_par
820,0.037131209718742286,0.183091,0.004336388917364658,0.792,0.5,0.04229695211064585,[0.         0.         0.         0.         0.0881979  0.         0.         0.         0.03076488 0.         0.02794548 0.01767286 0.         0.         0.         0.         0.04909107 0.         0.04575169 0.         0.         0.         0.02933597 0.         0.         0.14816028 0.         0.54546667 0.         0.         0.01761319],[0. 0. 0. 0. 1. 0. 0. 0. 1. 0. 1. 1. 0. 0. 0. 0. 1. 0. 1. 0. 0. 0. 1. 0. 0. 1. 0. 1. 0. 0. 1.],10.0,best,1000,100,10,0.9,0.3,0.9,0.5,0.5,0.1,0.5,1,10,,tuning_par
830,0.037131209718742286,0.183091,0.004336388917364658,0.798,0.5,-0.002364471258159111,[0.         0.         0.         0.         0.0881979  0.         0.         0.         0.03076488 0.         0.02794548 0.01767286 0.         0.         0.         0.         0.04909107 0.         0.04575169 0.         0.         0.         0.02933597 0.         0.         0.14816028 0.         0.54546667 0.         0.         0.01761319],[0. 0. 0. 0. 1. 0. 0. 0. 1. 0. 1. 1. 0. 0. 0. 0. 1. 0. 1. 0. 0. 0. 1. 0. 0. 1. 0. 1. 0. 0. 1.],10.0,best,1000,100,10,0.9,0.3,0.9,0.5,0.5,0.1,0.5,1,10,,tuning_par
840,0.037131209718742286,0.183091,0.004336388917364658,0.804,0.5,-0.06571338023371895,[0.         0.         0.         0.         0.0881979  0.         0.         0.         0.03076488 0.         0.02794548 0.01767286 0.         0.         0.         0.         0.04909107 0.         0.04575169 0.         0.         0.         0.02933597 0.         0.         0.14816028 0.         0.54546667 0.         0.         0.01761319],[0. 0. 0. 0. 1. 0. 0. 0. 1. 0. 1. 1. 0. 0. 0. 0. 1. 0. 1. 0. 0. 0. 1. 0. 0. 1. 0. 1. 0. 0. 1.],10.0,best,1000,100,10,0.9,0.3,0.9,0.5,0.5,0.1,0.5,1,10,,tuning_par
850,0.037131209718742286,0.183091,0.004336388917364658,0.81,0.5,0.049198587176302905,[0.         0.         0.         0.         0.0881979  0.         0.         0.         0.03076488 0.         0.02794548 0.01767286 0.         0.         0.         0.         0.04909107 0.         0.04575169 0.         0.         0.         0.02933597 0.         0.         0.14816028 0.         0.54546667 0.         0.         0.01761319],[0. 0. 0. 0. 1. 0. 0. 0. 1. 0. 1. 1. 0. 0. 0. 0. 1. 0. 1. 0. 0. 0. 1. 0. 0. 1. 0. 1. 0. 0. 1.],10.0,best,1000,100,10,0.9,0.3,0.9,0.5,0.5,0.1,0.5,1,10,,tuning_par
860,0.037131209718742286,0.183091,0.004336388917364658,0.8160000000000001,0.5,0.013624828059255925,[0.         0.         0.         0.         0.0881979  0.         0.         0.         0.03076488 0.         0.02794548 0.01767286 0.         0.         0.         0.         0.04909107 0.         0.04575169 0.         0.         0.         0.02933597 0.         0.         0.14816028 0.         0.54546667 0.         0.         0.01761319],[0. 0. 0. 0. 1. 0. 0. 0. 1. 0. 1. 1. 0. 0. 0. 0. 1. 0. 1. 0. 0. 0. 1. 0. 0. 1. 0. 1. 0. 0. 1.],10.0,best,1000,100,10,0.9,0.3,0.9,0.5,0.5,0.1,0.5,1,10,,tuning_par
870,0.037131209718742286,0.183091,0.004336388917364658,0.8220000000000001,0.5,-0.02770585200744955,[0.         0.         0.         0.         0.0881979  0.         0.         0.         0.03076488 0.         0.02794548 0.01767286 0.         0.         0.         0.         0.04909107 0.         0.04575169 0.         0.         0.         0.02933597 0.         0.         0.14816028 0.         0.54546667 0.         0.         0.01761319],[0. 0. 0. 0. 1. 0. 0. 0. 1. 0. 1. 1. 0. 0. 0. 0. 1. 0. 1. 0. 0. 0. 1. 0. 0. 1. 0. 1. 0. 0. 1.],10.0,best,1000,100,10,0.9,0.3,0.9,0.5,0.5,0.1,0.5,1,10,,tuning_par
880,0.037131209718742286,0.183091,0.004336388917364658,0.8280000000000001,0.5,-0.00836530091413879,[0.         0.         0.         0.         0.0881979  0.         0.         0.         0.03076488 0.         0.02794548 0.01767286 0.         0.         0.         0.         0.04909107 0.         0.04575169 0.         0.         0.         0.02933597 0.         0.         0.14816028 0.         0.54546667 0.         0.         0.01761319],[0. 0. 0. 0. 1. 0. 0. 0. 1. 0. 1. 1. 0. 0. 0. 0. 1. 0. 1. 0. 0. 0. 1. 0. 0. 1. 0. 1. 0. 0. 1.],10.0,best,1000,100,10,0.9,0.3,0.9,0.5,0.5,0.1,0.5,1,10,,tuning_par
890,0.037131209718742286,0.183091,0.004336388917364658,0.8340000000000001,0.5,-0.031131833888522187,[0.         0.         0.         0.         0.0881979  0.         0.         0.         0.03076488 0.         0.02794548 0.01767286 0.         0.         0.         0.         0.04909107 0.         0.04575169 0.         0.         0.         0.02933597 0.         0.         0.14816028 0.         0.54546667 0.         0.         0.01761319],[0. 0. 0. 0. 1. 0. 0. 0. 1. 0. 1. 1. 0. 0. 0. 0. 1. 0. 1. 0. 0. 0. 1. 0. 0. 1. 0. 1. 0. 0. 1.],10.0,best,1000,100,10,0.9,0.3,0.9,0.5,0.5,0.1,0.5,1,10,,tuning_par
900,0.037131209718742286,0.183091,0.004336388917364658,0.8400000000000001,0.5,0.029744169002579885,[0.         0.         0.         0.         0.0881979  0.         0.         0.         0.03076488 0.         0.02794548 0.01767286 0.         0.         0.         0.         0.04909107 0.         0.04575169 0.         0.         0.         0.02933597 0.         0.         0.14816028 0.         0.54546667 0.         0.         0.01761319],[0. 0. 0. 0. 1. 0. 0. 0. 1. 0. 1. 1. 0. 0. 0. 0. 1. 0. 1. 0. 0. 0. 1. 0. 0. 1. 0. 1. 0. 0. 1.],10.0,best,1000,100,10,0.9,0.3,0.9,0.5,0.5,0.1,0.5,1,10,,tuning_par
910,0.037131209718742286,0.183091,0.004336388917364658,0.8460000000000001,0.5,0.04876557580913943,[0.         0.         0.         0.         0.0881979  0.         0.         0.         0.03076488 0.         0.02794548 0.01767286 0.         0.         0.         0.         0.04909107 0.         0.04575169 0.         0.         0.         0.02933597 0.         0.         0.14816028 0.         0.54546667 0.         0.         0.01761319],[0. 0. 0. 0. 1. 0. 0. 0. 1. 0. 1. 1. 0. 0. 0. 0. 1. 0. 1. 0. 0. 0. 1. 0. 0. 1. 0. 1. 0. 0. 1.],10.0,best,1000,100,10,0.9,0.3,0.9,0.5,0.5,0.1,0.5,1,10,,tuning_par
920,0.037131209718742286,0.183091,0.004336388917364658,0.8520000000000001,0.5,0.07539327839636178,[0.         0.         0.         0.         0.0881979  0.         0.         0.         0.03076488 0.         0.02794548 0.01767286 0.         0.         0.         0.         0.04909107 0.         0.04575169 0.         0.         0.         0.02933597 0.         0.         0.14816028 0.         0.54546667 0.         0.         0.01761319],[0. 0. 0. 0. 1. 0. 0. 0. 1. 0. 1. 1. 0. 0. 0. 0. 1. 0. 1. 0. 0. 0. 1. 0. 0. 1. 0. 1. 0. 0. 1.],10.0,best,1000,100,10,0.9,0.3,0.9,0.5,0.5,0.1,0.5,1,10,,tuning_par
930,0.037131209718742286,0.183091,0.004336388917364658,0.8580000000000001,0.5,-0.05124031464640643,[0.         0.         0.         0.         0.0881979  0.         0.         0.         0.03076488 0.         0.02794548 0.01767286 0.         0.         0.         0.         0.04909107 0.         0.04575169 0.         0.         0.         0.02933597 0.         0.         0.14816028 0.         0.54546667 0.         0.         0.01761319],[0. 0. 0. 0. 1. 0. 0. 0. 1. 0. 1. 1. 0. 0. 0. 0. 1. 0. 1. 0. 0. 0. 1. 0. 0. 1. 0. 1. 0. 0. 1.],10.0,best,1000,100,10,0.9,0.3,0.9,0.5,0.5,0.1,0.5,1,10,,tuning_par
940,0.037131209718742286,0.183091,0.004336388917364658,0.8640000000000001,0.5,0.08960017631342376,[0.         0.         0.         0.         0.0881979  0.         0.         0.         0.03076488 0.         0.02794548 0.01767286 0.         0.         0.         0.         0.04909107 0.         0.04575169 0.         0.         0.         0.02933597 0.         0.         0.14816028 0.         0.54546667 0.         0.         0.01761319],[0. 0. 0. 0. 1. 0. 0. 0. 1. 0. 1. 1. 0. 0. 0. 0. 1. 0. 1. 0. 0. 0. 1. 0. 0. 1. 0. 1. 0. 0. 1.],10.0,best,1000,100,10,0.9,0.3,0.9,0.5,0.5,0.1,0.5,1,10,,tuning_par
950,0.037131209718742286,0.183091,0.004336388917364658,0.8700000000000001,0.5,-0.06113443165157051,[0.         0.         0.         0.         0.0881979  0.         0.         0.         0.03076488 0.         0.02794548 0.01767286 0.         0.         0.         0.         0.04909107 0.         0.04575169 0.         0.         0.         0.02933597 0.         0.         0.14816028 0.         0.54546667 0.         0.         0.01761319],[0. 0. 0. 0. 1. 0. 0. 0. 1. 0. 1. 1. 0. 0. 0. 0. 1. 0. 1. 0. 0. 0. 1. 0. 0. 1. 0. 1. 0. 0. 1.],10.0,best,1000,100,10,0.9,0.3,0.9,0.5,0.5,0.1,0.5,1,10,,tuning_par
960,0.037131209718742286,0.183091,0.004336388917364658,0.8760000000000001,0.5,0.03861339546849515,[0.         0.         0.         0.         0.0881979  0.         0.         0.         0.03076488 0.         0.02794548 0.01767286 0.         0.         0.         0.         0.04909107 0.         0.04575169 0.         0.         0.         0.02933597 0.         0.         0.14816028 0.         0.54546667 0.         0.         0.01761319],[0. 0. 0. 0. 1. 0. 0. 0. 1. 0. 1. 1. 0. 0. 0. 0. 1. 0. 1. 0. 0. 0. 1. 0. 0. 1. 0. 1. 0. 0. 1.],10.0,best,1000,100,10,0.9,0.3,0.9,0.5,0.5,0.1,0.5,1,10,,tuning_par
970,0.037131209718742286,0.183091,0.004336388917364658,0.8820000000000001,0.5,-0.05545942840764975,[0.         0.         0.         0.         0.0881979  0.         0.         0.         0.03076488 0.         0.02794548 0.01767286 0.         0.         0.         0.         0.04909107 0.         0.04575169 0.         0.         0.         0.02933597 0.         0.         0.14816028 0.         0.54546667 0.         0.         0.01761319],[0. 0. 0. 0. 1. 0. 0. 0. 1. 0. 1. 1. 0. 0. 0. 0. 1. 0. 1. 0. 0. 0. 1. 0. 0. 1. 0. 1. 0. 0. 1.],10.0,best,1000,100,10,0.9,0.3,0.9,0.5,0.5,0.1,0.5,1,10,,tuning_par
980,0.037131209718742286,0.183091,0.004336388917364658,0.8880000000000001,0.5,0.013357795837230858,[0.         0.         0.         0.         0.0881979  0.         0.         0.         0.03076488 0.         0.02794548 0.01767286 0.         0.         0.         0.         0.04909107 0.         0.04575169 0.         0.         0.         0.02933597 0.         0.         0.14816028 0.         0.54546667 0.         0.         0.01761319],[0. 0. 0. 0. 1. 0. 0. 0. 1. 0. 1. 1. 0. 0. 0. 0. 1. 0. 1. 0. 0. 0. 1. 0. 0. 1. 0. 1. 0. 0. 1.],10.0,best,1000,100,10,0.9,0.3,0.9,0.5,0.5,0.1,0.5,1,10,,tuning_par
990,0.03637894282072422,0.197102,0.0035950923319495428,0.8940000000000001,0.5,0.049595278059751884,[0.         0.         0.         0.01746175 0.4483865  0.         0.         0.         0.01900614 0.         0.         0.         0.01742552 0.         0.         0.         0.03472751 0.         0.         0.01742552 0.         0.03130234 0.02136313 0.         0.         0.06548373 0.         0.32741786 0.         0.         0.        ],[0. 0. 0. 1. 1. 0. 0. 0. 1. 0. 0. 0. 1. 0. 0. 0. 1. 0. 0. 1. 0. 1. 1. 0. 0. 1. 0. 1. 0. 0. 0.],10.0,best,1000,100,10,0.9,0.3,0.9,0.5,0.5,0.1,0.5,1,10,,tuning_par
999,0.03637894282072422,0.197102,0.0035950923319495428,0.8994,0.5,-0.048549216191452485,[0.         0.         0.         0.01746175 0.4483865  0.         0.         0.         0.01900614 0.         0.         0.         0.01742552 0.         0.         0.         0.03472751 0.         0.         0.01742552 0.         0.03130234 0.02136313 0.         0.         0.06548373 0.         0.32741786 0.         0.         0.        ],[0. 0. 0. 1. 1. 0. 0. 0. 1. 0. 0. 0. 1. 0. 0. 0. 1. 0. 0. 1. 0. 1. 1. 0. 0. 1. 0. 1. 0. 0. 0.],10.0,best,1000,100,10,0.9,0.3,0.9,0.5,0.5,0.1,0.5,1,10,,tuning_par
