iter,cost,risk,return,par,bw,move,X,Z,Q,pop_init,max_iter,pop_size,mem_size,mem_consider,par_min,par_max,bw_min,bw_max,sigma,lambda,port_n,k,seed,tag
1,0.0017935401969593088,0.10831,0.005005382769192225,0.1004,0.69863918733465,0.02148491982846232,[0.         0.         0.         0.         0.93938954 0.02020349 0.         0.         0.         0.         0.         0.         0.         0.         0.         0.         0.         0.         0.         0.         0.         0.         0.         0.         0.02020349 0.         0.         0.02020349 0.         0.         0.        ],[0. 0. 0. 0. 1. 1. 0. 0. 0. 0. 0. 0. 0. 0. 0. 0. 0. 0. 0. 0. 0. 0. 0. 0. 1. 0. 0. 1. 0. 0. 0.],4.0,best,1000,100,10,0.9,0.1,0.5,0.1,0.7,0.03,0.06,1,4,,problem_solving
10,0.0009048320649269088,0.119749,0.003102163567947318,0.10400000000000001,0.6865103033060405,-0.020742372468801413,[0.         0.         0.         0.         0.87346767 0.         0.         0.         0.         0.         0.06147941 0.         0.         0.         0.         0.         0.         0.         0.         0.         0.         0.         0.         0.         0.         0.03590798 0.         0.02914494 0.         0.         0.        ],[0. 0. 0. 0. 1. 0. 0. 0. 0. 0. 1. 0. 0. 0. 0. 0. 0. 0. 0. 0. 0. 0. 0. 0. 0. 1. 0. 1. 0. 0. 0.],4.0,best,1000,100,10,0.9,0.1,0.5,0.1,0.7,0.03,0.06,1,4,,problem_solving
20,0.0002921810477769368,0.154402,0.004997803293040697,0.10800000000000001,0.6732805664933595,-0.017921681443251104,[0.         0.         0.         0.         0.88488049 0.02920384 0.         0.         0.         0.         0.04529123 0.         0.         0.         0.         0.         0.         0.         0.         0.         0.         0.         0.         0.         0.         0.04062443 0.         0.         0.         0.         0.        ],[0. 0. 0. 0. 1. 1. 0. 0. 0. 0. 1. 0. 0. 0. 0. 0. 0. 0. 0. 0. 0. 0. 0. 0. 0. 1. 0. 0. 0. 0. 0.],4.0,best,1000,100,10,0.9,0.1,0.5,0.1,0.7,0.03,0.06,1,4,,problem_solving
30,0.0002921810477769368,0.154402,0.004997803293040697,0.112,0.6603057798763129,-0.010319229556470775,[0.         0.         0.         0.         0.88488049 0.02920384 0.         0.         0.         0.         0.04529123 0.         0.         0.         0.         0.         0.         0.         0.         0.         0.         0.         0.         0.         0.         0.04062443 0.         0.         0.         0.         0.        ],[0. 0. 0. 0. 1. 1. 0. 0. 0. 0. 1. 0. 0. 0. 0. 0. 0. 0. 0. 0. 0. 0. 0. 0. 0. 1. 0. 0. 0. 0. 0.],4.0,best,1000,100,10,0.9,0.1,0.5,0.1,0.7,0.03,0.06,1,4,,problem_solving
40,-0.0026673455044938423,0.135058,0.00432514122522828,0.116,0.6475810303108847,-0.0008042729026436398,[0.         0.         0.         0.         0.87030531 0.         0.         0.         0.         0.         0.05557508 0.         0.         0.         0.         0.         0.         0.         0.         0.         0.         0.         0.         0.         0.         0.04288947 0.         0.03123014 0.         0.         0.        ],[0. 0. 0. 0. 1. 0. 0. 0. 0. 0. 1. 0. 0. 0. 0. 0. 0. 0. 0. 0. 0. 0. 0. 0. 0. 1. 0. 1. 0. 0. 0.],4.0,best,1000,100,10,0.9,0.1,0.5,0.1,0.7,0.03,0.06,1,4,,problem_solving
50,-0.0026673455044938423,0.135058,0.00432514122522828,0.12000000000000001,0.6351014993342337,-3.254684794265754e-05,[0.         0.         0.         0.         0.87030531 0.         0.         0.         0.         0.         0.05557508 0.         0.         0.         0.         0.         0.         0.         0.         0.         0.         0.         0.         0.         0.         0.04288947 0.         0.03123014 0.         0.         0.        ],[0. 0. 0. 0. 1. 0. 0. 0. 0. 0. 1. 0. 0. 0. 0. 0. 0. 0. 0. 0. 0. 0. 0. 0. 0. 1. 0. 1. 0. 0. 0.],4.0,best,1000,100,10,0.9,0.1,0.5,0.1,0.7,0.03,0.06,1,4,,problem_solving
60,-0.0026673455044938423,0.135058,0.00432514122522828,0.124,0.622862461340094,0.0042994102071407326,[0.         0.         0.         0.         0.87030531 0.         0.         0.         0.         0.         0.05557508 0.         0.         0.         0.         0.         0.         0.         0.         0.         0.         0.         0.         0.         0.         0.04288947 0.         0.03123014 0.         0.         0.        ],[0. 0. 0. 0. 1. 0. 0. 0. 0. 0. 1. 0. 0. 0. 0. 0. 0. 0. 0. 0. 0. 0. 0. 0. 0. 1. 0. 1. 0. 0. 0.],4.0,best,1000,100,10,0.9,0.1,0.5,0.1,0.7,0.03,0.06,1,4,,problem_solving
70,-0.0035250036570225445,0.126123,0.003909259454542918,0.128,0.6108592817893356,0.022472882730090567,[0.         0.         0.         0.         0.89798792 0.         0.         0.         0.         0.         0.         0.         0.         0.         0.         0.         0.         0.         0.         0.         0.         0.         0.         0.0311789  0.03053934 0.         0.         0.04029384 0.         0.         0.        ],[0. 0. 0. 0. 1. 0. 0. 0. 0. 0. 0. 0. 0. 0. 0. 0. 0. 0. 0. 0. 0. 0. 0. 1. 1. 0. 0. 1. 0. 0. 0.],4.0,best,1000,100,10,0.9,0.1,0.5,0.1,0.7,0.03,0.06,1,4,,problem_solving
80,-0.0035250036570225445,0.126123,0.003909259454542918,0.132,0.5990874154550098,0.024200306540182216,[0.         0.         0.         0.         0.89798792 0.         0.         0.         0.         0.         0.         0.         0.         0.         0.         0.         0.         0.         0.         0.         0.         0.         0.         0.0311789  0.03053934 0.         0.         0.04029384 0.         0.         0.        ],[0. 0. 0. 0. 1. 0. 0. 0. 0. 0. 0. 0. 0. 0. 0. 0. 0. 0. 0. 0. 0. 0. 0. 1. 1. 0. 0. 1. 0. 0. 0.],4.0,best,1000,100,10,0.9,0.1,0.5,0.1,0.7,0.03,0.06,1,4,,problem_solving
90,-0.0035250036570225445,0.126123,0.003909259454542918,0.136,0.5875424047012152,0.011537269391639111,[0.         0.         0.         0.         0.89798792 0.         0.         0.         0.         0.         0.         0.         0.         0.         0.         0.         0.         0.         0.         0.         0.         0.         0.         0.0311789  0.03053934 0.         0.         0.04029384 0.         0.         0.        ],[0. 0. 0. 0. 1. 0. 0. 0. 0. 0. 0. 0. 0. 0. 0. 0. 0. 0. 0. 0. 0. 0. 0. 1. 1. 0. 0. 1. 0. 0. 0.],4.0,best,1000,100,10,0.9,0.1,0.5,0.1,0.7,0.03,0.06,1,4,,problem_solving
100,-0.0035250036570225445,0.126123,0.003909259454542918,0.14,0.576219877795131,0.02083832771322092,[0.         0.         0.         0.         0.89798792 0.         0.         0.         0.         0.         0.         0.         0.         0.         0.         0.         0.         0.         0.         0.         0.         0.         0.         0.0311789  0.03053934 0.         0.         0.04029384 0.         0.         0.        ],[0. 0. 0. 0. 1. 0. 0. 0. 0. 0. 0. 0. 0. 0. 0. 0. 0. 0. 0. 0. 0. 0. 0. 1. 1. 0. 0. 1. 0. 0. 0.],4.0,best,1000,100,10,0.9,0.1,0.5,0.1,0.7,0.03,0.06,1,4,,problem_solving
110,-0.0035250036570225445,0.126123,0.003909259454542918,0.14400000000000002,0.5651155472515784,0.027504496699933677,[0.         0.         0.         0.         0.89798792 0.         0.         0.         0.         0.         0.         0.         0.         0.         0.         0.         0.         0.         0.         0.         0.         0.         0.         0.0311789  0.03053934 0.         0.         0.04029384 0.         0.         0.        ],[0. 0. 0. 0. 1. 0. 0. 0. 0. 0. 0. 0. 0. 0. 0. 0. 0. 0. 0. 0. 0. 0. 0. 1. 1. 0. 0. 1. 0. 0. 0.],4.0,best,1000,100,10,0.9,0.1,0.5,0.1,0.7,0.03,0.06,1,4,,problem_solving
120,-0.0035250036570225445,0.126123,0.003909259454542918,0.14800000000000002,0.554225208209486,0.000347158431827786,[0.         0.         0.         0.         0.89798792 0.         0.         0.         0.         0.         0.         0.         0.         0.         0.         0.         0.         0.         0.         0.         0.         0.         0.         0.0311789  0.03053934 0.         0.         0.04029384 0.         0.         0.        ],[0. 0. 0. 0. 1. 0. 0. 0. 0. 0. 0. 0. 0. 0. 0. 0. 0. 0. 0. 0. 0. 0. 0. 1. 1. 0. 0. 1. 0. 0. 0.],4.0,best,1000,100,10,0.9,0.1,0.5,0.1,0.7,0.03,0.06,1,4,,problem_solving
130,-0.0035250036570225445,0.126123,0.003909259454542918,0.15200000000000002,0.5435447368396396,-0.02071027256455094,[0.         0.         0.         0.         0.89798792 0.         0.         0.         0.         0.         0.         0.         0.         0.         0.         0.         0.         0.         0.         0.         0.         0.         0.         0.0311789  0.03053934 0.         0.         0.04029384 0.         0.         0.        ],[0. 0. 0. 0. 1. 0. 0. 0. 0. 0. 0. 0. 0. 0. 0. 0. 0. 0. 0. 0. 0. 0. 0. 1. 1. 0. 0. 1. 0. 0. 0.],4.0,best,1000,100,10,0.9,0.1,0.5,0.1,0.7,0.03,0.06,1,4,,problem_solving
140,-0.0035250036570225445,0.126123,0.003909259454542918,0.156,0.5330700887831185,0.017637124526801905,[0.         0.         0.         0.         0.89798792 0.         0.         0.         0.         0.         0.         0.         0.         0.         0.         0.         0.         0.         0.         0.         0.         0.         0.         0.0311789  0.03053934 0.         0.         0.04029384 0.         0.         0.        ],[0. 0. 0. 0. 1. 0. 0. 0. 0. 0. 0. 0. 0. 0. 0. 0. 0. 0. 0. 0. 0. 0. 0. 1. 1. 0. 0. 1. 0. 0. 0.],4.0,best,1000,100,10,0.9,0.1,0.5,0.1,0.7,0.03,0.06,1,4,,problem_solving
150,-0.0035250036570225445,0.126123,0.003909259454542918,0.16,0.5227972976198237,0.033585673486922665,[0.         0.         0.         0.         0.89798792 0.         0.         0.         0.         0.         0.         0.         0.         0.         0.         0.         0.         0.         0.         0.         0.         0.         0.         0.0311789  0.03053934 0.         0.         0.04029384 0.         0.         0.        ],[0. 0. 0. 0. 1. 0. 0. 0. 0. 0. 0. 0. 0. 0. 0. 0. 0. 0. 0. 0. 0. 0. 0. 1. 1. 0. 0. 1. 0. 0. 0.],4.0,best,1000,100,10,0.9,0.1,0.5,0.1,0.7,0.03,0.06,1,4,,problem_solving
160,-0.0035250036570225445,0.126123,0.003909259454542918,0.164,0.5127224733665192,0.00958560088987389,[0.         0.         0.         0.         0.89798792 0.         0.         0.         0.         0.         0.         0.         0.         0.         0.         0.         0.         0.         0.         0.         0.         0.         0.         0.0311789  0.03053934 0.         0.         0.04029384 0.         0.         0.        ],[0. 0. 0. 0. 1. 0. 0. 0. 0. 0. 0. 0. 0. 0. 0. 0. 0. 0. 0. 0. 0. 0. 0. 1. 1. 0. 0. 1. 0. 0. 0.],4.0,best,1000,100,10,0.9,0.1,0.5,0.1,0.7,0.03,0.06,1,4,,problem_solving
170,-0.0035250036570225445,0.126123,0.003909259454542918,0.168,0.5028418010038177,0.000404179521113467,[0.         0.         0.         0.         0.89798792 0.         0.         0.         0.         0.         0.         0.         0.         0.         0.         0.         0.         0.         0.         0.         0.         0.         0.         0.0311789  0.03053934 0.         0.         0.04029384 0.         0.         0.        ],[0. 0. 0. 0. 1. 0. 0. 0. 0. 0. 0. 0. 0. 0. 0. 0. 0. 0. 0. 0. 0. 0. 0. 1. 1. 0. 0. 1. 0. 0. 0.],4.0,best,1000,100,10,0.9,0.1,0.5,0.1,0.7,0.03,0.06,1,4,,problem_solving
180,-0.0035250036570225445,0.126123,0.003909259454542918,0.17200000000000001,0.4931515390315523,-0.017699397653617895,[0.         0.         0.         0.         0.89798792 0.         0.         0.         0.         0.         0.         0.         0.         0.         0.         0.         0.         0.         0.         0.         0.         0.         0.         0.0311789  0.03053934 0.         0.         0.04029384 0.         0.         0.        ],[0. 0. 0. 0. 1. 0. 0. 0. 0. 0. 0. 0. 0. 0. 0. 0. 0. 0. 0. 0. 0. 0. 0. 1. 1. 0. 0. 1. 0. 0. 0.],4.0,best,1000,100,10,0.9,0.1,0.5,0.1,0.7,0.03,0.06,1,4,,problem_solving
190,-0.0035250036570225445,0.126123,0.003909259454542918,0.176,0.48364801805198804,0.0023416051617026023,[0.         0.         0.         0.         0.89798792 0.         0.         0.         0.         0.         0.         0.         0.         0.         0.         0.         0.         0.         0.         0.         0.         0.         0.         0.0311789  0.03053934 0.         0.         0.04029384 0.         0.         0.        ],[0. 0. 0. 0. 1. 0. 0. 0. 0. 0. 0. 0. 0. 0. 0. 0. 0. 0. 0. 0. 0. 0. 0. 1. 1. 0. 0. 1. 0. 0. 0.],4.0,best,1000,100,10,0.9,0.1,0.5,0.1,0.7,0.03,0.06,1,4,,problem_solving
200,-0.0035250036570225445,0.126123,0.003909259454542918,0.18,0.4743276393803366,-0.004846074141629966,[0.         0.         0.         0.         0.89798792 0.         0.         0.         0.         0.         0.         0.         0.         0.         0.         0.         0.         0.         0.         0.         0.         0.         0.         0.0311789  0.03053934 0.         0.         0.04029384 0.         0.         0.        ],[0. 0. 0. 0. 1. 0. 0. 0. 0. 0. 0. 0. 0. 0. 0. 0. 0. 0. 0. 0. 0. 0. 0. 1. 1. 0. 0. 1. 0. 0. 0.],4.0,best,1000,100,10,0.9,0.1,0.5,0.1,0.7,0.03,0.06,1,4,,problem_solving
210,-0.0035250036570225445,0.126123,0.003909259454542918,0.184,0.4651868736820473,-0.007662358223911921,[0.         0.         0.         0.         0.89798792 0.         0.         0.         0.         0.         0.         0.         0.         0.         0.         0.         0.         0.         0.         0.         0.         0.         0.         0.0311789  0.03053934 0.         0.         0.04029384 0.         0.         0.        ],[0. 0. 0. 0. 1. 0. 0. 0. 0. 0. 0. 0. 0. 0. 0. 0. 0. 0. 0. 0. 0. 0. 0. 1. 1. 0. 0. 1. 0. 0. 0.],4.0,best,1000,100,10,0.9,0.1,0.5,0.1,0.7,0.03,0.06,1,4,,problem_solving
220,-0.0035250036570225445,0.126123,0.003909259454542918,0.188,0.4562222596363586,0.002919793096289445,[0.         0.         0.         0.         0.89798792 0.         0.         0.         0.         0.         0.         0.         0.         0.         0.         0.         0.         0.         0.         0.         0.         0.         0.         0.0311789  0.03053934 0.         0.         0.04029384 0.         0.         0.        ],[0. 0. 0. 0. 1. 0. 0. 0. 0. 0. 0. 0. 0. 0. 0. 0. 0. 0. 0. 0. 0. 0. 0. 1. 1. 0. 0. 1. 0. 0. 0.],4.0,best,1000,100,10,0.9,0.1,0.5,0.1,0.7,0.03,0.06,1,4,,problem_solving
230,-0.0035250036570225445,0.126123,0.003909259454542918,0.192,0.44743040262560535,0.01713047121585091,[0.         0.         0.         0.         0.89798792 0.         0.         0.         0.         0.         0.         0.         0.         0.         0.         0.         0.         0.         0.         0.         0.         0.         0.         0.0311789  0.03053934 0.         0.         0.04029384 0.         0.         0.        ],[0. 0. 0. 0. 1. 0. 0. 0. 0. 0. 0. 0. 0. 0. 0. 0. 0. 0. 0. 0. 0. 0. 0. 1. 1. 0. 0. 1. 0. 0. 0.],4.0,best,1000,100,10,0.9,0.1,0.5,0.1,0.7,0.03,0.06,1,4,,problem_solving
240,-0.0035250036570225445,0.126123,0.003909259454542918,0.196,0.438807973449783,-0.02899962576143971,[0.         0.         0.         0.         0.89798792 0.         0.         0.         0.         0.         0.         0.         0.         0.         0.         0.         0.         0.         0.         0.         0.         0.         0.         0.0311789  0.03053934 0.         0.         0.04029384 0.         0.         0.        ],[0. 0. 0. 0. 1. 0. 0. 0. 0. 0. 0. 0. 0. 0. 0. 0. 0. 0. 0. 0. 0. 0. 0. 1. 1. 0. 0. 1. 0. 0. 0.],4.0,best,1000,100,10,0.9,0.1,0.5,0.1,0.7,0.03,0.06,1,4,,problem_solving
250,-0.004917941102602627,0.100833,0.00224552808041615,0.2,0.430351707065885,0.0002358361651125244,[0.         0.         0.         0.         0.89957728 0.         0.         0.         0.         0.         0.05042239 0.         0.         0.         0.         0.         0.         0.         0.         0.01966503 0.         0.         0.         0.         0.0303353  0.         0.         0.         0.         0.         0.        ],[0. 0. 0. 0. 1. 0. 0. 0. 0. 0. 1. 0. 0. 0. 0. 0. 0. 0. 0. 1. 0. 0. 0. 0. 1. 0. 0. 0. 0. 0. 0.],4.0,best,1000,100,10,0.9,0.1,0.5,0.1,0.7,0.03,0.06,1,4,,problem_solving
260,-0.004917941102602627,0.100833,0.00224552808041615,0.20400000000000001,0.4220584013515329,-0.0027583200205861125,[0.         0.         0.         0.         0.89957728 0.         0.         0.         0.         0.         0.05042239 0.         0.         0.         0.         0.         0.         0.         0.         0.01966503 0.         0.         0.         0.         0.0303353  0.         0.         0.         0.         0.         0.        ],[0. 0. 0. 0. 1. 0. 0. 0. 0. 0. 1. 0. 0. 0. 0. 0. 0. 0. 0. 1. 0. 0. 0. 0. 1. 0. 0. 0. 0. 0. 0.],4.0,best,1000,100,10,0.9,0.1,0.5,0.1,0.7,0.03,0.06,1,4,,problem_solving
270,-0.0057800602528490196,0.119749,0.003102163567947318,0.20800000000000002,0.4139249158924335,-0.0052282378229931955,[0.         0.         0.         0.         0.87346767 0.         0.         0.         0.         0.         0.06147941 0.         0.         0.         0.         0.         0.         0.         0.         0.         0.         0.         0.         0.         0.         0.03590798 0.         0.02914494 0.         0.         0.        ],[0. 0. 0. 0. 1. 0. 0. 0. 0. 0. 1. 0. 0. 0. 0. 0. 0. 0. 0. 0. 0. 0. 0. 0. 0. 1. 0. 1. 0. 0. 0.],4.0,best,1000,100,10,0.9,0.1,0.5,0.1,0.7,0.03,0.06,1,4,,problem_solving
280,-0.0057800602528490196,0.119749,0.003102163567947318,0.21200000000000002,0.40594817079320256,0.013936226986047453,[0.         0.         0.         0.         0.87346767 0.         0.         0.         0.         0.         0.06147941 0.         0.         0.         0.         0.         0.         0.         0.         0.         0.         0.         0.         0.         0.         0.03590798 0.         0.02914494 0.         0.         0.        ],[0. 0. 0. 0. 1. 0. 0. 0. 0. 0. 1. 0. 0. 0. 0. 0. 0. 0. 0. 0. 0. 0. 0. 0. 0. 1. 0. 1. 0. 0. 0.],4.0,best,1000,100,10,0.9,0.1,0.5,0.1,0.7,0.03,0.06,1,4,,problem_solving
290,-0.0057800602528490196,0.119749,0.003102163567947318,0.21600000000000003,0.3981251455111055,0.0008540167749368185,[0.         0.         0.         0.         0.87346767 0.         0.         0.         0.         0.         0.06147941 0.         0.         0.         0.         0.         0.         0.         0.         0.         0.         0.         0.         0.         0.         0.03590798 0.         0.02914494 0.         0.         0.        ],[0. 0. 0. 0. 1. 0. 0. 0. 0. 0. 1. 0. 0. 0. 0. 0. 0. 0. 0. 0. 0. 0. 0. 0. 0. 1. 0. 1. 0. 0. 0.],4.0,best,1000,100,10,0.9,0.1,0.5,0.1,0.7,0.03,0.06,1,4,,problem_solving
300,-0.0057800602528490196,0.119749,0.003102163567947318,0.22000000000000003,0.3904528777122722,0.0009504601028641857,[0.         0.         0.         0.         0.87346767 0.         0.         0.         0.         0.         0.06147941 0.         0.         0.         0.         0.         0.         0.         0.         0.         0.         0.         0.         0.         0.         0.03590798 0.         0.02914494 0.         0.         0.        ],[0. 0. 0. 0. 1. 0. 0. 0. 0. 0. 1. 0. 0. 0. 0. 0. 0. 0. 0. 0. 0. 0. 0. 0. 0. 1. 0. 1. 0. 0. 0.],4.0,best,1000,100,10,0.9,0.1,0.5,0.1,0.7,0.03,0.06,1,4,,problem_solving
310,-0.0057800602528490196,0.119749,0.003102163567947318,0.224,0.3829284621499548,-0.0015024564316914236,[0.         0.         0.         0.         0.87346767 0.         0.         0.         0.         0.         0.06147941 0.         0.         0.         0.         0.         0.         0.         0.         0.         0.         0.         0.         0.         0.         0.03590798 0.         0.02914494 0.         0.         0.        ],[0. 0. 0. 0. 1. 0. 0. 0. 0. 0. 1. 0. 0. 0. 0. 0. 0. 0. 0. 0. 0. 0. 0. 0. 0. 1. 0. 1. 0. 0. 0.],4.0,best,1000,100,10,0.9,0.1,0.5,0.1,0.7,0.03,0.06,1,4,,problem_solving
320,-0.0057800602528490196,0.119749,0.003102163567947318,0.228,0.3755490495644016,0.0011268419993116748,[0.         0.         0.         0.         0.87346767 0.         0.         0.         0.         0.         0.06147941 0.         0.         0.         0.         0.         0.         0.         0.         0.         0.         0.         0.         0.         0.         0.03590798 0.         0.02914494 0.         0.         0.        ],[0. 0. 0. 0. 1. 0. 0. 0. 0. 0. 1. 0. 0. 0. 0. 0. 0. 0. 0. 0. 0. 0. 0. 0. 0. 1. 0. 1. 0. 0. 0.],4.0,best,1000,100,10,0.9,0.1,0.5,0.1,0.7,0.03,0.06,1,4,,problem_solving
330,-0.0057800602528490196,0.119749,0.003102163567947318,0.232,0.3683118456039322,0.019105687421229874,[0.         0.         0.         0.         0.87346767 0.         0.         0.         0.         0.         0.06147941 0.         0.         0.         0.         0.         0.         0.         0.         0.         0.         0.         0.         0.         0.         0.03590798 0.         0.02914494 0.         0.         0.        ],[0. 0. 0. 0. 1. 0. 0. 0. 0. 0. 1. 0. 0. 0. 0. 0. 0. 0. 0. 0. 0. 0. 0. 0. 0. 1. 0. 1. 0. 0. 0.],4.0,best,1000,100,10,0.9,0.1,0.5,0.1,0.7,0.03,0.06,1,4,,problem_solving
340,-0.006713178218584394,0.10831,0.005005382769192225,0.23600000000000002,0.3612141097668044,-0.0005348494612822685,[0.         0.         0.         0.         0.93938954 0.02020349 0.         0.         0.         0.         0.         0.         0.         0.         0.         0.         0.         0.         0.         0.         0.         0.         0.         0.         0.02020349 0.         0.         0.02020349 0.         0.         0.        ],[0. 0. 0. 0. 1. 1. 0. 0. 0. 0. 0. 0. 0. 0. 0. 0. 0. 0. 0. 0. 0. 0. 0. 0. 1. 0. 0. 1. 0. 0. 0.],4.0,best,1000,100,10,0.9,0.1,0.5,0.1,0.7,0.03,0.06,1,4,,problem_solving
350,-0.006713178218584394,0.10831,0.005005382769192225,0.24000000000000002,0.3542531543634719,-0.0022720335821879278,[0.         0.         0.         0.         0.93938954 0.02020349 0.         0.         0.         0.         0.         0.         0.         0.         0.         0.         0.         0.         0.         0.         0.         0.         0.         0.         0.02020349 0.         0.         0.02020349 0.         0.         0.        ],[0. 0. 0. 0. 1. 1. 0. 0. 0. 0. 0. 0. 0. 0. 0. 0. 0. 0. 0. 0. 0. 0. 0. 0. 1. 0. 0. 1. 0. 0. 0.],4.0,best,1000,100,10,0.9,0.1,0.5,0.1,0.7,0.03,0.06,1,4,,problem_solving
360,-0.006713178218584394,0.10831,0.005005382769192225,0.24400000000000002,0.3474263434988409,-0.011048432381210761,[0.         0.         0.         0.         0.93938954 0.02020349 0.         0.         0.         0.         0.         0.         0.         0.         0.         0.         0.         0.         0.         0.         0.         0.         0.         0.         0.02020349 0.         0.         0.02020349 0.         0.         0.        ],[0. 0. 0. 0. 1. 1. 0. 0. 0. 0. 0. 0. 0. 0. 0. 0. 0. 0. 0. 0. 0. 0. 0. 0. 1. 0. 0. 1. 0. 0. 0.],4.0,best,1000,100,10,0.9,0.1,0.5,0.1,0.7,0.03,0.06,1,4,,problem_solving
370,-0.006713178218584394,0.10831,0.005005382769192225,0.24800000000000003,0.3407310920741399,0.014400095750453989,[0.         0.         0.         0.         0.93938954 0.02020349 0.         0.         0.         0.         0.         0.         0.         0.         0.         0.         0.         0.         0.         0.         0.         0.         0.         0.         0.02020349 0.         0.         0.02020349 0.         0.         0.        ],[0. 0. 0. 0. 1. 1. 0. 0. 0. 0. 0. 0. 0. 0. 0. 0. 0. 0. 0. 0. 0. 0. 0. 0. 1. 0. 0. 1. 0. 0. 0.],4.0,best,1000,100,10,0.9,0.1,0.5,0.1,0.7,0.03,0.06,1,4,,problem_solving
380,-0.007449861077202767,0.126123,0.003909259454542918,0.252,0.33416486480802304,-0.004759253788427003,[0.         0.         0.         0.         0.89798792 0.         0.         0.         0.         0.         0.         0.         0.         0.         0.         0.         0.         0.         0.         0.         0.         0.         0.         0.0311789  0.03053934 0.         0.         0.04029384 0.         0.         0.        ],[0. 0. 0. 0. 1. 0. 0. 0. 0. 0. 0. 0. 0. 0. 0. 0. 0. 0. 0. 0. 0. 0. 0. 1. 1. 0. 0. 1. 0. 0. 0.],4.0,best,1000,100,10,0.9,0.1,0.5,0.1,0.7,0.03,0.06,1,4,,problem_solving
390,-0.007449861077202767,0.126123,0.003909259454542918,0.256,0.3277251752765399,-0.006325763999095807,[0.         0.         0.         0.         0.89798792 0.         0.         0.         0.         0.         0.         0.         0.         0.         0.         0.         0.         0.         0.         0.         0.         0.         0.         0.0311789  0.03053934 0.         0.         0.04029384 0.         0.         0.        ],[0. 0. 0. 0. 1. 0. 0. 0. 0. 0. 0. 0. 0. 0. 0. 0. 0. 0. 0. 0. 0. 0. 0. 1. 1. 0. 0. 1. 0. 0. 0.],4.0,best,1000,100,10,0.9,0.1,0.5,0.1,0.7,0.03,0.06,1,4,,problem_solving
400,-0.007449861077202767,0.126123,0.003909259454542918,0.26,0.3214095849716039,0.003671484665863735,[0.         0.         0.         0.         0.89798792 0.         0.         0.         0.         0.         0.         0.         0.         0.         0.         0.         0.         0.         0.         0.         0.         0.         0.         0.0311789  0.03053934 0.         0.         0.04029384 0.         0.         0.        ],[0. 0. 0. 0. 1. 0. 0. 0. 0. 0. 0. 0. 0. 0. 0. 0. 0. 0. 0. 0. 0. 0. 0. 1. 1. 0. 0. 1. 0. 0. 0.],4.0,best,1000,100,10,0.9,0.1,0.5,0.1,0.7,0.03,0.06,1,4,,problem_solving
410,-0.007449861077202767,0.126123,0.003909259454542918,0.264,0.31521570237760627,0.011415915846130966,[0.         0.         0.         0.         0.89798792 0.         0.         0.         0.         0.         0.         0.         0.         0.         0.         0.         0.         0.         0.         0.         0.         0.         0.         0.0311789  0.03053934 0.         0.         0.04029384 0.         0.         0.        ],[0. 0. 0. 0. 1. 0. 0. 0. 0. 0. 0. 0. 0. 0. 0. 0. 0. 0. 0. 0. 0. 0. 0. 1. 1. 0. 0. 1. 0. 0. 0.],4.0,best,1000,100,10,0.9,0.1,0.5,0.1,0.7,0.03,0.06,1,4,,problem_solving
420,-0.007449861077202767,0.126123,0.003909259454542918,0.268,0.30914118206582436,0.0028840880682468096,[0.         0.         0.         0.         0.89798792 0.         0.         0.         0.         0.         0.         0.         0.         0.         0.         0.         0.         0.         0.         0.         0.         0.         0.         0.0311789  0.03053934 0.         0.         0.04029384 0.         0.         0.        ],[0. 0. 0. 0. 1. 0. 0. 0. 0. 0. 0. 0. 0. 0. 0. 0. 0. 0. 0. 0. 0. 0. 0. 1. 1. 0. 0. 1. 0. 0. 0.],4.0,best,1000,100,10,0.9,0.1,0.5,0.1,0.7,0.03,0.06,1,4,,problem_solving
430,-0.007449861077202767,0.126123,0.003909259454542918,0.272,0.3031837238062814,0.0013439934484781285,[0.         0.         0.         0.         0.89798792 0.         0.         0.         0.         0.         0.         0.         0.         0.         0.         0.         0.         0.         0.         0.         0.         0.         0.         0.0311789  0.03053934 0.         0.         0.04029384 0.         0.         0.        ],[0. 0. 0. 0. 1. 0. 0. 0. 0. 0. 0. 0. 0. 0. 0. 0. 0. 0. 0. 0. 0. 0. 0. 1. 1. 0. 0. 1. 0. 0. 0.],4.0,best,1000,100,10,0.9,0.1,0.5,0.1,0.7,0.03,0.06,1,4,,problem_solving
440,-0.007449861077202767,0.126123,0.003909259454542918,0.276,0.29734107169672147,-0.006522635654303563,[0.         0.         0.         0.         0.89798792 0.         0.         0.         0.         0.         0.         0.         0.         0.         0.         0.         0.         0.         0.         0.         0.         0.         0.         0.0311789  0.03053934 0.         0.         0.04029384 0.         0.         0.        ],[0. 0. 0. 0. 1. 0. 0. 0. 0. 0. 0. 0. 0. 0. 0. 0. 0. 0. 0. 0. 0. 0. 0. 1. 1. 0. 0. 1. 0. 0. 0.],4.0,best,1000,100,10,0.9,0.1,0.5,0.1,0.7,0.03,0.06,1,4,,problem_solving
450,-0.007449861077202767,0.126123,0.003909259454542918,0.28,0.2916110133083706,-0.0038443141753589987,[0.         0.         0.         0.         0.89798792 0.         0.         0.         0.         0.         0.         0.         0.         0.         0.         0.         0.         0.         0.         0.         0.         0.         0.         0.0311789  0.03053934 0.         0.         0.04029384 0.         0.         0.        ],[0. 0. 0. 0. 1. 0. 0. 0. 0. 0. 0. 0. 0. 0. 0. 0. 0. 0. 0. 0. 0. 0. 0. 1. 1. 0. 0. 1. 0. 0. 0.],4.0,best,1000,100,10,0.9,0.1,0.5,0.1,0.7,0.03,0.06,1,4,,problem_solving
460,-0.007449861077202767,0.126123,0.003909259454542918,0.28400000000000003,0.285991378848159,0.006400860476780455,[0.         0.         0.         0.         0.89798792 0.         0.         0.         0.         0.         0.         0.         0.         0.         0.         0.         0.         0.         0.         0.         0.         0.         0.         0.0311789  0.03053934 0.         0.         0.04029384 0.         0.         0.        ],[0. 0. 0. 0. 1. 0. 0. 0. 0. 0. 0. 0. 0. 0. 0. 0. 0. 0. 0. 0. 0. 0. 0. 1. 1. 0. 0. 1. 0. 0. 0.],4.0,best,1000,100,10,0.9,0.1,0.5,0.1,0.7,0.03,0.06,1,4,,problem_solving
470,-0.007687781528841229,0.154402,0.004997803293040697,0.28800000000000003,0.2804800403370891,-0.014179100330980129,[0.         0.         0.         0.         0.88488049 0.02920384 0.         0.         0.         0.         0.04529123 0.         0.         0.         0.         0.         0.         0.         0.         0.         0.         0.         0.         0.         0.         0.04062443 0.         0.         0.         0.         0.        ],[0. 0. 0. 0. 1. 1. 0. 0. 0. 0. 1. 0. 0. 0. 0. 0. 0. 0. 0. 0. 0. 0. 0. 0. 0. 1. 0. 0. 0. 0. 0.],4.0,best,1000,100,10,0.9,0.1,0.5,0.1,0.7,0.03,0.06,1,4,,problem_solving
480,-0.007818593325838046,0.144588,0.006844791179810798,0.29200000000000004,0.27507491080443647,0.018181609727349276,[0.         0.         0.02008721 0.         0.91219509 0.         0.         0.         0.02008721 0.         0.         0.         0.         0.         0.         0.         0.         0.04763048 0.         0.         0.         0.         0.         0.         0.         0.         0.         0.         0.         0.         0.        ],[0. 0. 1. 0. 1. 0. 0. 0. 1. 0. 0. 0. 0. 0. 0. 0. 0. 1. 0. 0. 0. 0. 0. 0. 0. 0. 0. 0. 0. 0. 0.],4.0,best,1000,100,10,0.9,0.1,0.5,0.1,0.7,0.03,0.06,1,4,,problem_solving
490,-0.007818593325838046,0.144588,0.006844791179810798,0.29600000000000004,0.2697739434974796,-0.009046887051203786,[0.         0.         0.02008721 0.         0.91219509 0.         0.         0.         0.02008721 0.         0.         0.         0.         0.         0.         0.         0.         0.04763048 0.         0.         0.         0.         0.         0.         0.         0.         0.         0.         0.         0.         0.        ],[0. 0. 1. 0. 1. 0. 0. 0. 1. 0. 0. 0. 0. 0. 0. 0. 0. 1. 0. 0. 0. 0. 0. 0. 0. 0. 0. 0. 0. 0. 0.],4.0,best,1000,100,10,0.9,0.1,0.5,0.1,0.7,0.03,0.06,1,4,,problem_solving
500,-0.007818593325838046,0.144588,0.006844791179810798,0.30000000000000004,0.2645751311064591,0.0029271048867966346,[0.         0.         0.02008721 0.         0.91219509 0.         0.         0.         0.02008721 0.         0.         0.         0.         0.         0.         0.         0.         0.04763048 0.         0.         0.         0.         0.         0.         0.         0.         0.         0.         0.         0.         0.        ],[0. 0. 1. 0. 1. 0. 0. 0. 1. 0. 0. 0. 0. 0. 0. 0. 0. 1. 0. 0. 0. 0. 0. 0. 0. 0. 0. 0. 0. 0. 0.],4.0,best,1000,100,10,0.9,0.1,0.5,0.1,0.7,0.03,0.06,1,4,,problem_solving
510,-0.007818593325838046,0.144588,0.006844791179810798,0.30400000000000005,0.25947650500447234,-0.016573850362245884,[0.         0.         0.02008721 0.         0.91219509 0.         0.         0.         0.02008721 0.         0.         0.         0.         0.         0.         0.         0.         0.04763048 0.         0.         0.         0.         0.         0.         0.         0.         0.         0.         0.         0.         0.        ],[0. 0. 1. 0. 1. 0. 0. 0. 1. 0. 0. 0. 0. 0. 0. 0. 0. 1. 0. 0. 0. 0. 0. 0. 0. 0. 0. 0. 0. 0. 0.],4.0,best,1000,100,10,0.9,0.1,0.5,0.1,0.7,0.03,0.06,1,4,,problem_solving
520,-0.007925806549412474,0.132071,0.0035792285833432095,0.30800000000000005,0.2544761345020166,-0.013398085988477547,[0.         0.         0.         0.         0.92040847 0.         0.         0.         0.         0.         0.         0.         0.         0.         0.         0.         0.         0.03923344 0.         0.         0.         0.         0.         0.02017905 0.         0.         0.02017905 0.         0.         0.         0.        ],[0. 0. 0. 0. 1. 0. 0. 0. 0. 0. 0. 0. 0. 0. 0. 0. 0. 1. 0. 0. 0. 0. 0. 1. 0. 0. 1. 0. 0. 0. 0.],4.0,best,1000,100,10,0.9,0.1,0.5,0.1,0.7,0.03,0.06,1,4,,problem_solving
530,-0.007925806549412474,0.132071,0.0035792285833432095,0.31200000000000006,0.24957212611589738,-0.001340816489413106,[0.         0.         0.         0.         0.92040847 0.         0.         0.         0.         0.         0.         0.         0.         0.         0.         0.         0.         0.03923344 0.         0.         0.         0.         0.         0.02017905 0.         0.         0.02017905 0.         0.         0.         0.        ],[0. 0. 0. 0. 1. 0. 0. 0. 0. 0. 0. 0. 0. 0. 0. 0. 0. 1. 0. 0. 0. 0. 0. 1. 0. 0. 1. 0. 0. 0. 0.],4.0,best,1000,100,10,0.9,0.1,0.5,0.1,0.7,0.03,0.06,1,4,,problem_solving
540,-0.007925806549412474,0.132071,0.0035792285833432095,0.316,0.24476262285222591,-0.01165208847468515,[0.         0.         0.         0.         0.92040847 0.         0.         0.         0.         0.         0.         0.         0.         0.         0.         0.         0.         0.03923344 0.         0.         0.         0.         0.         0.02017905 0.         0.         0.02017905 0.         0.         0.         0.        ],[0. 0. 0. 0. 1. 0. 0. 0. 0. 0. 0. 0. 0. 0. 0. 0. 0. 1. 0. 0. 0. 0. 0. 1. 0. 0. 1. 0. 0. 0. 0.],4.0,best,1000,100,10,0.9,0.1,0.5,0.1,0.7,0.03,0.06,1,4,,problem_solving
550,-0.007925806549412474,0.132071,0.0035792285833432095,0.32,0.24004580350323373,-0.006796990648922755,[0.         0.         0.         0.         0.92040847 0.         0.         0.         0.         0.         0.         0.         0.         0.         0.         0.         0.         0.03923344 0.         0.         0.         0.         0.         0.02017905 0.         0.         0.02017905 0.         0.         0.         0.        ],[0. 0. 0. 0. 1. 0. 0. 0. 0. 0. 0. 0. 0. 0. 0. 0. 0. 1. 0. 0. 0. 0. 0. 1. 0. 0. 1. 0. 0. 0. 0.],4.0,best,1000,100,10,0.9,0.1,0.5,0.1,0.7,0.03,0.06,1,4,,problem_solving
560,-0.007925806549412474,0.132071,0.0035792285833432095,0.324,0.23541988195763883,7.439856482379058e-05,[0.         0.         0.         0.         0.92040847 0.         0.         0.         0.         0.         0.         0.         0.         0.         0.         0.         0.         0.03923344 0.         0.         0.         0.         0.         0.02017905 0.         0.         0.02017905 0.         0.         0.         0.        ],[0. 0. 0. 0. 1. 0. 0. 0. 0. 0. 0. 0. 0. 0. 0. 0. 0. 1. 0. 0. 0. 0. 0. 1. 0. 0. 1. 0. 0. 0. 0.],4.0,best,1000,100,10,0.9,0.1,0.5,0.1,0.7,0.03,0.06,1,4,,problem_solving
570,-0.007925806549412474,0.132071,0.0035792285833432095,0.328,0.23088310652430125,0.011821381690912887,[0.         0.         0.         0.         0.92040847 0.         0.         0.         0.         0.         0.         0.         0.         0.         0.         0.         0.         0.03923344 0.         0.         0.         0.         0.         0.02017905 0.         0.         0.02017905 0.         0.         0.         0.        ],[0. 0. 0. 0. 1. 0. 0. 0. 0. 0. 0. 0. 0. 0. 0. 0. 0. 1. 0. 0. 0. 0. 0. 1. 0. 0. 1. 0. 0. 0. 0.],4.0,best,1000,100,10,0.9,0.1,0.5,0.1,0.7,0.03,0.06,1,4,,problem_solving
580,-0.007925806549412474,0.132071,0.0035792285833432095,0.332,0.22643375926891277,0.0010137582671375896,[0.         0.         0.         0.         0.92040847 0.         0.         0.         0.         0.         0.         0.         0.         0.         0.         0.         0.         0.03923344 0.         0.         0.         0.         0.         0.02017905 0.         0.         0.02017905 0.         0.         0.         0.        ],[0. 0. 0. 0. 1. 0. 0. 0. 0. 0. 0. 0. 0. 0. 0. 0. 0. 1. 0. 0. 0. 0. 0. 1. 0. 0. 1. 0. 0. 0. 0.],4.0,best,1000,100,10,0.9,0.1,0.5,0.1,0.7,0.03,0.06,1,4,,problem_solving
590,-0.007925806549412474,0.132071,0.0035792285833432095,0.336,0.22207015536346894,-0.005822077596993067,[0.         0.         0.         0.         0.92040847 0.         0.         0.         0.         0.         0.         0.         0.         0.         0.         0.         0.         0.03923344 0.         0.         0.         0.         0.         0.02017905 0.         0.         0.02017905 0.         0.         0.         0.        ],[0. 0. 0. 0. 1. 0. 0. 0. 0. 0. 0. 0. 0. 0. 0. 0. 0. 1. 0. 0. 0. 0. 0. 1. 0. 0. 1. 0. 0. 0. 0.],4.0,best,1000,100,10,0.9,0.1,0.5,0.1,0.7,0.03,0.06,1,4,,problem_solving
600,-0.008684433126030351,0.10831,0.005005382769192225,0.34,0.21779064244827798,-0.00044985051800633803,[0.         0.         0.         0.         0.93938954 0.02020349 0.         0.         0.         0.         0.         0.         0.         0.         0.         0.         0.         0.         0.         0.         0.         0.         0.         0.         0.02020349 0.         0.         0.02020349 0.         0.         0.        ],[0. 0. 0. 0. 1. 1. 0. 0. 0. 0. 0. 0. 0. 0. 0. 0. 0. 0. 0. 0. 0. 0. 0. 0. 1. 0. 0. 1. 0. 0. 0.],4.0,best,1000,100,10,0.9,0.1,0.5,0.1,0.7,0.03,0.06,1,4,,problem_solving
610,-0.008684433126030351,0.10831,0.005005382769192225,0.34400000000000003,0.2135936000062639,-0.008921876197387277,[0.         0.         0.         0.         0.93938954 0.02020349 0.         0.         0.         0.         0.         0.         0.         0.         0.         0.         0.         0.         0.         0.         0.         0.         0.         0.         0.02020349 0.         0.         0.02020349 0.         0.         0.        ],[0. 0. 0. 0. 1. 1. 0. 0. 0. 0. 0. 0. 0. 0. 0. 0. 0. 0. 0. 0. 0. 0. 0. 0. 1. 0. 0. 1. 0. 0. 0.],4.0,best,1000,100,10,0.9,0.1,0.5,0.1,0.7,0.03,0.06,1,4,,problem_solving
620,-0.008684433126030351,0.10831,0.005005382769192225,0.348,0.20947743874932764,0.002486023715414695,[0.         0.         0.         0.         0.93938954 0.02020349 0.         0.         0.         0.         0.         0.         0.         0.         0.         0.         0.         0.         0.         0.         0.         0.         0.         0.         0.02020349 0.         0.         0.02020349 0.         0.         0.        ],[0. 0. 0. 0. 1. 1. 0. 0. 0. 0. 0. 0. 0. 0. 0. 0. 0. 0. 0. 0. 0. 0. 0. 0. 1. 0. 0. 1. 0. 0. 0.],4.0,best,1000,100,10,0.9,0.1,0.5,0.1,0.7,0.03,0.06,1,4,,problem_solving
630,-0.008684433126030351,0.10831,0.005005382769192225,0.352,0.20544060001653347,-0.004438014585965743,[0.         0.         0.         0.         0.93938954 0.02020349 0.         0.         0.         0.         0.         0.         0.         0.         0.         0.         0.         0.         0.         0.         0.         0.         0.         0.         0.02020349 0.         0.         0.02020349 0.         0.         0.        ],[0. 0. 0. 0. 1. 1. 0. 0. 0. 0. 0. 0. 0. 0. 0. 0. 0. 0. 0. 0. 0. 0. 0. 0. 1. 0. 0. 1. 0. 0. 0.],4.0,best,1000,100,10,0.9,0.1,0.5,0.1,0.7,0.03,0.06,1,4,,problem_solving
640,-0.008684433126030351,0.10831,0.005005382769192225,0.356,0.20148155518389335,0.005371859587438059,[0.         0.         0.         0.         0.93938954 0.02020349 0.         0.         0.         0.         0.         0.         0.         0.         0.         0.         0.         0.         0.         0.         0.         0.         0.         0.         0.02020349 0.         0.         0.02020349 0.         0.         0.        ],[0. 0. 0. 0. 1. 1. 0. 0. 0. 0. 0. 0. 0. 0. 0. 0. 0. 0. 0. 0. 0. 0. 0. 0. 1. 0. 0. 1. 0. 0. 0.],4.0,best,1000,100,10,0.9,0.1,0.5,0.1,0.7,0.03,0.06,1,4,,problem_solving
650,-0.008684433126030351,0.10831,0.005005382769192225,0.36,0.19759880508552483,-0.006142187978891606,[0.         0.         0.         0.         0.93938954 0.02020349 0.         0.         0.         0.         0.         0.         0.         0.         0.         0.         0.         0.         0.         0.         0.         0.         0.         0.         0.02020349 0.         0.         0.02020349 0.         0.         0.        ],[0. 0. 0. 0. 1. 1. 0. 0. 0. 0. 0. 0. 0. 0. 0. 0. 0. 0. 0. 0. 0. 0. 0. 0. 1. 0. 0. 1. 0. 0. 0.],4.0,best,1000,100,10,0.9,0.1,0.5,0.1,0.7,0.03,0.06,1,4,,problem_solving
660,-0.008684433126030351,0.10831,0.005005382769192225,0.364,0.19379087944596401,-0.0086103563363475,[0.         0.         0.         0.         0.93938954 0.02020349 0.         0.         0.         0.         0.         0.         0.         0.         0.         0.         0.         0.         0.         0.         0.         0.         0.         0.         0.02020349 0.         0.         0.02020349 0.         0.         0.        ],[0. 0. 0. 0. 1. 1. 0. 0. 0. 0. 0. 0. 0. 0. 0. 0. 0. 0. 0. 0. 0. 0. 0. 0. 1. 0. 0. 1. 0. 0. 0.],4.0,best,1000,100,10,0.9,0.1,0.5,0.1,0.7,0.03,0.06,1,4,,problem_solving
670,-0.008684433126030351,0.10831,0.005005382769192225,0.368,0.1900563363234187,0.009105616092454244,[0.         0.         0.         0.         0.93938954 0.02020349 0.         0.         0.         0.         0.         0.         0.         0.         0.         0.         0.         0.         0.         0.         0.         0.         0.         0.         0.02020349 0.         0.         0.02020349 0.         0.         0.        ],[0. 0. 0. 0. 1. 1. 0. 0. 0. 0. 0. 0. 0. 0. 0. 0. 0. 0. 0. 0. 0. 0. 0. 0. 1. 0. 0. 1. 0. 0. 0.],4.0,best,1000,100,10,0.9,0.1,0.5,0.1,0.7,0.03,0.06,1,4,,problem_solving
680,-0.008684433126030351,0.10831,0.005005382769192225,0.372,0.18639376156374998,0.00207714456618434,[0.         0.         0.         0.         0.93938954 0.02020349 0.         0.         0.         0.         0.         0.         0.         0.         0.         0.         0.         0.         0.         0.         0.         0.         0.         0.         0.02020349 0.         0.         0.02020349 0.         0.         0.        ],[0. 0. 0. 0. 1. 1. 0. 0. 0. 0. 0. 0. 0. 0. 0. 0. 0. 0. 0. 0. 0. 0. 0. 0. 1. 0. 0. 1. 0. 0. 0.],4.0,best,1000,100,10,0.9,0.1,0.5,0.1,0.7,0.03,0.06,1,4,,problem_solving
690,-0.008684433126030351,0.10831,0.005005382769192225,0.376,0.1828017682649769,-0.0007295877271979925,[0.         0.         0.         0.         0.93938954 0.02020349 0.         0.         0.         0.         0.         0.         0.         0.         0.         0.         0.         0.         0.         0.         0.         0.         0.         0.         0.02020349 0.         0.         0.02020349 0.         0.         0.        ],[0. 0. 0. 0. 1. 1. 0. 0. 0. 0. 0. 0. 0. 0. 0. 0. 0. 0. 0. 0. 0. 0. 0. 0. 1. 0. 0. 1. 0. 0. 0.],4.0,best,1000,100,10,0.9,0.1,0.5,0.1,0.7,0.03,0.06,1,4,,problem_solving
700,-0.008684433126030351,0.10831,0.005005382769192225,0.38,0.17927899625209975,0.007206408044165683,[0.         0.         0.         0.         0.93938954 0.02020349 0.         0.         0.         0.         0.         0.         0.         0.         0.         0.         0.         0.         0.         0.         0.         0.         0.         0.         0.02020349 0.         0.         0.02020349 0.         0.         0.        ],[0. 0. 0. 0. 1. 1. 0. 0. 0. 0. 0. 0. 0. 0. 0. 0. 0. 0. 0. 0. 0. 0. 0. 0. 1. 0. 0. 1. 0. 0. 0.],4.0,best,1000,100,10,0.9,0.1,0.5,0.1,0.7,0.03,0.06,1,4,,problem_solving
710,-0.008684433126030351,0.10831,0.005005382769192225,0.384,0.17582411156204497,0.008632032683205192,[0.         0.         0.         0.         0.93938954 0.02020349 0.         0.         0.         0.         0.         0.         0.         0.         0.         0.         0.         0.         0.         0.         0.         0.         0.         0.         0.02020349 0.         0.         0.02020349 0.         0.         0.        ],[0. 0. 0. 0. 1. 1. 0. 0. 0. 0. 0. 0. 0. 0. 0. 0. 0. 0. 0. 0. 0. 0. 0. 0. 1. 0. 0. 1. 0. 0. 0.],4.0,best,1000,100,10,0.9,0.1,0.5,0.1,0.7,0.03,0.06,1,4,,problem_solving
720,-0.008684433126030351,0.10831,0.005005382769192225,0.388,0.17243580593853514,-0.005040325094474866,[0.         0.         0.         0.         0.93938954 0.02020349 0.         0.         0.         0.         0.         0.         0.         0.         0.         0.         0.         0.         0.         0.         0.         0.         0.         0.         0.02020349 0.         0.         0.02020349 0.         0.         0.        ],[0. 0. 0. 0. 1. 1. 0. 0. 0. 0. 0. 0. 0. 0. 0. 0. 0. 0. 0. 0. 0. 0. 0. 0. 1. 0. 0. 1. 0. 0. 0.],4.0,best,1000,100,10,0.9,0.1,0.5,0.1,0.7,0.03,0.06,1,4,,problem_solving
730,-0.008684433126030351,0.10831,0.005005382769192225,0.392,0.16911279633669332,0.0016037903924204513,[0.         0.         0.         0.         0.93938954 0.02020349 0.         0.         0.         0.         0.         0.         0.         0.         0.         0.         0.         0.         0.         0.         0.         0.         0.         0.         0.02020349 0.         0.         0.02020349 0.         0.         0.        ],[0. 0. 0. 0. 1. 1. 0. 0. 0. 0. 0. 0. 0. 0. 0. 0. 0. 0. 0. 0. 0. 0. 0. 0. 1. 0. 0. 1. 0. 0. 0.],4.0,best,1000,100,10,0.9,0.1,0.5,0.1,0.7,0.03,0.06,1,4,,problem_solving
740,-0.008684433126030351,0.10831,0.005005382769192225,0.396,0.16585382443719424,0.0024063543450650567,[0.         0.         0.         0.         0.93938954 0.02020349 0.         0.         0.         0.         0.         0.         0.         0.         0.         0.         0.         0.         0.         0.         0.         0.         0.         0.         0.02020349 0.         0.         0.02020349 0.         0.         0.        ],[0. 0. 0. 0. 1. 1. 0. 0. 0. 0. 0. 0. 0. 0. 0. 0. 0. 0. 0. 0. 0. 0. 0. 0. 1. 0. 0. 1. 0. 0. 0.],4.0,best,1000,100,10,0.9,0.1,0.5,0.1,0.7,0.03,0.06,1,4,,problem_solving
750,-0.008684433126030351,0.10831,0.005005382769192225,0.4,0.1626576561697786,0.0018478876930132413,[0.         0.         0.         0.         0.93938954 0.02020349 0.         0.         0.         0.         0.         0.         0.         0.         0.         0.         0.         0.         0.         0.         0.         0.         0.         0.         0.02020349 0.         0.         0.02020349 0.         0.         0.        ],[0. 0. 0. 0. 1. 1. 0. 0. 0. 0. 0. 0. 0. 0. 0. 0. 0. 0. 0. 0. 0. 0. 0. 0. 1. 0. 0. 1. 0. 0. 0.],4.0,best,1000,100,10,0.9,0.1,0.5,0.1,0.7,0.03,0.06,1,4,,problem_solving
760,-0.008684433126030351,0.10831,0.005005382769192225,0.404,0.15952308124594905,0.0008399315528201538,[0.         0.         0.         0.         0.93938954 0.02020349 0.         0.         0.         0.         0.         0.         0.         0.         0.         0.         0.         0.         0.         0.         0.         0.         0.         0.         0.02020349 0.         0.         0.02020349 0.         0.         0.        ],[0. 0. 0. 0. 1. 1. 0. 0. 0. 0. 0. 0. 0. 0. 0. 0. 0. 0. 0. 0. 0. 0. 0. 0. 1. 0. 0. 1. 0. 0. 0.],4.0,best,1000,100,10,0.9,0.1,0.5,0.1,0.7,0.03,0.06,1,4,,problem_solving
770,-0.008684433126030351,0.10831,0.005005382769192225,0.40800000000000003,0.15644891270067235,-0.009499224792733053,[0.         0.         0.         0.         0.93938954 0.02020349 0.         0.         0.         0.         0.         0.         0.         0.         0.         0.         0.         0.         0.         0.         0.         0.         0.         0.         0.02020349 0.         0.         0.02020349 0.         0.         0.        ],[0. 0. 0. 0. 1. 1. 0. 0. 0. 0. 0. 0. 0. 0. 0. 0. 0. 0. 0. 0. 0. 0. 0. 0. 1. 0. 0. 1. 0. 0. 0.],4.0,best,1000,100,10,0.9,0.1,0.5,0.1,0.7,0.03,0.06,1,4,,problem_solving
780,-0.008684433126030351,0.10831,0.005005382769192225,0.41200000000000003,0.15343398644291262,0.008137144039977378,[0.         0.         0.         0.         0.93938954 0.02020349 0.         0.         0.         0.         0.         0.         0.         0.         0.         0.         0.         0.         0.         0.         0.         0.         0.         0.         0.02020349 0.         0.         0.02020349 0.         0.         0.        ],[0. 0. 0. 0. 1. 1. 0. 0. 0. 0. 0. 0. 0. 0. 0. 0. 0. 0. 0. 0. 0. 0. 0. 0. 1. 0. 0. 1. 0. 0. 0.],4.0,best,1000,100,10,0.9,0.1,0.5,0.1,0.7,0.03,0.06,1,4,,problem_solving
790,-0.008684433126030351,0.10831,0.005005382769192225,0.41600000000000004,0.1504771608148269,0.001287956301747225,[0.         0.         0.         0.         0.93938954 0.02020349 0.         0.         0.         0.         0.         0.         0.         0.         0.         0.         0.         0.         0.         0.         0.         0.         0.         0.         0.02020349 0.         0.         0.02020349 0.         0.         0.        ],[0. 0. 0. 0. 1. 1. 0. 0. 0. 0. 0. 0. 0. 0. 0. 0. 0. 0. 0. 0. 0. 0. 0. 0. 1. 0. 0. 1. 0. 0. 0.],4.0,best,1000,100,10,0.9,0.1,0.5,0.1,0.7,0.03,0.06,1,4,,problem_solving
800,-0.008684433126030351,0.10831,0.005005382769192225,0.42000000000000004,0.1475773161594552,-0.001618684555469312,[0.         0.         0.         0.         0.93938954 0.02020349 0.         0.         0.         0.         0.         0.         0.         0.         0.         0.         0.         0.         0.         0.         0.         0.         0.         0.         0.02020349 0.         0.         0.02020349 0.         0.         0.        ],[0. 0. 0. 0. 1. 1. 0. 0. 0. 0. 0. 0. 0. 0. 0. 0. 0. 0. 0. 0. 0. 0. 0. 0. 1. 0. 0. 1. 0. 0. 0.],4.0,best,1000,100,10,0.9,0.1,0.5,0.1,0.7,0.03,0.06,1,4,,problem_solving
810,-0.008684433126030351,0.10831,0.005005382769192225,0.42400000000000004,0.1447333543967415,0.0006535404070166774,[0.         0.         0.         0.         0.93938954 0.02020349 0.         0.         0.         0.         0.         0.         0.         0.         0.         0.         0.         0.         0.         0.         0.         0.         0.         0.         0.02020349 0.         0.         0.02020349 0.         0.         0.        ],[0. 0. 0. 0. 1. 1. 0. 0. 0. 0. 0. 0. 0. 0. 0. 0. 0. 0. 0. 0. 0. 0. 0. 0. 1. 0. 0. 1. 0. 0. 0.],4.0,best,1000,100,10,0.9,0.1,0.5,0.1,0.7,0.03,0.06,1,4,,problem_solving
820,-0.008684433126030351,0.10831,0.005005382769192225,0.42800000000000005,0.1419441986077252,-0.010270715071073609,[0.         0.         0.         0.         0.93938954 0.02020349 0.         0.         0.         0.         0.         0.         0.         0.         0.         0.         0.         0.         0.         0.         0.         0.         0.         0.         0.02020349 0.         0.         0.02020349 0.         0.         0.        ],[0. 0. 0. 0. 1. 1. 0. 0. 0. 0. 0. 0. 0. 0. 0. 0. 0. 0. 0. 0. 0. 0. 0. 0. 1. 0. 0. 1. 0. 0. 0.],4.0,best,1000,100,10,0.9,0.1,0.5,0.1,0.7,0.03,0.06,1,4,,problem_solving
830,-0.008684433126030351,0.10831,0.005005382769192225,0.43200000000000005,0.13920879262674613,0.007752897701226016,[0.         0.         0.         0.         0.93938954 0.02020349 0.         0.         0.         0.         0.         0.         0.         0.         0.         0.         0.         0.         0.         0.         0.         0.         0.         0.         0.02020349 0.         0.         0.02020349 0.         0.         0.        ],[0. 0. 0. 0. 1. 1. 0. 0. 0. 0. 0. 0. 0. 0. 0. 0. 0. 0. 0. 0. 0. 0. 0. 0. 1. 0. 0. 1. 0. 0. 0.],4.0,best,1000,100,10,0.9,0.1,0.5,0.1,0.7,0.03,0.06,1,4,,problem_solving
840,-0.008684433126030351,0.10831,0.005005382769192225,0.43600000000000005,0.1365261006415074,-0.0012478946501666343,[0.         0.         0.         0.         0.93938954 0.02020349 0.         0.         0.         0.         0.         0.         0.         0.         0.         0.         0.         0.         0.         0.         0.         0.         0.         0.         0.02020349 0.         0.         0.02020349 0.         0.         0.        ],[0. 0. 0. 0. 1. 1. 0. 0. 0. 0. 0. 0. 0. 0. 0. 0. 0. 0. 0. 0. 0. 0. 0. 0. 1. 0. 0. 1. 0. 0. 0.],4.0,best,1000,100,10,0.9,0.1,0.5,0.1,0.7,0.03,0.06,1,4,,problem_solving
850,-0.008684433126030351,0.10831,0.005005382769192225,0.44000000000000006,0.1338951068008461,0.008225985210598525,[0.         0.         0.         0.         0.93938954 0.02020349 0.         0.         0.         0.         0.         0.         0.         0.         0.         0.         0.         0.         0.         0.         0.         0.         0.         0.         0.02020349 0.         0.         0.02020349 0.         0.         0.        ],[0. 0. 0. 0. 1. 1. 0. 0. 0. 0. 0. 0. 0. 0. 0. 0. 0. 0. 0. 0. 0. 0. 0. 0. 1. 0. 0. 1. 0. 0. 0.],4.0,best,1000,100,10,0.9,0.1,0.5,0.1,0.7,0.03,0.06,1,4,,problem_solving
860,-0.008684433126030351,0.10831,0.005005382769192225,0.44400000000000006,0.1313148148300622,-0.0024719555980134986,[0.         0.         0.         0.         0.93938954 0.02020349 0.         0.         0.         0.         0.         0.         0.         0.         0.         0.         0.         0.         0.         0.         0.         0.         0.         0.         0.02020349 0.         0.         0.02020349 0.         0.         0.        ],[0. 0. 0. 0. 1. 1. 0. 0. 0. 0. 0. 0. 0. 0. 0. 0. 0. 0. 0. 0. 0. 0. 0. 0. 1. 0. 0. 1. 0. 0. 0.],4.0,best,1000,100,10,0.9,0.1,0.5,0.1,0.7,0.03,0.06,1,4,,problem_solving
870,-0.008684433126030351,0.10831,0.005005382769192225,0.44800000000000006,0.12878424765366075,0.002729577400943284,[0.         0.         0.         0.         0.93938954 0.02020349 0.         0.         0.         0.         0.         0.         0.         0.         0.         0.         0.         0.         0.         0.         0.         0.         0.         0.         0.02020349 0.         0.         0.02020349 0.         0.         0.        ],[0. 0. 0. 0. 1. 1. 0. 0. 0. 0. 0. 0. 0. 0. 0. 0. 0. 0. 0. 0. 0. 0. 0. 0. 1. 0. 0. 1. 0. 0. 0.],4.0,best,1000,100,10,0.9,0.1,0.5,0.1,0.7,0.03,0.06,1,4,,problem_solving
880,-0.008684433126030351,0.10831,0.005005382769192225,0.45200000000000007,0.12630244702536408,-0.0005091985097625103,[0.         0.         0.         0.         0.93938954 0.02020349 0.         0.         0.         0.         0.         0.         0.         0.         0.         0.         0.         0.         0.         0.         0.         0.         0.         0.         0.02020349 0.         0.         0.02020349 0.         0.         0.        ],[0. 0. 0. 0. 1. 1. 0. 0. 0. 0. 0. 0. 0. 0. 0. 0. 0. 0. 0. 0. 0. 0. 0. 0. 1. 0. 0. 1. 0. 0. 0.],4.0,best,1000,100,10,0.9,0.1,0.5,0.1,0.7,0.03,0.06,1,4,,problem_solving
890,-0.008684433126030351,0.10831,0.005005382769192225,0.45600000000000007,0.12386847316525405,0.004625569145765801,[0.         0.         0.         0.         0.93938954 0.02020349 0.         0.         0.         0.         0.         0.         0.         0.         0.         0.         0.         0.         0.         0.         0.         0.         0.         0.         0.02020349 0.         0.         0.02020349 0.         0.         0.        ],[0. 0. 0. 0. 1. 1. 0. 0. 0. 0. 0. 0. 0. 0. 0. 0. 0. 0. 0. 0. 0. 0. 0. 0. 1. 0. 0. 1. 0. 0. 0.],4.0,best,1000,100,10,0.9,0.1,0.5,0.1,0.7,0.03,0.06,1,4,,problem_solving
900,-0.008684433126030351,0.10831,0.005005382769192225,0.4600000000000001,0.12148140440390671,-0.0009338626726813432,[0.         0.         0.         0.         0.93938954 0.02020349 0.         0.         0.         0.         0.         0.         0.         0.         0.         0.         0.         0.         0.         0.         0.         0.         0.         0.         0.02020349 0.         0.         0.02020349 0.         0.         0.        ],[0. 0. 0. 0. 1. 1. 0. 0. 0. 0. 0. 0. 0. 0. 0. 0. 0. 0. 0. 0. 0. 0. 0. 0. 1. 0. 0. 1. 0. 0. 0.],4.0,best,1000,100,10,0.9,0.1,0.5,0.1,0.7,0.03,0.06,1,4,,problem_solving
910,-0.008684433126030351,0.10831,0.005005382769192225,0.46399999999999997,0.11914033683338536,-0.0008095329645706787,[0.         0.         0.         0.         0.93938954 0.02020349 0.         0.         0.         0.         0.         0.         0.         0.         0.         0.         0.         0.         0.         0.         0.         0.         0.         0.         0.02020349 0.         0.         0.02020349 0.         0.         0.        ],[0. 0. 0. 0. 1. 1. 0. 0. 0. 0. 0. 0. 0. 0. 0. 0. 0. 0. 0. 0. 0. 0. 0. 0. 1. 0. 0. 1. 0. 0. 0.],4.0,best,1000,100,10,0.9,0.1,0.5,0.1,0.7,0.03,0.06,1,4,,problem_solving
920,-0.008684433126030351,0.10831,0.005005382769192225,0.46799999999999997,0.11684438396495887,-0.0009090456265874835,[0.         0.         0.         0.         0.93938954 0.02020349 0.         0.         0.         0.         0.         0.         0.         0.         0.         0.         0.         0.         0.         0.         0.         0.         0.         0.         0.02020349 0.         0.         0.02020349 0.         0.         0.        ],[0. 0. 0. 0. 1. 1. 0. 0. 0. 0. 0. 0. 0. 0. 0. 0. 0. 0. 0. 0. 0. 0. 0. 0. 1. 0. 0. 1. 0. 0. 0.],4.0,best,1000,100,10,0.9,0.1,0.5,0.1,0.7,0.03,0.06,1,4,,problem_solving
930,-0.008684433126030351,0.10831,0.005005382769192225,0.472,0.11459267639341625,-0.004616168795362633,[0.         0.         0.         0.         0.93938954 0.02020349 0.         0.         0.         0.         0.         0.         0.         0.         0.         0.         0.         0.         0.         0.         0.         0.         0.         0.         0.02020349 0.         0.         0.02020349 0.         0.         0.        ],[0. 0. 0. 0. 1. 1. 0. 0. 0. 0. 0. 0. 0. 0. 0. 0. 0. 0. 0. 0. 0. 0. 0. 0. 1. 0. 0. 1. 0. 0. 0.],4.0,best,1000,100,10,0.9,0.1,0.5,0.1,0.7,0.03,0.06,1,4,,problem_solving
940,-0.008684433126030351,0.10831,0.005005382769192225,0.476,0.11238436146785019,0.005332678045712331,[0.         0.         0.         0.         0.93938954 0.02020349 0.         0.         0.         0.         0.         0.         0.         0.         0.         0.         0.         0.         0.         0.         0.         0.         0.         0.         0.02020349 0.         0.         0.02020349 0.         0.         0.        ],[0. 0. 0. 0. 1. 1. 0. 0. 0. 0. 0. 0. 0. 0. 0. 0. 0. 0. 0. 0. 0. 0. 0. 0. 1. 0. 0. 1. 0. 0. 0.],4.0,best,1000,100,10,0.9,0.1,0.5,0.1,0.7,0.03,0.06,1,4,,problem_solving
950,-0.008684433126030351,0.10831,0.005005382769192225,0.48,0.11021860296878504,0.0006508147531292442,[0.         0.         0.         0.         0.93938954 0.02020349 0.         0.         0.         0.         0.         0.         0.         0.         0.         0.         0.         0.         0.         0.         0.         0.         0.         0.         0.02020349 0.         0.         0.02020349 0.         0.         0.        ],[0. 0. 0. 0. 1. 1. 0. 0. 0. 0. 0. 0. 0. 0. 0. 0. 0. 0. 0. 0. 0. 0. 0. 0. 1. 0. 0. 1. 0. 0. 0.],4.0,best,1000,100,10,0.9,0.1,0.5,0.1,0.7,0.03,0.06,1,4,,problem_solving
960,-0.008684433126030351,0.10831,0.005005382769192225,0.484,0.10809458079152667,-0.0023276370135620465,[0.         0.         0.         0.         0.93938954 0.02020349 0.         0.         0.         0.         0.         0.         0.         0.         0.         0.         0.         0.         0.         0.         0.         0.         0.         0.         0.02020349 0.         0.         0.02020349 0.         0.         0.        ],[0. 0. 0. 0. 1. 1. 0. 0. 0. 0. 0. 0. 0. 0. 0. 0. 0. 0. 0. 0. 0. 0. 0. 0. 1. 0. 0. 1. 0. 0. 0.],4.0,best,1000,100,10,0.9,0.1,0.5,0.1,0.7,0.03,0.06,1,4,,problem_solving
970,-0.008684433126030351,0.10831,0.005005382769192225,0.488,0.10601149063561469,-0.0013184520850987441,[0.         0.         0.         0.         0.93938954 0.02020349 0.         0.         0.         0.         0.         0.         0.         0.         0.         0.         0.         0.         0.         0.         0.         0.         0.         0.         0.02020349 0.         0.         0.02020349 0.         0.         0.        ],[0. 0. 0. 0. 1. 1. 0. 0. 0. 0. 0. 0. 0. 0. 0. 0. 0. 0. 0. 0. 0. 0. 0. 0. 1. 0. 0. 1. 0. 0. 0.],4.0,best,1000,100,10,0.9,0.1,0.5,0.1,0.7,0.03,0.06,1,4,,problem_solving
980,-0.008684433126030351,0.10831,0.005005382769192225,0.492,0.10396854370025903,-0.003748765378161428,[0.         0.         0.         0.         0.93938954 0.02020349 0.         0.         0.         0.         0.         0.         0.         0.         0.         0.         0.         0.         0.         0.         0.         0.         0.         0.         0.02020349 0.         0.         0.02020349 0.         0.         0.        ],[0. 0. 0. 0. 1. 1. 0. 0. 0. 0. 0. 0. 0. 0. 0. 0. 0. 0. 0. 0. 0. 0. 0. 0. 1. 0. 0. 1. 0. 0. 0.],4.0,best,1000,100,10,0.9,0.1,0.5,0.1,0.7,0.03,0.06,1,4,,problem_solving
990,-0.008684433126030351,0.10831,0.005005382769192225,0.496,0.10196496638564592,0.0012848608251716186,[0.         0.         0.         0.         0.93938954 0.02020349 0.         0.         0.         0.         0.         0.         0.         0.         0.         0.         0.         0.         0.         0.         0.         0.         0.         0.         0.02020349 0.         0.         0.02020349 0.         0.         0.        ],[0. 0. 0. 0. 1. 1. 0. 0. 0. 0. 0. 0. 0. 0. 0. 0. 0. 0. 0. 0. 0. 0. 0. 0. 1. 0. 0. 1. 0. 0. 0.],4.0,best,1000,100,10,0.9,0.1,0.5,0.1,0.7,0.03,0.06,1,4,,problem_solving
999,-0.008684433126030351,0.10831,0.005005382769192225,0.49960000000000004,0.100194780466086,-0.0019022631896714827,[0.         0.         0.         0.         0.93938954 0.02020349 0.         0.         0.         0.         0.         0.         0.         0.         0.         0.         0.         0.         0.         0.         0.         0.         0.         0.         0.02020349 0.         0.         0.02020349 0.         0.         0.        ],[0. 0. 0. 0. 1. 1. 0. 0. 0. 0. 0. 0. 0. 0. 0. 0. 0. 0. 0. 0. 0. 0. 0. 0. 1. 0. 0. 1. 0. 0. 0.],4.0,best,1000,100,10,0.9,0.1,0.5,0.1,0.7,0.03,0.06,1,4,,problem_solving
