iter,cost,risk,return,par,bw,move,X,Z,Q,pop_init,max_iter,pop_size,mem_size,mem_consider,par_min,par_max,bw_min,bw_max,sigma,lambda,port_n,k,seed,tag,local_search
1,0.004397433836936303,0.149374,0.003966059041733766,0.50004,0.8999471007548476,-0.3693278727617995,[0.         0.         0.         0.         0.87846857 0.         0.         0.01464533 0.         0.         0.01464533 0.01327626 0.01150629 0.0141405  0.         0.         0.         0.01368446 0.         0.         0.         0.         0.         0.         0.         0.         0.         0.01150629 0.         0.01428585 0.01384112],[0. 0. 0. 0. 1. 0. 0. 1. 0. 0. 1. 1. 1. 1. 0. 0. 0. 1. 0. 0. 0. 0. 0. 0. 0. 0. 0. 1. 0. 1. 1.],10.0,best,10000,100000,100,0.9,0.5,0.9,0.5,0.9,3,0.17,1,10,,problem_solving,10
100,0.0009713670124244147,0.147511,0.0038765232768325844,0.504,0.894725436791504,2.838277624103951,[0.01455416 0.         0.01588739 0.         0.84692816 0.         0.         0.01715646 0.         0.         0.         0.         0.01229843 0.         0.         0.         0.         0.         0.         0.02421955 0.         0.         0.01799282 0.         0.01455416 0.01996865 0.         0.01644024 0.         0.         0.        ],[1. 0. 1. 0. 1. 0. 0. 1. 0. 0. 0. 0. 1. 0. 0. 0. 0. 0. 0. 1. 0. 0. 1. 0. 1. 1. 0. 1. 0. 0. 0.],10.0,best,10000,100000,100,0.9,0.5,0.9,0.5,0.9,3,0.17,1,10,,problem_solving,10
200,-0.003001776988932516,0.152019,0.004784604130058682,0.508,0.8894817858241639,0.17185267927384773,[0.         0.         0.         0.         0.88926349 0.         0.         0.01111014 0.         0.         0.01111014 0.01227136 0.         0.         0.         0.         0.         0.         0.         0.01215775 0.         0.         0.         0.01241131 0.01236479 0.01525457 0.         0.01189868 0.         0.         0.01215775],[0. 0. 0. 0. 1. 0. 0. 1. 0. 0. 1. 1. 0. 0. 0. 0. 0. 0. 0. 1. 0. 0. 0. 1. 1. 1. 0. 1. 0. 0. 1.],10.0,best,10000,100000,100,0.9,0.5,0.9,0.5,0.9,3,0.17,1,10,,problem_solving,10
300,-0.003001776988932516,0.152019,0.004784604130058682,0.512,0.8842688659329022,0.8815314061549444,[0.         0.         0.         0.         0.88926349 0.         0.         0.01111014 0.         0.         0.01111014 0.01227136 0.         0.         0.         0.         0.         0.         0.         0.01215775 0.         0.         0.         0.01241131 0.01236479 0.01525457 0.         0.01189868 0.         0.         0.01215775],[0. 0. 0. 0. 1. 0. 0. 1. 0. 0. 1. 1. 0. 0. 0. 0. 0. 0. 0. 1. 0. 0. 0. 1. 1. 1. 0. 1. 0. 0. 1.],10.0,best,10000,100000,100,0.9,0.5,0.9,0.5,0.9,3,0.17,1,10,,problem_solving,10
400,-0.003001776988932516,0.152019,0.004784604130058682,0.516,0.879086497014382,-0.2186363276834502,[0.         0.         0.         0.         0.88926349 0.         0.         0.01111014 0.         0.         0.01111014 0.01227136 0.         0.         0.         0.         0.         0.         0.         0.01215775 0.         0.         0.         0.01241131 0.01236479 0.01525457 0.         0.01189868 0.         0.         0.01215775],[0. 0. 0. 0. 1. 0. 0. 1. 0. 0. 1. 1. 0. 0. 0. 0. 0. 0. 0. 1. 0. 0. 0. 1. 1. 1. 0. 1. 0. 0. 1.],10.0,best,10000,100000,100,0.9,0.5,0.9,0.5,0.9,3,0.17,1,10,,problem_solving,10
500,-0.003001776988932516,0.152019,0.004784604130058682,0.52,0.8739345000207845,5.786426437456548,[0.         0.         0.         0.         0.88926349 0.         0.         0.01111014 0.         0.         0.01111014 0.01227136 0.         0.         0.         0.         0.         0.         0.         0.01215775 0.         0.         0.         0.01241131 0.01236479 0.01525457 0.         0.01189868 0.         0.         0.01215775],[0. 0. 0. 0. 1. 0. 0. 1. 0. 0. 1. 1. 0. 0. 0. 0. 0. 0. 0. 1. 0. 0. 0. 1. 1. 1. 0. 1. 0. 0. 1.],10.0,best,10000,100000,100,0.9,0.5,0.9,0.5,0.9,3,0.17,1,10,,problem_solving,10
600,-0.003001776988932516,0.152019,0.004784604130058682,0.524,0.8688126969536234,-0.8428132058252308,[0.         0.         0.         0.         0.88926349 0.         0.         0.01111014 0.         0.         0.01111014 0.01227136 0.         0.         0.         0.         0.         0.         0.         0.01215775 0.         0.         0.         0.01241131 0.01236479 0.01525457 0.         0.01189868 0.         0.         0.01215775],[0. 0. 0. 0. 1. 0. 0. 1. 0. 0. 1. 1. 0. 0. 0. 0. 0. 0. 0. 1. 0. 0. 0. 1. 1. 1. 0. 1. 0. 0. 1.],10.0,best,10000,100000,100,0.9,0.5,0.9,0.5,0.9,3,0.17,1,10,,problem_solving,10
700,-0.003001776988932516,0.152019,0.004784604130058682,0.528,0.8637209108575947,1.470385666377983,[0.         0.         0.         0.         0.88926349 0.         0.         0.01111014 0.         0.         0.01111014 0.01227136 0.         0.         0.         0.         0.         0.         0.         0.01215775 0.         0.         0.         0.01241131 0.01236479 0.01525457 0.         0.01189868 0.         0.         0.01215775],[0. 0. 0. 0. 1. 0. 0. 1. 0. 0. 1. 1. 0. 0. 0. 0. 0. 0. 0. 1. 0. 0. 0. 1. 1. 1. 0. 1. 0. 0. 1.],10.0,best,10000,100000,100,0.9,0.5,0.9,0.5,0.9,3,0.17,1,10,,problem_solving,10
800,-0.003001776988932516,0.152019,0.004784604130058682,0.532,0.8586589658144633,-3.6772305400624896,[0.         0.         0.         0.         0.88926349 0.         0.         0.01111014 0.         0.         0.01111014 0.01227136 0.         0.         0.         0.         0.         0.         0.         0.01215775 0.         0.         0.         0.01241131 0.01236479 0.01525457 0.         0.01189868 0.         0.         0.01215775],[0. 0. 0. 0. 1. 0. 0. 1. 0. 0. 1. 1. 0. 0. 0. 0. 0. 0. 0. 1. 0. 0. 0. 1. 1. 1. 0. 1. 0. 0. 1.],10.0,best,10000,100000,100,0.9,0.5,0.9,0.5,0.9,3,0.17,1,10,,problem_solving,10
900,-0.003001776988932516,0.152019,0.004784604130058682,0.536,0.8536266869369854,-1.5090614922035503,[0.         0.         0.         0.         0.88926349 0.         0.         0.01111014 0.         0.         0.01111014 0.01227136 0.         0.         0.         0.         0.         0.         0.         0.01215775 0.         0.         0.         0.01241131 0.01236479 0.01525457 0.         0.01189868 0.         0.         0.01215775],[0. 0. 0. 0. 1. 0. 0. 1. 0. 0. 1. 1. 0. 0. 0. 0. 0. 0. 0. 1. 0. 0. 0. 1. 1. 1. 0. 1. 0. 0. 1.],10.0,best,10000,100000,100,0.9,0.5,0.9,0.5,0.9,3,0.17,1,10,,problem_solving,10
1000,-0.003001776988932516,0.152019,0.004784604130058682,0.54,0.8486239003628652,1.0671514143666507,[0.         0.         0.         0.         0.88926349 0.         0.         0.01111014 0.         0.         0.01111014 0.01227136 0.         0.         0.         0.         0.         0.         0.         0.01215775 0.         0.         0.         0.01241131 0.01236479 0.01525457 0.         0.01189868 0.         0.         0.01215775],[0. 0. 0. 0. 1. 0. 0. 1. 0. 0. 1. 1. 0. 0. 0. 0. 0. 0. 0. 1. 0. 0. 0. 1. 1. 1. 0. 1. 0. 0. 1.],10.0,best,10000,100000,100,0.9,0.5,0.9,0.5,0.9,3,0.17,1,10,,problem_solving,10
1100,-0.003001776988932516,0.152019,0.004784604130058682,0.544,0.8436504332487491,-1.2901231000742854,[0.         0.         0.         0.         0.88926349 0.         0.         0.01111014 0.         0.         0.01111014 0.01227136 0.         0.         0.         0.         0.         0.         0.         0.01215775 0.         0.         0.         0.01241131 0.01236479 0.01525457 0.         0.01189868 0.         0.         0.01215775],[0. 0. 0. 0. 1. 0. 0. 1. 0. 0. 1. 1. 0. 0. 0. 0. 0. 0. 0. 1. 0. 0. 0. 1. 1. 1. 0. 1. 0. 0. 1.],10.0,best,10000,100000,100,0.9,0.5,0.9,0.5,0.9,3,0.17,1,10,,problem_solving,10
1200,-0.003001776988932516,0.152019,0.004784604130058682,0.548,0.838706113764254,-0.13624493096399623,[0.         0.         0.         0.         0.88926349 0.         0.         0.01111014 0.         0.         0.01111014 0.01227136 0.         0.         0.         0.         0.         0.         0.         0.01215775 0.         0.         0.         0.01241131 0.01236479 0.01525457 0.         0.01189868 0.         0.         0.01215775],[0. 0. 0. 0. 1. 0. 0. 1. 0. 0. 1. 1. 0. 0. 0. 0. 0. 0. 0. 1. 0. 0. 0. 1. 1. 1. 0. 1. 0. 0. 1.],10.0,best,10000,100000,100,0.9,0.5,0.9,0.5,0.9,3,0.17,1,10,,problem_solving,10
1300,-0.003001776988932516,0.152019,0.004784604130058682,0.552,0.83379077108603,-0.5147487919091532,[0.         0.         0.         0.         0.88926349 0.         0.         0.01111014 0.         0.         0.01111014 0.01227136 0.         0.         0.         0.         0.         0.         0.         0.01215775 0.         0.         0.         0.01241131 0.01236479 0.01525457 0.         0.01189868 0.         0.         0.01215775],[0. 0. 0. 0. 1. 0. 0. 1. 0. 0. 1. 1. 0. 0. 0. 0. 0. 0. 0. 1. 0. 0. 0. 1. 1. 1. 0. 1. 0. 0. 1.],10.0,best,10000,100000,100,0.9,0.5,0.9,0.5,0.9,3,0.17,1,10,,problem_solving,10
1400,-0.003001776988932516,0.152019,0.004784604130058682,0.556,0.828904235391859,-0.23554914294729365,[0.         0.         0.         0.         0.88926349 0.         0.         0.01111014 0.         0.         0.01111014 0.01227136 0.         0.         0.         0.         0.         0.         0.         0.01215775 0.         0.         0.         0.01241131 0.01236479 0.01525457 0.         0.01189868 0.         0.         0.01215775],[0. 0. 0. 0. 1. 0. 0. 1. 0. 0. 1. 1. 0. 0. 0. 0. 0. 0. 0. 1. 0. 0. 0. 1. 1. 1. 0. 1. 0. 0. 1.],10.0,best,10000,100000,100,0.9,0.5,0.9,0.5,0.9,3,0.17,1,10,,problem_solving,10
1500,-0.003001776988932516,0.152019,0.004784604130058682,0.56,0.8240463378547873,-0.011299286687839373,[0.         0.         0.         0.         0.88926349 0.         0.         0.01111014 0.         0.         0.01111014 0.01227136 0.         0.         0.         0.         0.         0.         0.         0.01215775 0.         0.         0.         0.01241131 0.01236479 0.01525457 0.         0.01189868 0.         0.         0.01215775],[0. 0. 0. 0. 1. 0. 0. 1. 0. 0. 1. 1. 0. 0. 0. 0. 0. 0. 0. 1. 0. 0. 0. 1. 1. 1. 0. 1. 0. 0. 1.],10.0,best,10000,100000,100,0.9,0.5,0.9,0.5,0.9,3,0.17,1,10,,problem_solving,10
1600,-0.003001776988932516,0.152019,0.004784604130058682,0.5640000000000001,0.8192169106372932,1.4192846412770628,[0.         0.         0.         0.         0.88926349 0.         0.         0.01111014 0.         0.         0.01111014 0.01227136 0.         0.         0.         0.         0.         0.         0.         0.01215775 0.         0.         0.         0.01241131 0.01236479 0.01525457 0.         0.01189868 0.         0.         0.01215775],[0. 0. 0. 0. 1. 0. 0. 1. 0. 0. 1. 1. 0. 0. 0. 0. 0. 0. 0. 1. 0. 0. 0. 1. 1. 1. 0. 1. 0. 0. 1.],10.0,best,10000,100000,100,0.9,0.5,0.9,0.5,0.9,3,0.17,1,10,,problem_solving,10
1700,-0.003001776988932516,0.152019,0.004784604130058682,0.5680000000000001,0.8144157868854872,1.1882225138799365,[0.         0.         0.         0.         0.88926349 0.         0.         0.01111014 0.         0.         0.01111014 0.01227136 0.         0.         0.         0.         0.         0.         0.         0.01215775 0.         0.         0.         0.01241131 0.01236479 0.01525457 0.         0.01189868 0.         0.         0.01215775],[0. 0. 0. 0. 1. 0. 0. 1. 0. 0. 1. 1. 0. 0. 0. 0. 0. 0. 0. 1. 0. 0. 0. 1. 1. 1. 0. 1. 0. 0. 1.],10.0,best,10000,100000,100,0.9,0.5,0.9,0.5,0.9,3,0.17,1,10,,problem_solving,10
1800,-0.003001776988932516,0.152019,0.004784604130058682,0.5720000000000001,0.8096428007233489,1.3526666305691175,[0.         0.         0.         0.         0.88926349 0.         0.         0.01111014 0.         0.         0.01111014 0.01227136 0.         0.         0.         0.         0.         0.         0.         0.01215775 0.         0.         0.         0.01241131 0.01236479 0.01525457 0.         0.01189868 0.         0.         0.01215775],[0. 0. 0. 0. 1. 0. 0. 1. 0. 0. 1. 1. 0. 0. 0. 0. 0. 0. 0. 1. 0. 0. 0. 1. 1. 1. 0. 1. 0. 0. 1.],10.0,best,10000,100000,100,0.9,0.5,0.9,0.5,0.9,3,0.17,1,10,,problem_solving,10
1900,-0.003001776988932516,0.152019,0.004784604130058682,0.5760000000000001,0.8048977872469943,0.7785931438926498,[0.         0.         0.         0.         0.88926349 0.         0.         0.01111014 0.         0.         0.01111014 0.01227136 0.         0.         0.         0.         0.         0.         0.         0.01215775 0.         0.         0.         0.01241131 0.01236479 0.01525457 0.         0.01189868 0.         0.         0.01215775],[0. 0. 0. 0. 1. 0. 0. 1. 0. 0. 1. 1. 0. 0. 0. 0. 0. 0. 0. 1. 0. 0. 0. 1. 1. 1. 0. 1. 0. 0. 1.],10.0,best,10000,100000,100,0.9,0.5,0.9,0.5,0.9,3,0.17,1,10,,problem_solving,10
2000,-0.003001776988932516,0.152019,0.004784604130058682,0.58,0.80018058251898,-3.6139010045023783,[0.         0.         0.         0.         0.88926349 0.         0.         0.01111014 0.         0.         0.01111014 0.01227136 0.         0.         0.         0.         0.         0.         0.         0.01215775 0.         0.         0.         0.01241131 0.01236479 0.01525457 0.         0.01189868 0.         0.         0.01215775],[0. 0. 0. 0. 1. 0. 0. 1. 0. 0. 1. 1. 0. 0. 0. 0. 0. 0. 0. 1. 0. 0. 0. 1. 1. 1. 0. 1. 0. 0. 1.],10.0,best,10000,100000,100,0.9,0.5,0.9,0.5,0.9,3,0.17,1,10,,problem_solving,10
2100,-0.003001776988932516,0.152019,0.004784604130058682,0.584,0.7954910235626383,1.2227237540256894,[0.         0.         0.         0.         0.88926349 0.         0.         0.01111014 0.         0.         0.01111014 0.01227136 0.         0.         0.         0.         0.         0.         0.         0.01215775 0.         0.         0.         0.01241131 0.01236479 0.01525457 0.         0.01189868 0.         0.         0.01215775],[0. 0. 0. 0. 1. 0. 0. 1. 0. 0. 1. 1. 0. 0. 0. 0. 0. 0. 0. 1. 0. 0. 0. 1. 1. 1. 0. 1. 0. 0. 1.],10.0,best,10000,100000,100,0.9,0.5,0.9,0.5,0.9,3,0.17,1,10,,problem_solving,10
2200,-0.003001776988932516,0.152019,0.004784604130058682,0.588,0.7908289483564468,-0.867811642485442,[0.         0.         0.         0.         0.88926349 0.         0.         0.01111014 0.         0.         0.01111014 0.01227136 0.         0.         0.         0.         0.         0.         0.         0.01215775 0.         0.         0.         0.01241131 0.01236479 0.01525457 0.         0.01189868 0.         0.         0.01215775],[0. 0. 0. 0. 1. 0. 0. 1. 0. 0. 1. 1. 0. 0. 0. 0. 0. 0. 0. 1. 0. 0. 0. 1. 1. 1. 0. 1. 0. 0. 1.],10.0,best,10000,100000,100,0.9,0.5,0.9,0.5,0.9,3,0.17,1,10,,problem_solving,10
2300,-0.003001776988932516,0.152019,0.004784604130058682,0.592,0.7861941958284306,5.835006514971983,[0.         0.         0.         0.         0.88926349 0.         0.         0.01111014 0.         0.         0.01111014 0.01227136 0.         0.         0.         0.         0.         0.         0.         0.01215775 0.         0.         0.         0.01241131 0.01236479 0.01525457 0.         0.01189868 0.         0.         0.01215775],[0. 0. 0. 0. 1. 0. 0. 1. 0. 0. 1. 1. 0. 0. 0. 0. 0. 0. 0. 1. 0. 0. 0. 1. 1. 1. 0. 1. 0. 0. 1.],10.0,best,10000,100000,100,0.9,0.5,0.9,0.5,0.9,3,0.17,1,10,,problem_solving,10
2400,-0.003001776988932516,0.152019,0.004784604130058682,0.596,0.7815866058505976,-0.8310365201899275,[0.         0.         0.         0.         0.88926349 0.         0.         0.01111014 0.         0.         0.01111014 0.01227136 0.         0.         0.         0.         0.         0.         0.         0.01215775 0.         0.         0.         0.01241131 0.01236479 0.01525457 0.         0.01189868 0.         0.         0.01215775],[0. 0. 0. 0. 1. 0. 0. 1. 0. 0. 1. 1. 0. 0. 0. 0. 0. 0. 0. 1. 0. 0. 0. 1. 1. 1. 0. 1. 0. 0. 1.],10.0,best,10000,100000,100,0.9,0.5,0.9,0.5,0.9,3,0.17,1,10,,problem_solving,10
2500,-0.003001776988932516,0.152019,0.004784604130058682,0.6,0.7770060192334055,-3.0724835277428153,[0.         0.         0.         0.         0.88926349 0.         0.         0.01111014 0.         0.         0.01111014 0.01227136 0.         0.         0.         0.         0.         0.         0.         0.01215775 0.         0.         0.         0.01241131 0.01236479 0.01525457 0.         0.01189868 0.         0.         0.01215775],[0. 0. 0. 0. 1. 0. 0. 1. 0. 0. 1. 1. 0. 0. 0. 0. 0. 0. 0. 1. 0. 0. 0. 1. 1. 1. 0. 1. 0. 0. 1.],10.0,best,10000,100000,100,0.9,0.5,0.9,0.5,0.9,3,0.17,1,10,,problem_solving,10
2600,-0.003001776988932516,0.152019,0.004784604130058682,0.604,0.7724522777202627,-1.67199881542434,[0.         0.         0.         0.         0.88926349 0.         0.         0.01111014 0.         0.         0.01111014 0.01227136 0.         0.         0.         0.         0.         0.         0.         0.01215775 0.         0.         0.         0.01241131 0.01236479 0.01525457 0.         0.01189868 0.         0.         0.01215775],[0. 0. 0. 0. 1. 0. 0. 1. 0. 0. 1. 1. 0. 0. 0. 0. 0. 0. 0. 1. 0. 0. 0. 1. 1. 1. 0. 1. 0. 0. 1.],10.0,best,10000,100000,100,0.9,0.5,0.9,0.5,0.9,3,0.17,1,10,,problem_solving,10
2700,-0.003001776988932516,0.152019,0.004784604130058682,0.608,0.7679252239820602,-1.5396429941784289,[0.         0.         0.         0.         0.88926349 0.         0.         0.01111014 0.         0.         0.01111014 0.01227136 0.         0.         0.         0.         0.         0.         0.         0.01215775 0.         0.         0.         0.01241131 0.01236479 0.01525457 0.         0.01189868 0.         0.         0.01215775],[0. 0. 0. 0. 1. 0. 0. 1. 0. 0. 1. 1. 0. 0. 0. 0. 0. 0. 0. 1. 0. 0. 0. 1. 1. 1. 0. 1. 0. 0. 1.],10.0,best,10000,100000,100,0.9,0.5,0.9,0.5,0.9,3,0.17,1,10,,problem_solving,10
2800,-0.003001776988932516,0.152019,0.004784604130058682,0.612,0.7634247016117359,0.35869967984960544,[0.         0.         0.         0.         0.88926349 0.         0.         0.01111014 0.         0.         0.01111014 0.01227136 0.         0.         0.         0.         0.         0.         0.         0.01215775 0.         0.         0.         0.01241131 0.01236479 0.01525457 0.         0.01189868 0.         0.         0.01215775],[0. 0. 0. 0. 1. 0. 0. 1. 0. 0. 1. 1. 0. 0. 0. 0. 0. 0. 0. 1. 0. 0. 0. 1. 1. 1. 0. 1. 0. 0. 1.],10.0,best,10000,100000,100,0.9,0.5,0.9,0.5,0.9,3,0.17,1,10,,problem_solving,10
2900,-0.003001776988932516,0.152019,0.004784604130058682,0.616,0.758950555118871,-0.638098587945645,[0.         0.         0.         0.         0.88926349 0.         0.         0.01111014 0.         0.         0.01111014 0.01227136 0.         0.         0.         0.         0.         0.         0.         0.01215775 0.         0.         0.         0.01241131 0.01236479 0.01525457 0.         0.01189868 0.         0.         0.01215775],[0. 0. 0. 0. 1. 0. 0. 1. 0. 0. 1. 1. 0. 0. 0. 0. 0. 0. 0. 1. 0. 0. 0. 1. 1. 1. 0. 1. 0. 0. 1.],10.0,best,10000,100000,100,0.9,0.5,0.9,0.5,0.9,3,0.17,1,10,,problem_solving,10
3000,-0.003001776988932516,0.152019,0.004784604130058682,0.62,0.754502629924318,-0.6485460576841346,[0.         0.         0.         0.         0.88926349 0.         0.         0.01111014 0.         0.         0.01111014 0.01227136 0.         0.         0.         0.         0.         0.         0.         0.01215775 0.         0.         0.         0.01241131 0.01236479 0.01525457 0.         0.01189868 0.         0.         0.01215775],[0. 0. 0. 0. 1. 0. 0. 1. 0. 0. 1. 1. 0. 0. 0. 0. 0. 0. 0. 1. 0. 0. 0. 1. 1. 1. 0. 1. 0. 0. 1.],10.0,best,10000,100000,100,0.9,0.5,0.9,0.5,0.9,3,0.17,1,10,,problem_solving,10
3100,-0.003001776988932516,0.152019,0.004784604130058682,0.624,0.7500807723548599,-1.2055196008964308,[0.         0.         0.         0.         0.88926349 0.         0.         0.01111014 0.         0.         0.01111014 0.01227136 0.         0.         0.         0.         0.         0.         0.         0.01215775 0.         0.         0.         0.01241131 0.01236479 0.01525457 0.         0.01189868 0.         0.         0.01215775],[0. 0. 0. 0. 1. 0. 0. 1. 0. 0. 1. 1. 0. 0. 0. 0. 0. 0. 0. 1. 0. 0. 0. 1. 1. 1. 0. 1. 0. 0. 1.],10.0,best,10000,100000,100,0.9,0.5,0.9,0.5,0.9,3,0.17,1,10,,problem_solving,10
3200,-0.003001776988932516,0.152019,0.004784604130058682,0.628,0.7456848296379007,-0.4404767492601411,[0.         0.         0.         0.         0.88926349 0.         0.         0.01111014 0.         0.         0.01111014 0.01227136 0.         0.         0.         0.         0.         0.         0.         0.01215775 0.         0.         0.         0.01241131 0.01236479 0.01525457 0.         0.01189868 0.         0.         0.01215775],[0. 0. 0. 0. 1. 0. 0. 1. 0. 0. 1. 1. 0. 0. 0. 0. 0. 0. 0. 1. 0. 0. 0. 1. 1. 1. 0. 1. 0. 0. 1.],10.0,best,10000,100000,100,0.9,0.5,0.9,0.5,0.9,3,0.17,1,10,,problem_solving,10
3300,-0.003001776988932516,0.152019,0.004784604130058682,0.632,0.7413146498961878,1.167678578452563,[0.         0.         0.         0.         0.88926349 0.         0.         0.01111014 0.         0.         0.01111014 0.01227136 0.         0.         0.         0.         0.         0.         0.         0.01215775 0.         0.         0.         0.01241131 0.01236479 0.01525457 0.         0.01189868 0.         0.         0.01215775],[0. 0. 0. 0. 1. 0. 0. 1. 0. 0. 1. 1. 0. 0. 0. 0. 0. 0. 0. 1. 0. 0. 0. 1. 1. 1. 0. 1. 0. 0. 1.],10.0,best,10000,100000,100,0.9,0.5,0.9,0.5,0.9,3,0.17,1,10,,problem_solving,10
3400,-0.003001776988932516,0.152019,0.004784604130058682,0.636,0.7369700821425638,-0.2781828486150237,[0.         0.         0.         0.         0.88926349 0.         0.         0.01111014 0.         0.         0.01111014 0.01227136 0.         0.         0.         0.         0.         0.         0.         0.01215775 0.         0.         0.         0.01241131 0.01236479 0.01525457 0.         0.01189868 0.         0.         0.01215775],[0. 0. 0. 0. 1. 0. 0. 1. 0. 0. 1. 1. 0. 0. 0. 0. 0. 0. 0. 1. 0. 0. 0. 1. 1. 1. 0. 1. 0. 0. 1.],10.0,best,10000,100000,100,0.9,0.5,0.9,0.5,0.9,3,0.17,1,10,,problem_solving,10
3500,-0.003001776988932516,0.152019,0.004784604130058682,0.64,0.7326509762747511,-5.2625618436283865,[0.         0.         0.         0.         0.88926349 0.         0.         0.01111014 0.         0.         0.01111014 0.01227136 0.         0.         0.         0.         0.         0.         0.         0.01215775 0.         0.         0.         0.01241131 0.01236479 0.01525457 0.         0.01189868 0.         0.         0.01215775],[0. 0. 0. 0. 1. 0. 0. 1. 0. 0. 1. 1. 0. 0. 0. 0. 0. 0. 0. 1. 0. 0. 0. 1. 1. 1. 0. 1. 0. 0. 1.],10.0,best,10000,100000,100,0.9,0.5,0.9,0.5,0.9,3,0.17,1,10,,problem_solving,10
3600,-0.003001776988932516,0.152019,0.004784604130058682,0.644,0.7283571830701648,-0.8025506751288009,[0.         0.         0.         0.         0.88926349 0.         0.         0.01111014 0.         0.         0.01111014 0.01227136 0.         0.         0.         0.         0.         0.         0.         0.01215775 0.         0.         0.         0.01241131 0.01236479 0.01525457 0.         0.01189868 0.         0.         0.01215775],[0. 0. 0. 0. 1. 0. 0. 1. 0. 0. 1. 1. 0. 0. 0. 0. 0. 0. 0. 1. 0. 0. 0. 1. 1. 1. 0. 1. 0. 0. 1.],10.0,best,10000,100000,100,0.9,0.5,0.9,0.5,0.9,3,0.17,1,10,,problem_solving,10
3700,-0.003001776988932516,0.152019,0.004784604130058682,0.648,0.7240885541807586,-3.315589363125909,[0.         0.         0.         0.         0.88926349 0.         0.         0.01111014 0.         0.         0.01111014 0.01227136 0.         0.         0.         0.         0.         0.         0.         0.01215775 0.         0.         0.         0.01241131 0.01236479 0.01525457 0.         0.01189868 0.         0.         0.01215775],[0. 0. 0. 0. 1. 0. 0. 1. 0. 0. 1. 1. 0. 0. 0. 0. 0. 0. 0. 1. 0. 0. 0. 1. 1. 1. 0. 1. 0. 0. 1.],10.0,best,10000,100000,100,0.9,0.5,0.9,0.5,0.9,3,0.17,1,10,,problem_solving,10
3800,-0.003001776988932516,0.152019,0.004784604130058682,0.652,0.7198449421278975,-0.06292875746411489,[0.         0.         0.         0.         0.88926349 0.         0.         0.01111014 0.         0.         0.01111014 0.01227136 0.         0.         0.         0.         0.         0.         0.         0.01215775 0.         0.         0.         0.01241131 0.01236479 0.01525457 0.         0.01189868 0.         0.         0.01215775],[0. 0. 0. 0. 1. 0. 0. 1. 0. 0. 1. 1. 0. 0. 0. 0. 0. 0. 0. 1. 0. 0. 0. 1. 1. 1. 0. 1. 0. 0. 1.],10.0,best,10000,100000,100,0.9,0.5,0.9,0.5,0.9,3,0.17,1,10,,problem_solving,10
3900,-0.003001776988932516,0.152019,0.004784604130058682,0.656,0.7156262002972644,1.9906959358437182,[0.         0.         0.         0.         0.88926349 0.         0.         0.01111014 0.         0.         0.01111014 0.01227136 0.         0.         0.         0.         0.         0.         0.         0.01215775 0.         0.         0.         0.01241131 0.01236479 0.01525457 0.         0.01189868 0.         0.         0.01215775],[0. 0. 0. 0. 1. 0. 0. 1. 0. 0. 1. 1. 0. 0. 0. 0. 0. 0. 0. 1. 0. 0. 0. 1. 1. 1. 0. 1. 0. 0. 1.],10.0,best,10000,100000,100,0.9,0.5,0.9,0.5,0.9,3,0.17,1,10,,problem_solving,10
4000,-0.003001776988932516,0.152019,0.004784604130058682,0.66,0.7114321829337936,-2.5361682110080412,[0.         0.         0.         0.         0.88926349 0.         0.         0.01111014 0.         0.         0.01111014 0.01227136 0.         0.         0.         0.         0.         0.         0.         0.01215775 0.         0.         0.         0.01241131 0.01236479 0.01525457 0.         0.01189868 0.         0.         0.01215775],[0. 0. 0. 0. 1. 0. 0. 1. 0. 0. 1. 1. 0. 0. 0. 0. 0. 0. 0. 1. 0. 0. 0. 1. 1. 1. 0. 1. 0. 0. 1.],10.0,best,10000,100000,100,0.9,0.5,0.9,0.5,0.9,3,0.17,1,10,,problem_solving,10
4100,-0.003001776988932516,0.152019,0.004784604130058682,0.664,0.707262745136635,-1.983307433574267,[0.         0.         0.         0.         0.88926349 0.         0.         0.01111014 0.         0.         0.01111014 0.01227136 0.         0.         0.         0.         0.         0.         0.         0.01215775 0.         0.         0.         0.01241131 0.01236479 0.01525457 0.         0.01189868 0.         0.         0.01215775],[0. 0. 0. 0. 1. 0. 0. 1. 0. 0. 1. 1. 0. 0. 0. 0. 0. 0. 0. 1. 0. 0. 0. 1. 1. 1. 0. 1. 0. 0. 1.],10.0,best,10000,100000,100,0.9,0.5,0.9,0.5,0.9,3,0.17,1,10,,problem_solving,10
4200,-0.003001776988932516,0.152019,0.004784604130058682,0.668,0.7031177428541489,-1.0336810544966228,[0.         0.         0.         0.         0.88926349 0.         0.         0.01111014 0.         0.         0.01111014 0.01227136 0.         0.         0.         0.         0.         0.         0.         0.01215775 0.         0.         0.         0.01241131 0.01236479 0.01525457 0.         0.01189868 0.         0.         0.01215775],[0. 0. 0. 0. 1. 0. 0. 1. 0. 0. 1. 1. 0. 0. 0. 0. 0. 0. 0. 1. 0. 0. 0. 1. 1. 1. 0. 1. 0. 0. 1.],10.0,best,10000,100000,100,0.9,0.5,0.9,0.5,0.9,3,0.17,1,10,,problem_solving,10
4300,-0.003001776988932516,0.152019,0.004784604130058682,0.672,0.6989970328789274,-0.030676556402638385,[0.         0.         0.         0.         0.88926349 0.         0.         0.01111014 0.         0.         0.01111014 0.01227136 0.         0.         0.         0.         0.         0.         0.         0.01215775 0.         0.         0.         0.01241131 0.01236479 0.01525457 0.         0.01189868 0.         0.         0.01215775],[0. 0. 0. 0. 1. 0. 0. 1. 0. 0. 1. 1. 0. 0. 0. 0. 0. 0. 0. 1. 0. 0. 0. 1. 1. 1. 0. 1. 0. 0. 1.],10.0,best,10000,100000,100,0.9,0.5,0.9,0.5,0.9,3,0.17,1,10,,problem_solving,10
4400,-0.003001776988932516,0.152019,0.004784604130058682,0.676,0.6949004728428485,-1.292152814301058,[0.         0.         0.         0.         0.88926349 0.         0.         0.01111014 0.         0.         0.01111014 0.01227136 0.         0.         0.         0.         0.         0.         0.         0.01215775 0.         0.         0.         0.01241131 0.01236479 0.01525457 0.         0.01189868 0.         0.         0.01215775],[0. 0. 0. 0. 1. 0. 0. 1. 0. 0. 1. 1. 0. 0. 0. 0. 0. 0. 0. 1. 0. 0. 0. 1. 1. 1. 0. 1. 0. 0. 1.],10.0,best,10000,100000,100,0.9,0.5,0.9,0.5,0.9,3,0.17,1,10,,problem_solving,10
4500,-0.003001776988932516,0.152019,0.004784604130058682,0.68,0.6908279212121557,2.2988508243267214,[0.         0.         0.         0.         0.88926349 0.         0.         0.01111014 0.         0.         0.01111014 0.01227136 0.         0.         0.         0.         0.         0.         0.         0.01215775 0.         0.         0.         0.01241131 0.01236479 0.01525457 0.         0.01189868 0.         0.         0.01215775],[0. 0. 0. 0. 1. 0. 0. 1. 0. 0. 1. 1. 0. 0. 0. 0. 0. 0. 0. 1. 0. 0. 0. 1. 1. 1. 0. 1. 0. 0. 1.],10.0,best,10000,100000,100,0.9,0.5,0.9,0.5,0.9,3,0.17,1,10,,problem_solving,10
4600,-0.003001776988932516,0.152019,0.004784604130058682,0.684,0.6867792372825697,2.7264531134943133,[0.         0.         0.         0.         0.88926349 0.         0.         0.01111014 0.         0.         0.01111014 0.01227136 0.         0.         0.         0.         0.         0.         0.         0.01215775 0.         0.         0.         0.01241131 0.01236479 0.01525457 0.         0.01189868 0.         0.         0.01215775],[0. 0. 0. 0. 1. 0. 0. 1. 0. 0. 1. 1. 0. 0. 0. 0. 0. 0. 0. 1. 0. 0. 0. 1. 1. 1. 0. 1. 0. 0. 1.],10.0,best,10000,100000,100,0.9,0.5,0.9,0.5,0.9,3,0.17,1,10,,problem_solving,10
4700,-0.003001776988932516,0.152019,0.004784604130058682,0.6880000000000001,0.6827542811744257,-0.3196316984337854,[0.         0.         0.         0.         0.88926349 0.         0.         0.01111014 0.         0.         0.01111014 0.01227136 0.         0.         0.         0.         0.         0.         0.         0.01215775 0.         0.         0.         0.01241131 0.01236479 0.01525457 0.         0.01189868 0.         0.         0.01215775],[0. 0. 0. 0. 1. 0. 0. 1. 0. 0. 1. 1. 0. 0. 0. 0. 0. 0. 0. 1. 0. 0. 0. 1. 1. 1. 0. 1. 0. 0. 1.],10.0,best,10000,100000,100,0.9,0.5,0.9,0.5,0.9,3,0.17,1,10,,problem_solving,10
4800,-0.003001776988932516,0.152019,0.004784604130058682,0.692,0.6787529138278414,-0.898590004743347,[0.         0.         0.         0.         0.88926349 0.         0.         0.01111014 0.         0.         0.01111014 0.01227136 0.         0.         0.         0.         0.         0.         0.         0.01215775 0.         0.         0.         0.01241131 0.01236479 0.01525457 0.         0.01189868 0.         0.         0.01215775],[0. 0. 0. 0. 1. 0. 0. 1. 0. 0. 1. 1. 0. 0. 0. 0. 0. 0. 0. 1. 0. 0. 0. 1. 1. 1. 0. 1. 0. 0. 1.],10.0,best,10000,100000,100,0.9,0.5,0.9,0.5,0.9,3,0.17,1,10,,problem_solving,10
4900,-0.003001776988932516,0.152019,0.004784604130058682,0.696,0.6747749969979128,3.132543403697906,[0.         0.         0.         0.         0.88926349 0.         0.         0.01111014 0.         0.         0.01111014 0.01227136 0.         0.         0.         0.         0.         0.         0.         0.01215775 0.         0.         0.         0.01241131 0.01236479 0.01525457 0.         0.01189868 0.         0.         0.01215775],[0. 0. 0. 0. 1. 0. 0. 1. 0. 0. 1. 1. 0. 0. 0. 0. 0. 0. 0. 1. 0. 0. 0. 1. 1. 1. 0. 1. 0. 0. 1.],10.0,best,10000,100000,100,0.9,0.5,0.9,0.5,0.9,3,0.17,1,10,,problem_solving,10
5000,-0.003001776988932516,0.152019,0.004784604130058682,0.7,0.6708203932499369,1.2222687294142838,[0.         0.         0.         0.         0.88926349 0.         0.         0.01111014 0.         0.         0.01111014 0.01227136 0.         0.         0.         0.         0.         0.         0.         0.01215775 0.         0.         0.         0.01241131 0.01236479 0.01525457 0.         0.01189868 0.         0.         0.01215775],[0. 0. 0. 0. 1. 0. 0. 1. 0. 0. 1. 1. 0. 0. 0. 0. 0. 0. 0. 1. 0. 0. 0. 1. 1. 1. 0. 1. 0. 0. 1.],10.0,best,10000,100000,100,0.9,0.5,0.9,0.5,0.9,3,0.17,1,10,,problem_solving,10
5100,-0.003001776988932516,0.152019,0.004784604130058682,0.704,0.6668889659546647,-0.18315688263155921,[0.         0.         0.         0.         0.88926349 0.         0.         0.01111014 0.         0.         0.01111014 0.01227136 0.         0.         0.         0.         0.         0.         0.         0.01215775 0.         0.         0.         0.01241131 0.01236479 0.01525457 0.         0.01189868 0.         0.         0.01215775],[0. 0. 0. 0. 1. 0. 0. 1. 0. 0. 1. 1. 0. 0. 0. 0. 0. 0. 0. 1. 0. 0. 0. 1. 1. 1. 0. 1. 0. 0. 1.],10.0,best,10000,100000,100,0.9,0.5,0.9,0.5,0.9,3,0.17,1,10,,problem_solving,10
5200,-0.003001776988932516,0.152019,0.004784604130058682,0.708,0.6629805792835798,2.703625332329453,[0.         0.         0.         0.         0.88926349 0.         0.         0.01111014 0.         0.         0.01111014 0.01227136 0.         0.         0.         0.         0.         0.         0.         0.01215775 0.         0.         0.         0.01241131 0.01236479 0.01525457 0.         0.01189868 0.         0.         0.01215775],[0. 0. 0. 0. 1. 0. 0. 1. 0. 0. 1. 1. 0. 0. 0. 0. 0. 0. 0. 1. 0. 0. 0. 1. 1. 1. 0. 1. 0. 0. 1.],10.0,best,10000,100000,100,0.9,0.5,0.9,0.5,0.9,3,0.17,1,10,,problem_solving,10
5300,-0.003001776988932516,0.152019,0.004784604130058682,0.712,0.6590950982042058,2.8338336719319765,[0.         0.         0.         0.         0.88926349 0.         0.         0.01111014 0.         0.         0.01111014 0.01227136 0.         0.         0.         0.         0.         0.         0.         0.01215775 0.         0.         0.         0.01241131 0.01236479 0.01525457 0.         0.01189868 0.         0.         0.01215775],[0. 0. 0. 0. 1. 0. 0. 1. 0. 0. 1. 1. 0. 0. 0. 0. 0. 0. 0. 1. 0. 0. 0. 1. 1. 1. 0. 1. 0. 0. 1.],10.0,best,10000,100000,100,0.9,0.5,0.9,0.5,0.9,3,0.17,1,10,,problem_solving,10
5400,-0.003001776988932516,0.152019,0.004784604130058682,0.716,0.6552323884754414,-0.944879374497516,[0.         0.         0.         0.         0.88926349 0.         0.         0.01111014 0.         0.         0.01111014 0.01227136 0.         0.         0.         0.         0.         0.         0.         0.01215775 0.         0.         0.         0.01241131 0.01236479 0.01525457 0.         0.01189868 0.         0.         0.01215775],[0. 0. 0. 0. 1. 0. 0. 1. 0. 0. 1. 1. 0. 0. 0. 0. 0. 0. 0. 1. 0. 0. 0. 1. 1. 1. 0. 1. 0. 0. 1.],10.0,best,10000,100000,100,0.9,0.5,0.9,0.5,0.9,3,0.17,1,10,,problem_solving,10
5500,-0.003001776988932516,0.152019,0.004784604130058682,0.72,0.651392316642922,-3.119229776887076,[0.         0.         0.         0.         0.88926349 0.         0.         0.01111014 0.         0.         0.01111014 0.01227136 0.         0.         0.         0.         0.         0.         0.         0.01215775 0.         0.         0.         0.01241131 0.01236479 0.01525457 0.         0.01189868 0.         0.         0.01215775],[0. 0. 0. 0. 1. 0. 0. 1. 0. 0. 1. 1. 0. 0. 0. 0. 0. 0. 0. 1. 0. 0. 0. 1. 1. 1. 0. 1. 0. 0. 1.],10.0,best,10000,100000,100,0.9,0.5,0.9,0.5,0.9,3,0.17,1,10,,problem_solving,10
5600,-0.003001776988932516,0.152019,0.004784604130058682,0.724,0.6475747500344088,0.32263022002820546,[0.         0.         0.         0.         0.88926349 0.         0.         0.01111014 0.         0.         0.01111014 0.01227136 0.         0.         0.         0.         0.         0.         0.         0.01215775 0.         0.         0.         0.01241131 0.01236479 0.01525457 0.         0.01189868 0.         0.         0.01215775],[0. 0. 0. 0. 1. 0. 0. 1. 0. 0. 1. 1. 0. 0. 0. 0. 0. 0. 0. 1. 0. 0. 0. 1. 1. 1. 0. 1. 0. 0. 1.],10.0,best,10000,100000,100,0.9,0.5,0.9,0.5,0.9,3,0.17,1,10,,problem_solving,10
5700,-0.003001776988932516,0.152019,0.004784604130058682,0.728,0.643779556755206,0.4331499003254111,[0.         0.         0.         0.         0.88926349 0.         0.         0.01111014 0.         0.         0.01111014 0.01227136 0.         0.         0.         0.         0.         0.         0.         0.01215775 0.         0.         0.         0.01241131 0.01236479 0.01525457 0.         0.01189868 0.         0.         0.01215775],[0. 0. 0. 0. 1. 0. 0. 1. 0. 0. 1. 1. 0. 0. 0. 0. 0. 0. 0. 1. 0. 0. 0. 1. 1. 1. 0. 1. 0. 0. 1.],10.0,best,10000,100000,100,0.9,0.5,0.9,0.5,0.9,3,0.17,1,10,,problem_solving,10
5800,-0.003001776988932516,0.152019,0.004784604130058682,0.732,0.6400066056836028,2.823564321172018,[0.         0.         0.         0.         0.88926349 0.         0.         0.01111014 0.         0.         0.01111014 0.01227136 0.         0.         0.         0.         0.         0.         0.         0.01215775 0.         0.         0.         0.01241131 0.01236479 0.01525457 0.         0.01189868 0.         0.         0.01215775],[0. 0. 0. 0. 1. 0. 0. 1. 0. 0. 1. 1. 0. 0. 0. 0. 0. 0. 0. 1. 0. 0. 0. 1. 1. 1. 0. 1. 0. 0. 1.],10.0,best,10000,100000,100,0.9,0.5,0.9,0.5,0.9,3,0.17,1,10,,problem_solving,10
5900,-0.003001776988932516,0.152019,0.004784604130058682,0.736,0.6362557664663436,4.4607612953234534,[0.         0.         0.         0.         0.88926349 0.         0.         0.01111014 0.         0.         0.01111014 0.01227136 0.         0.         0.         0.         0.         0.         0.         0.01215775 0.         0.         0.         0.01241131 0.01236479 0.01525457 0.         0.01189868 0.         0.         0.01215775],[0. 0. 0. 0. 1. 0. 0. 1. 0. 0. 1. 1. 0. 0. 0. 0. 0. 0. 0. 1. 0. 0. 0. 1. 1. 1. 0. 1. 0. 0. 1.],10.0,best,10000,100000,100,0.9,0.5,0.9,0.5,0.9,3,0.17,1,10,,problem_solving,10
6000,-0.003001776988932516,0.152019,0.004784604130058682,0.74,0.6325269095141249,-1.3455080416284273,[0.         0.         0.         0.         0.88926349 0.         0.         0.01111014 0.         0.         0.01111014 0.01227136 0.         0.         0.         0.         0.         0.         0.         0.01215775 0.         0.         0.         0.01241131 0.01236479 0.01525457 0.         0.01189868 0.         0.         0.01215775],[0. 0. 0. 0. 1. 0. 0. 1. 0. 0. 1. 1. 0. 0. 0. 0. 0. 0. 0. 1. 0. 0. 0. 1. 1. 1. 0. 1. 0. 0. 1.],10.0,best,10000,100000,100,0.9,0.5,0.9,0.5,0.9,3,0.17,1,10,,problem_solving,10
6100,-0.003001776988932516,0.152019,0.004784604130058682,0.744,0.6288199059971172,-3.7439319903765482,[0.         0.         0.         0.         0.88926349 0.         0.         0.01111014 0.         0.         0.01111014 0.01227136 0.         0.         0.         0.         0.         0.         0.         0.01215775 0.         0.         0.         0.01241131 0.01236479 0.01525457 0.         0.01189868 0.         0.         0.01215775],[0. 0. 0. 0. 1. 0. 0. 1. 0. 0. 1. 1. 0. 0. 0. 0. 0. 0. 0. 1. 0. 0. 0. 1. 1. 1. 0. 1. 0. 0. 1.],10.0,best,10000,100000,100,0.9,0.5,0.9,0.5,0.9,3,0.17,1,10,,problem_solving,10
6200,-0.003001776988932516,0.152019,0.004784604130058682,0.748,0.6251346278405147,-0.5229138774932552,[0.         0.         0.         0.         0.88926349 0.         0.         0.01111014 0.         0.         0.01111014 0.01227136 0.         0.         0.         0.         0.         0.         0.         0.01215775 0.         0.         0.         0.01241131 0.01236479 0.01525457 0.         0.01189868 0.         0.         0.01215775],[0. 0. 0. 0. 1. 0. 0. 1. 0. 0. 1. 1. 0. 0. 0. 0. 0. 0. 0. 1. 0. 0. 0. 1. 1. 1. 0. 1. 0. 0. 1.],10.0,best,10000,100000,100,0.9,0.5,0.9,0.5,0.9,3,0.17,1,10,,problem_solving,10
6300,-0.003001776988932516,0.152019,0.004784604130058682,0.752,0.6214709477201097,-2.7468524849289375,[0.         0.         0.         0.         0.88926349 0.         0.         0.01111014 0.         0.         0.01111014 0.01227136 0.         0.         0.         0.         0.         0.         0.         0.01215775 0.         0.         0.         0.01241131 0.01236479 0.01525457 0.         0.01189868 0.         0.         0.01215775],[0. 0. 0. 0. 1. 0. 0. 1. 0. 0. 1. 1. 0. 0. 0. 0. 0. 0. 0. 1. 0. 0. 0. 1. 1. 1. 0. 1. 0. 0. 1.],10.0,best,10000,100000,100,0.9,0.5,0.9,0.5,0.9,3,0.17,1,10,,problem_solving,10
6400,-0.003001776988932516,0.152019,0.004784604130058682,0.756,0.6178287390578946,-3.1542853965504287,[0.         0.         0.         0.         0.88926349 0.         0.         0.01111014 0.         0.         0.01111014 0.01227136 0.         0.         0.         0.         0.         0.         0.         0.01215775 0.         0.         0.         0.01241131 0.01236479 0.01525457 0.         0.01189868 0.         0.         0.01215775],[0. 0. 0. 0. 1. 0. 0. 1. 0. 0. 1. 1. 0. 0. 0. 0. 0. 0. 0. 1. 0. 0. 0. 1. 1. 1. 0. 1. 0. 0. 1.],10.0,best,10000,100000,100,0.9,0.5,0.9,0.5,0.9,3,0.17,1,10,,problem_solving,10
6500,-0.003001776988932516,0.152019,0.004784604130058682,0.76,0.6142078760176876,-0.38327464821008084,[0.         0.         0.         0.         0.88926349 0.         0.         0.01111014 0.         0.         0.01111014 0.01227136 0.         0.         0.         0.         0.         0.         0.         0.01215775 0.         0.         0.         0.01241131 0.01236479 0.01525457 0.         0.01189868 0.         0.         0.01215775],[0. 0. 0. 0. 1. 0. 0. 1. 0. 0. 1. 1. 0. 0. 0. 0. 0. 0. 0. 1. 0. 0. 0. 1. 1. 1. 0. 1. 0. 0. 1.],10.0,best,10000,100000,100,0.9,0.5,0.9,0.5,0.9,3,0.17,1,10,,problem_solving,10
6600,-0.003001776988932516,0.152019,0.004784604130058682,0.764,0.6106082335007861,2.8569609497315382,[0.         0.         0.         0.         0.88926349 0.         0.         0.01111014 0.         0.         0.01111014 0.01227136 0.         0.         0.         0.         0.         0.         0.         0.01215775 0.         0.         0.         0.01241131 0.01236479 0.01525457 0.         0.01189868 0.         0.         0.01215775],[0. 0. 0. 0. 1. 0. 0. 1. 0. 0. 1. 1. 0. 0. 0. 0. 0. 0. 0. 1. 0. 0. 0. 1. 1. 1. 0. 1. 0. 0. 1.],10.0,best,10000,100000,100,0.9,0.5,0.9,0.5,0.9,3,0.17,1,10,,problem_solving,10
6700,-0.003001776988932516,0.152019,0.004784604130058682,0.768,0.6070296871416437,0.7185918892923452,[0.         0.         0.         0.         0.88926349 0.         0.         0.01111014 0.         0.         0.01111014 0.01227136 0.         0.         0.         0.         0.         0.         0.         0.01215775 0.         0.         0.         0.01241131 0.01236479 0.01525457 0.         0.01189868 0.         0.         0.01215775],[0. 0. 0. 0. 1. 0. 0. 1. 0. 0. 1. 1. 0. 0. 0. 0. 0. 0. 0. 1. 0. 0. 0. 1. 1. 1. 0. 1. 0. 0. 1.],10.0,best,10000,100000,100,0.9,0.5,0.9,0.5,0.9,3,0.17,1,10,,problem_solving,10
6800,-0.003001776988932516,0.152019,0.004784604130058682,0.772,0.6034721133035746,-1.2934627418975702,[0.         0.         0.         0.         0.88926349 0.         0.         0.01111014 0.         0.         0.01111014 0.01227136 0.         0.         0.         0.         0.         0.         0.         0.01215775 0.         0.         0.         0.01241131 0.01236479 0.01525457 0.         0.01189868 0.         0.         0.01215775],[0. 0. 0. 0. 1. 0. 0. 1. 0. 0. 1. 1. 0. 0. 0. 0. 0. 0. 0. 1. 0. 0. 0. 1. 1. 1. 0. 1. 0. 0. 1.],10.0,best,10000,100000,100,0.9,0.5,0.9,0.5,0.9,3,0.17,1,10,,problem_solving,10
6900,-0.003001776988932516,0.152019,0.004784604130058682,0.776,0.5999353890744809,1.742130932623881,[0.         0.         0.         0.         0.88926349 0.         0.         0.01111014 0.         0.         0.01111014 0.01227136 0.         0.         0.         0.         0.         0.         0.         0.01215775 0.         0.         0.         0.01241131 0.01236479 0.01525457 0.         0.01189868 0.         0.         0.01215775],[0. 0. 0. 0. 1. 0. 0. 1. 0. 0. 1. 1. 0. 0. 0. 0. 0. 0. 0. 1. 0. 0. 0. 1. 1. 1. 0. 1. 0. 0. 1.],10.0,best,10000,100000,100,0.9,0.5,0.9,0.5,0.9,3,0.17,1,10,,problem_solving,10
7000,-0.003001776988932516,0.152019,0.004784604130058682,0.78,0.5964193922626064,0.11706455880376905,[0.         0.         0.         0.         0.88926349 0.         0.         0.01111014 0.         0.         0.01111014 0.01227136 0.         0.         0.         0.         0.         0.         0.         0.01215775 0.         0.         0.         0.01241131 0.01236479 0.01525457 0.         0.01189868 0.         0.         0.01215775],[0. 0. 0. 0. 1. 0. 0. 1. 0. 0. 1. 1. 0. 0. 0. 0. 0. 0. 0. 1. 0. 0. 0. 1. 1. 1. 0. 1. 0. 0. 1.],10.0,best,10000,100000,100,0.9,0.5,0.9,0.5,0.9,3,0.17,1,10,,problem_solving,10
7100,-0.003001776988932516,0.152019,0.004784604130058682,0.784,0.5929240013923155,-1.1355009231820974,[0.         0.         0.         0.         0.88926349 0.         0.         0.01111014 0.         0.         0.01111014 0.01227136 0.         0.         0.         0.         0.         0.         0.         0.01215775 0.         0.         0.         0.01241131 0.01236479 0.01525457 0.         0.01189868 0.         0.         0.01215775],[0. 0. 0. 0. 1. 0. 0. 1. 0. 0. 1. 1. 0. 0. 0. 0. 0. 0. 0. 1. 0. 0. 0. 1. 1. 1. 0. 1. 0. 0. 1.],10.0,best,10000,100000,100,0.9,0.5,0.9,0.5,0.9,3,0.17,1,10,,problem_solving,10
7200,-0.003001776988932516,0.152019,0.004784604130058682,0.788,0.5894490956998952,1.389538748843554,[0.         0.         0.         0.         0.88926349 0.         0.         0.01111014 0.         0.         0.01111014 0.01227136 0.         0.         0.         0.         0.         0.         0.         0.01215775 0.         0.         0.         0.01241131 0.01236479 0.01525457 0.         0.01189868 0.         0.         0.01215775],[0. 0. 0. 0. 1. 0. 0. 1. 0. 0. 1. 1. 0. 0. 0. 0. 0. 0. 0. 1. 0. 0. 0. 1. 1. 1. 0. 1. 0. 0. 1.],10.0,best,10000,100000,100,0.9,0.5,0.9,0.5,0.9,3,0.17,1,10,,problem_solving,10
7300,-0.003001776988932516,0.152019,0.004784604130058682,0.792,0.5859945551293843,-1.0466152379567968,[0.         0.         0.         0.         0.88926349 0.         0.         0.01111014 0.         0.         0.01111014 0.01227136 0.         0.         0.         0.         0.         0.         0.         0.01215775 0.         0.         0.         0.01241131 0.01236479 0.01525457 0.         0.01189868 0.         0.         0.01215775],[0. 0. 0. 0. 1. 0. 0. 1. 0. 0. 1. 1. 0. 0. 0. 0. 0. 0. 0. 1. 0. 0. 0. 1. 1. 1. 0. 1. 0. 0. 1.],10.0,best,10000,100000,100,0.9,0.5,0.9,0.5,0.9,3,0.17,1,10,,problem_solving,10
7400,-0.003001776988932516,0.152019,0.004784604130058682,0.796,0.5825602603284237,-1.4086069313693732,[0.         0.         0.         0.         0.88926349 0.         0.         0.01111014 0.         0.         0.01111014 0.01227136 0.         0.         0.         0.         0.         0.         0.         0.01215775 0.         0.         0.         0.01241131 0.01236479 0.01525457 0.         0.01189868 0.         0.         0.01215775],[0. 0. 0. 0. 1. 0. 0. 1. 0. 0. 1. 1. 0. 0. 0. 0. 0. 0. 0. 1. 0. 0. 0. 1. 1. 1. 0. 1. 0. 0. 1.],10.0,best,10000,100000,100,0.9,0.5,0.9,0.5,0.9,3,0.17,1,10,,problem_solving,10
7500,-0.003001776988932516,0.152019,0.004784604130058682,0.8,0.5791460926441345,-1.4671199795073817,[0.         0.         0.         0.         0.88926349 0.         0.         0.01111014 0.         0.         0.01111014 0.01227136 0.         0.         0.         0.         0.         0.         0.         0.01215775 0.         0.         0.         0.01241131 0.01236479 0.01525457 0.         0.01189868 0.         0.         0.01215775],[0. 0. 0. 0. 1. 0. 0. 1. 0. 0. 1. 1. 0. 0. 0. 0. 0. 0. 0. 1. 0. 0. 0. 1. 1. 1. 0. 1. 0. 0. 1.],10.0,best,10000,100000,100,0.9,0.5,0.9,0.5,0.9,3,0.17,1,10,,problem_solving,10
7600,-0.003001776988932516,0.152019,0.004784604130058682,0.804,0.5757519341190179,-0.9158784506257528,[0.         0.         0.         0.         0.88926349 0.         0.         0.01111014 0.         0.         0.01111014 0.01227136 0.         0.         0.         0.         0.         0.         0.         0.01215775 0.         0.         0.         0.01241131 0.01236479 0.01525457 0.         0.01189868 0.         0.         0.01215775],[0. 0. 0. 0. 1. 0. 0. 1. 0. 0. 1. 1. 0. 0. 0. 0. 0. 0. 0. 1. 0. 0. 0. 1. 1. 1. 0. 1. 0. 0. 1.],10.0,best,10000,100000,100,0.9,0.5,0.9,0.5,0.9,3,0.17,1,10,,problem_solving,10
7700,-0.003001776988932516,0.152019,0.004784604130058682,0.808,0.5723776674868795,-1.783330447049794,[0.         0.         0.         0.         0.88926349 0.         0.         0.01111014 0.         0.         0.01111014 0.01227136 0.         0.         0.         0.         0.         0.         0.         0.01215775 0.         0.         0.         0.01241131 0.01236479 0.01525457 0.         0.01189868 0.         0.         0.01215775],[0. 0. 0. 0. 1. 0. 0. 1. 0. 0. 1. 1. 0. 0. 0. 0. 0. 0. 0. 1. 0. 0. 0. 1. 1. 1. 0. 1. 0. 0. 1.],10.0,best,10000,100000,100,0.9,0.5,0.9,0.5,0.9,3,0.17,1,10,,problem_solving,10
7800,-0.003001776988932516,0.152019,0.004784604130058682,0.812,0.5690231761687783,-2.816745293126848,[0.         0.         0.         0.         0.88926349 0.         0.         0.01111014 0.         0.         0.01111014 0.01227136 0.         0.         0.         0.         0.         0.         0.         0.01215775 0.         0.         0.         0.01241131 0.01236479 0.01525457 0.         0.01189868 0.         0.         0.01215775],[0. 0. 0. 0. 1. 0. 0. 1. 0. 0. 1. 1. 0. 0. 0. 0. 0. 0. 0. 1. 0. 0. 0. 1. 1. 1. 0. 1. 0. 0. 1.],10.0,best,10000,100000,100,0.9,0.5,0.9,0.5,0.9,3,0.17,1,10,,problem_solving,10
7900,-0.003001776988932516,0.152019,0.004784604130058682,0.8160000000000001,0.5656883442689989,2.346578778127204,[0.         0.         0.         0.         0.88926349 0.         0.         0.01111014 0.         0.         0.01111014 0.01227136 0.         0.         0.         0.         0.         0.         0.         0.01215775 0.         0.         0.         0.01241131 0.01236479 0.01525457 0.         0.01189868 0.         0.         0.01215775],[0. 0. 0. 0. 1. 0. 0. 1. 0. 0. 1. 1. 0. 0. 0. 0. 0. 0. 0. 1. 0. 0. 0. 1. 1. 1. 0. 1. 0. 0. 1.],10.0,best,10000,100000,100,0.9,0.5,0.9,0.5,0.9,3,0.17,1,10,,problem_solving,10
8000,-0.003001776988932516,0.152019,0.004784604130058682,0.8200000000000001,0.5623730565710474,2.9373020353939148,[0.         0.         0.         0.         0.88926349 0.         0.         0.01111014 0.         0.         0.01111014 0.01227136 0.         0.         0.         0.         0.         0.         0.         0.01215775 0.         0.         0.         0.01241131 0.01236479 0.01525457 0.         0.01189868 0.         0.         0.01215775],[0. 0. 0. 0. 1. 0. 0. 1. 0. 0. 1. 1. 0. 0. 0. 0. 0. 0. 0. 1. 0. 0. 0. 1. 1. 1. 0. 1. 0. 0. 1.],10.0,best,10000,100000,100,0.9,0.5,0.9,0.5,0.9,3,0.17,1,10,,problem_solving,10
8100,-0.003001776988932516,0.152019,0.004784604130058682,0.8240000000000001,0.5590771985336705,-3.764211735760906,[0.         0.         0.         0.         0.88926349 0.         0.         0.01111014 0.         0.         0.01111014 0.01227136 0.         0.         0.         0.         0.         0.         0.         0.01215775 0.         0.         0.         0.01241131 0.01236479 0.01525457 0.         0.01189868 0.         0.         0.01215775],[0. 0. 0. 0. 1. 0. 0. 1. 0. 0. 1. 1. 0. 0. 0. 0. 0. 0. 0. 1. 0. 0. 0. 1. 1. 1. 0. 1. 0. 0. 1.],10.0,best,10000,100000,100,0.9,0.5,0.9,0.5,0.9,3,0.17,1,10,,problem_solving,10
8200,-0.003001776988932516,0.152019,0.004784604130058682,0.8280000000000001,0.5558006562868987,0.8613167214581163,[0.         0.         0.         0.         0.88926349 0.         0.         0.01111014 0.         0.         0.01111014 0.01227136 0.         0.         0.         0.         0.         0.         0.         0.01215775 0.         0.         0.         0.01241131 0.01236479 0.01525457 0.         0.01189868 0.         0.         0.01215775],[0. 0. 0. 0. 1. 0. 0. 1. 0. 0. 1. 1. 0. 0. 0. 0. 0. 0. 0. 1. 0. 0. 0. 1. 1. 1. 0. 1. 0. 0. 1.],10.0,best,10000,100000,100,0.9,0.5,0.9,0.5,0.9,3,0.17,1,10,,problem_solving,10
8300,-0.003001776988932516,0.152019,0.004784604130058682,0.8320000000000001,0.5525433166281111,4.638314121778346,[0.         0.         0.         0.         0.88926349 0.         0.         0.01111014 0.         0.         0.01111014 0.01227136 0.         0.         0.         0.         0.         0.         0.         0.01215775 0.         0.         0.         0.01241131 0.01236479 0.01525457 0.         0.01189868 0.         0.         0.01215775],[0. 0. 0. 0. 1. 0. 0. 1. 0. 0. 1. 1. 0. 0. 0. 0. 0. 0. 0. 1. 0. 0. 0. 1. 1. 1. 0. 1. 0. 0. 1.],10.0,best,10000,100000,100,0.9,0.5,0.9,0.5,0.9,3,0.17,1,10,,problem_solving,10
8400,-0.003001776988932516,0.152019,0.004784604130058682,0.8360000000000001,0.5493050670181255,-1.1947143684053907,[0.         0.         0.         0.         0.88926349 0.         0.         0.01111014 0.         0.         0.01111014 0.01227136 0.         0.         0.         0.         0.         0.         0.         0.01215775 0.         0.         0.         0.01241131 0.01236479 0.01525457 0.         0.01189868 0.         0.         0.01215775],[0. 0. 0. 0. 1. 0. 0. 1. 0. 0. 1. 1. 0. 0. 0. 0. 0. 0. 0. 1. 0. 0. 0. 1. 1. 1. 0. 1. 0. 0. 1.],10.0,best,10000,100000,100,0.9,0.5,0.9,0.5,0.9,3,0.17,1,10,,problem_solving,10
8500,-0.003001776988932516,0.152019,0.004784604130058682,0.8400000000000001,0.5460857955773097,1.7405531944663122,[0.         0.         0.         0.         0.88926349 0.         0.         0.01111014 0.         0.         0.01111014 0.01227136 0.         0.         0.         0.         0.         0.         0.         0.01215775 0.         0.         0.         0.01241131 0.01236479 0.01525457 0.         0.01189868 0.         0.         0.01215775],[0. 0. 0. 0. 1. 0. 0. 1. 0. 0. 1. 1. 0. 0. 0. 0. 0. 0. 0. 1. 0. 0. 0. 1. 1. 1. 0. 1. 0. 0. 1.],10.0,best,10000,100000,100,0.9,0.5,0.9,0.5,0.9,3,0.17,1,10,,problem_solving,10
8600,-0.003001776988932516,0.152019,0.004784604130058682,0.8440000000000001,0.542885391081716,0.7441458043140495,[0.         0.         0.         0.         0.88926349 0.         0.         0.01111014 0.         0.         0.01111014 0.01227136 0.         0.         0.         0.         0.         0.         0.         0.01215775 0.         0.         0.         0.01241131 0.01236479 0.01525457 0.         0.01189868 0.         0.         0.01215775],[0. 0. 0. 0. 1. 0. 0. 1. 0. 0. 1. 1. 0. 0. 0. 0. 0. 0. 0. 1. 0. 0. 0. 1. 1. 1. 0. 1. 0. 0. 1.],10.0,best,10000,100000,100,0.9,0.5,0.9,0.5,0.9,3,0.17,1,10,,problem_solving,10
8700,-0.003001776988932516,0.152019,0.004784604130058682,0.8480000000000001,0.5397037429592386,-1.2514353933856297,[0.         0.         0.         0.         0.88926349 0.         0.         0.01111014 0.         0.         0.01111014 0.01227136 0.         0.         0.         0.         0.         0.         0.         0.01215775 0.         0.         0.         0.01241131 0.01236479 0.01525457 0.         0.01189868 0.         0.         0.01215775],[0. 0. 0. 0. 1. 0. 0. 1. 0. 0. 1. 1. 0. 0. 0. 0. 0. 0. 0. 1. 0. 0. 0. 1. 1. 1. 0. 1. 0. 0. 1.],10.0,best,10000,100000,100,0.9,0.5,0.9,0.5,0.9,3,0.17,1,10,,problem_solving,10
8800,-0.003001776988932516,0.152019,0.004784604130058682,0.8520000000000001,0.5365407412857937,-0.40753659837505607,[0.         0.         0.         0.         0.88926349 0.         0.         0.01111014 0.         0.         0.01111014 0.01227136 0.         0.         0.         0.         0.         0.         0.         0.01215775 0.         0.         0.         0.01241131 0.01236479 0.01525457 0.         0.01189868 0.         0.         0.01215775],[0. 0. 0. 0. 1. 0. 0. 1. 0. 0. 1. 1. 0. 0. 0. 0. 0. 0. 0. 1. 0. 0. 0. 1. 1. 1. 0. 1. 0. 0. 1.],10.0,best,10000,100000,100,0.9,0.5,0.9,0.5,0.9,3,0.17,1,10,,problem_solving,10
8900,-0.003001776988932516,0.152019,0.004784604130058682,0.8560000000000001,0.5333962767815211,-2.710125944787435,[0.         0.         0.         0.         0.88926349 0.         0.         0.01111014 0.         0.         0.01111014 0.01227136 0.         0.         0.         0.         0.         0.         0.         0.01215775 0.         0.         0.         0.01241131 0.01236479 0.01525457 0.         0.01189868 0.         0.         0.01215775],[0. 0. 0. 0. 1. 0. 0. 1. 0. 0. 1. 1. 0. 0. 0. 0. 0. 0. 0. 1. 0. 0. 0. 1. 1. 1. 0. 1. 0. 0. 1.],10.0,best,10000,100000,100,0.9,0.5,0.9,0.5,0.9,3,0.17,1,10,,problem_solving,10
9000,-0.003001776988932516,0.152019,0.004784604130058682,0.8600000000000001,0.5302702408070095,-1.8551580739227167,[0.         0.         0.         0.         0.88926349 0.         0.         0.01111014 0.         0.         0.01111014 0.01227136 0.         0.         0.         0.         0.         0.         0.         0.01215775 0.         0.         0.         0.01241131 0.01236479 0.01525457 0.         0.01189868 0.         0.         0.01215775],[0. 0. 0. 0. 1. 0. 0. 1. 0. 0. 1. 1. 0. 0. 0. 0. 0. 0. 0. 1. 0. 0. 0. 1. 1. 1. 0. 1. 0. 0. 1.],10.0,best,10000,100000,100,0.9,0.5,0.9,0.5,0.9,3,0.17,1,10,,problem_solving,10
9100,-0.003001776988932516,0.152019,0.004784604130058682,0.8640000000000001,0.5271625253595416,1.1165197291889137,[0.         0.         0.         0.         0.88926349 0.         0.         0.01111014 0.         0.         0.01111014 0.01227136 0.         0.         0.         0.         0.         0.         0.         0.01215775 0.         0.         0.         0.01241131 0.01236479 0.01525457 0.         0.01189868 0.         0.         0.01215775],[0. 0. 0. 0. 1. 0. 0. 1. 0. 0. 1. 1. 0. 0. 0. 0. 0. 0. 0. 1. 0. 0. 0. 1. 1. 1. 0. 1. 0. 0. 1.],10.0,best,10000,100000,100,0.9,0.5,0.9,0.5,0.9,3,0.17,1,10,,problem_solving,10
9200,-0.003001776988932516,0.152019,0.004784604130058682,0.8680000000000001,0.5240730230693647,-0.6955230720291421,[0.         0.         0.         0.         0.88926349 0.         0.         0.01111014 0.         0.         0.01111014 0.01227136 0.         0.         0.         0.         0.         0.         0.         0.01215775 0.         0.         0.         0.01241131 0.01236479 0.01525457 0.         0.01189868 0.         0.         0.01215775],[0. 0. 0. 0. 1. 0. 0. 1. 0. 0. 1. 1. 0. 0. 0. 0. 0. 0. 0. 1. 0. 0. 0. 1. 1. 1. 0. 1. 0. 0. 1.],10.0,best,10000,100000,100,0.9,0.5,0.9,0.5,0.9,3,0.17,1,10,,problem_solving,10
9300,-0.003001776988932516,0.152019,0.004784604130058682,0.8720000000000001,0.5210016271959791,-2.769483663597823,[0.         0.         0.         0.         0.88926349 0.         0.         0.01111014 0.         0.         0.01111014 0.01227136 0.         0.         0.         0.         0.         0.         0.         0.01215775 0.         0.         0.         0.01241131 0.01236479 0.01525457 0.         0.01189868 0.         0.         0.01215775],[0. 0. 0. 0. 1. 0. 0. 1. 0. 0. 1. 1. 0. 0. 0. 0. 0. 0. 0. 1. 0. 0. 0. 1. 1. 1. 0. 1. 0. 0. 1.],10.0,best,10000,100000,100,0.9,0.5,0.9,0.5,0.9,3,0.17,1,10,,problem_solving,10
9400,-0.003001776988932516,0.152019,0.004784604130058682,0.8760000000000001,0.5179482316244518,-1.8147014858326103,[0.         0.         0.         0.         0.88926349 0.         0.         0.01111014 0.         0.         0.01111014 0.01227136 0.         0.         0.         0.         0.         0.         0.         0.01215775 0.         0.         0.         0.01241131 0.01236479 0.01525457 0.         0.01189868 0.         0.         0.01215775],[0. 0. 0. 0. 1. 0. 0. 1. 0. 0. 1. 1. 0. 0. 0. 0. 0. 0. 0. 1. 0. 0. 0. 1. 1. 1. 0. 1. 0. 0. 1.],10.0,best,10000,100000,100,0.9,0.5,0.9,0.5,0.9,3,0.17,1,10,,problem_solving,10
9500,-0.003001776988932516,0.152019,0.004784604130058682,0.88,0.5149127308617497,-3.3946641447908177,[0.         0.         0.         0.         0.88926349 0.         0.         0.01111014 0.         0.         0.01111014 0.01227136 0.         0.         0.         0.         0.         0.         0.         0.01215775 0.         0.         0.         0.01241131 0.01236479 0.01525457 0.         0.01189868 0.         0.         0.01215775],[0. 0. 0. 0. 1. 0. 0. 1. 0. 0. 1. 1. 0. 0. 0. 0. 0. 0. 0. 1. 0. 0. 0. 1. 1. 1. 0. 1. 0. 0. 1.],10.0,best,10000,100000,100,0.9,0.5,0.9,0.5,0.9,3,0.17,1,10,,problem_solving,10
9600,-0.003001776988932516,0.152019,0.004784604130058682,0.884,0.5118950200330946,-1.8927108039616147,[0.         0.         0.         0.         0.88926349 0.         0.         0.01111014 0.         0.         0.01111014 0.01227136 0.         0.         0.         0.         0.         0.         0.         0.01215775 0.         0.         0.         0.01241131 0.01236479 0.01525457 0.         0.01189868 0.         0.         0.01215775],[0. 0. 0. 0. 1. 0. 0. 1. 0. 0. 1. 1. 0. 0. 0. 0. 0. 0. 0. 1. 0. 0. 0. 1. 1. 1. 0. 1. 0. 0. 1.],10.0,best,10000,100000,100,0.9,0.5,0.9,0.5,0.9,3,0.17,1,10,,problem_solving,10
9700,-0.003001776988932516,0.152019,0.004784604130058682,0.888,0.5088949948783402,-1.2252545670539627,[0.         0.         0.         0.         0.88926349 0.         0.         0.01111014 0.         0.         0.01111014 0.01227136 0.         0.         0.         0.         0.         0.         0.         0.01215775 0.         0.         0.         0.01241131 0.01236479 0.01525457 0.         0.01189868 0.         0.         0.01215775],[0. 0. 0. 0. 1. 0. 0. 1. 0. 0. 1. 1. 0. 0. 0. 0. 0. 0. 0. 1. 0. 0. 0. 1. 1. 1. 0. 1. 0. 0. 1.],10.0,best,10000,100000,100,0.9,0.5,0.9,0.5,0.9,3,0.17,1,10,,problem_solving,10
9800,-0.003001776988932516,0.152019,0.004784604130058682,0.892,0.5059125517483702,0.4398240386215916,[0.         0.         0.         0.         0.88926349 0.         0.         0.01111014 0.         0.         0.01111014 0.01227136 0.         0.         0.         0.         0.         0.         0.         0.01215775 0.         0.         0.         0.01241131 0.01236479 0.01525457 0.         0.01189868 0.         0.         0.01215775],[0. 0. 0. 0. 1. 0. 0. 1. 0. 0. 1. 1. 0. 0. 0. 0. 0. 0. 0. 1. 0. 0. 0. 1. 1. 1. 0. 1. 0. 0. 1.],10.0,best,10000,100000,100,0.9,0.5,0.9,0.5,0.9,3,0.17,1,10,,problem_solving,10
9900,-0.003001776988932516,0.152019,0.004784604130058682,0.896,0.5029475876015165,1.8012678803084585,[0.         0.         0.         0.         0.88926349 0.         0.         0.01111014 0.         0.         0.01111014 0.01227136 0.         0.         0.         0.         0.         0.         0.         0.01215775 0.         0.         0.         0.01241131 0.01236479 0.01525457 0.         0.01189868 0.         0.         0.01215775],[0. 0. 0. 0. 1. 0. 0. 1. 0. 0. 1. 1. 0. 0. 0. 0. 0. 0. 0. 1. 0. 0. 0. 1. 1. 1. 0. 1. 0. 0. 1.],10.0,best,10000,100000,100,0.9,0.5,0.9,0.5,0.9,3,0.17,1,10,,problem_solving,10
9999,-0.003001776988932516,0.152019,0.004784604130058682,0.8999600000000001,0.500029390196995,1.4268883458641917,[0.         0.         0.         0.         0.88926349 0.         0.         0.01111014 0.         0.         0.01111014 0.01227136 0.         0.         0.         0.         0.         0.         0.         0.01215775 0.         0.         0.         0.01241131 0.01236479 0.01525457 0.         0.01189868 0.         0.         0.01215775],[0. 0. 0. 0. 1. 0. 0. 1. 0. 0. 1. 1. 0. 0. 0. 0. 0. 0. 0. 1. 0. 0. 0. 1. 1. 1. 0. 1. 0. 0. 1.],10.0,best,10000,100000,100,0.9,0.5,0.9,0.5,0.9,3,0.17,1,10,,problem_solving,10
