iter,cost,risk,return,par,bw,move,X,Z,Q,pop_init,max_iter,pop_size,mem_size,mem_consider,par_min,par_max,bw_min,bw_max,sigma,lambda,port_n,k,seed,tag,local_search
1,0.026236809309280327,0.065533,0.00226836889074637,0.50004,0.8999471007548476,-8.540779436010451,[0.         0.         0.01334283 0.         0.96058281 0.         0.         0.         0.         0.         0.         0.         0.         0.         0.         0.         0.         0.         0.         0.         0.         0.         0.         0.         0.         0.0128097  0.         0.01326466 0.         0.         0.        ],[0. 0. 1. 0. 1. 0. 0. 0. 0. 0. 0. 0. 0. 0. 0. 0. 0. 0. 0. 0. 0. 0. 0. 0. 0. 1. 0. 1. 0. 0. 0.],4.0,best,10000,100000,100,0.9,0.5,0.9,0.5,0.9,5,0.82,1,4,,problem_solving,10
100,0.007273474572324059,0.062719,0.006260792727608076,0.504,0.894725436791504,0.48029709094189393,[0.         0.         0.         0.         0.96267941 0.         0.         0.         0.         0.         0.01331511 0.         0.         0.         0.         0.         0.         0.         0.         0.01200274 0.         0.         0.         0.         0.         0.01200274 0.         0.         0.         0.         0.        ],[0. 0. 0. 0. 1. 0. 0. 0. 0. 0. 1. 0. 0. 0. 0. 0. 0. 0. 0. 1. 0. 0. 0. 0. 0. 1. 0. 0. 0. 0. 0.],4.0,best,10000,100000,100,0.9,0.5,0.9,0.5,0.9,5,0.82,1,4,,problem_solving,10
200,0.007273474572324059,0.062719,0.006260792727608076,0.508,0.8894817858241639,-0.7944565448574884,[0.         0.         0.         0.         0.96267941 0.         0.         0.         0.         0.         0.01331511 0.         0.         0.         0.         0.         0.         0.         0.         0.01200274 0.         0.         0.         0.         0.         0.01200274 0.         0.         0.         0.         0.        ],[0. 0. 0. 0. 1. 0. 0. 0. 0. 0. 1. 0. 0. 0. 0. 0. 0. 0. 0. 1. 0. 0. 0. 0. 0. 1. 0. 0. 0. 0. 0.],4.0,best,10000,100000,100,0.9,0.5,0.9,0.5,0.9,5,0.82,1,4,,problem_solving,10
300,0.007273474572324059,0.062719,0.006260792727608076,0.512,0.8842688659329022,4.65074601920952,[0.         0.         0.         0.         0.96267941 0.         0.         0.         0.         0.         0.01331511 0.         0.         0.         0.         0.         0.         0.         0.         0.01200274 0.         0.         0.         0.         0.         0.01200274 0.         0.         0.         0.         0.        ],[0. 0. 0. 0. 1. 0. 0. 0. 0. 0. 1. 0. 0. 0. 0. 0. 0. 0. 0. 1. 0. 0. 0. 0. 0. 1. 0. 0. 0. 0. 0.],4.0,best,10000,100000,100,0.9,0.5,0.9,0.5,0.9,5,0.82,1,4,,problem_solving,10
400,0.0069770693547501345,0.060897,0.00271729988206601,0.516,0.879086497014382,3.9991463921459895,[0.01219804 0.         0.         0.         0.96272654 0.         0.         0.         0.         0.         0.         0.         0.         0.         0.         0.         0.         0.         0.         0.         0.         0.         0.         0.         0.         0.01287738 0.         0.01219804 0.         0.         0.        ],[1. 0. 0. 0. 1. 0. 0. 0. 0. 0. 0. 0. 0. 0. 0. 0. 0. 0. 0. 0. 0. 0. 0. 0. 0. 1. 0. 1. 0. 0. 0.],4.0,best,10000,100000,100,0.9,0.5,0.9,0.5,0.9,5,0.82,1,4,,problem_solving,10
500,0.0069770693547501345,0.060897,0.00271729988206601,0.52,0.8739345000207845,0.9676292969727252,[0.01219804 0.         0.         0.         0.96272654 0.         0.         0.         0.         0.         0.         0.         0.         0.         0.         0.         0.         0.         0.         0.         0.         0.         0.         0.         0.         0.01287738 0.         0.01219804 0.         0.         0.        ],[1. 0. 0. 0. 1. 0. 0. 0. 0. 0. 0. 0. 0. 0. 0. 0. 0. 0. 0. 0. 0. 0. 0. 0. 0. 1. 0. 1. 0. 0. 0.],4.0,best,10000,100000,100,0.9,0.5,0.9,0.5,0.9,5,0.82,1,4,,problem_solving,10
600,0.0069770693547501345,0.060897,0.00271729988206601,0.524,0.8688126969536234,3.9696781448644614,[0.01219804 0.         0.         0.         0.96272654 0.         0.         0.         0.         0.         0.         0.         0.         0.         0.         0.         0.         0.         0.         0.         0.         0.         0.         0.         0.         0.01287738 0.         0.01219804 0.         0.         0.        ],[1. 0. 0. 0. 1. 0. 0. 0. 0. 0. 0. 0. 0. 0. 0. 0. 0. 0. 0. 0. 0. 0. 0. 0. 0. 1. 0. 1. 0. 0. 0.],4.0,best,10000,100000,100,0.9,0.5,0.9,0.5,0.9,5,0.82,1,4,,problem_solving,10
700,0.006353977904571029,0.05183,0.0051250033193077325,0.528,0.8637209108575947,3.7562777823745033,[0.         0.         0.         0.         0.01165741 0.         0.         0.         0.         0.         0.         0.         0.         0.         0.         0.         0.         0.01165741 0.         0.         0.         0.         0.         0.         0.         0.01165741 0.         0.96502777 0.         0.         0.        ],[0. 0. 0. 0. 1. 0. 0. 0. 0. 0. 0. 0. 0. 0. 0. 0. 0. 1. 0. 0. 0. 0. 0. 0. 0. 1. 0. 1. 0. 0. 0.],4.0,best,10000,100000,100,0.9,0.5,0.9,0.5,0.9,5,0.82,1,4,,problem_solving,10
800,0.005220179370416576,0.063364,0.005415142515414443,0.532,0.8586589658144633,9.41506162437013,[0.         0.         0.         0.         0.96379286 0.         0.         0.         0.         0.         0.01206905 0.         0.         0.         0.         0.         0.         0.01206905 0.         0.         0.         0.         0.         0.         0.         0.01206905 0.         0.         0.         0.         0.        ],[0. 0. 0. 0. 1. 0. 0. 0. 0. 0. 1. 0. 0. 0. 0. 0. 0. 1. 0. 0. 0. 0. 0. 0. 0. 1. 0. 0. 0. 0. 0.],4.0,best,10000,100000,100,0.9,0.5,0.9,0.5,0.9,5,0.82,1,4,,problem_solving,10
900,0.005220179370416576,0.063364,0.005415142515414443,0.536,0.8536266869369854,2.8522078822846395,[0.         0.         0.         0.         0.96379286 0.         0.         0.         0.         0.         0.01206905 0.         0.         0.         0.         0.         0.         0.01206905 0.         0.         0.         0.         0.         0.         0.         0.01206905 0.         0.         0.         0.         0.        ],[0. 0. 0. 0. 1. 0. 0. 0. 0. 0. 1. 0. 0. 0. 0. 0. 0. 1. 0. 0. 0. 0. 0. 0. 0. 1. 0. 0. 0. 0. 0.],4.0,best,10000,100000,100,0.9,0.5,0.9,0.5,0.9,5,0.82,1,4,,problem_solving,10
1000,0.0041531120900718446,0.045592,0.004320939180265364,0.54,0.8486239003628652,-4.255299149596388,[0.         0.         0.         0.         0.96664501 0.         0.         0.         0.         0.         0.         0.         0.         0.         0.         0.         0.         0.         0.         0.         0.         0.         0.         0.01111833 0.         0.01111833 0.         0.01111833 0.         0.         0.        ],[0. 0. 0. 0. 1. 0. 0. 0. 0. 0. 0. 0. 0. 0. 0. 0. 0. 0. 0. 0. 0. 0. 0. 1. 0. 1. 0. 1. 0. 0. 0.],4.0,best,10000,100000,100,0.9,0.5,0.9,0.5,0.9,5,0.82,1,4,,problem_solving,10
1100,0.0041531120900718446,0.045592,0.004320939180265364,0.544,0.8436504332487491,-3.676535777163483,[0.         0.         0.         0.         0.96664501 0.         0.         0.         0.         0.         0.         0.         0.         0.         0.         0.         0.         0.         0.         0.         0.         0.         0.         0.01111833 0.         0.01111833 0.         0.01111833 0.         0.         0.        ],[0. 0. 0. 0. 1. 0. 0. 0. 0. 0. 0. 0. 0. 0. 0. 0. 0. 0. 0. 0. 0. 0. 0. 1. 0. 1. 0. 1. 0. 0. 0.],4.0,best,10000,100000,100,0.9,0.5,0.9,0.5,0.9,5,0.82,1,4,,problem_solving,10
1200,0.0041531120900718446,0.045592,0.004320939180265364,0.548,0.838706113764254,-4.107596338309255,[0.         0.         0.         0.         0.96664501 0.         0.         0.         0.         0.         0.         0.         0.         0.         0.         0.         0.         0.         0.         0.         0.         0.         0.         0.01111833 0.         0.01111833 0.         0.01111833 0.         0.         0.        ],[0. 0. 0. 0. 1. 0. 0. 0. 0. 0. 0. 0. 0. 0. 0. 0. 0. 0. 0. 0. 0. 0. 0. 1. 0. 1. 0. 1. 0. 0. 0.],4.0,best,10000,100000,100,0.9,0.5,0.9,0.5,0.9,5,0.82,1,4,,problem_solving,10
1300,0.0041531120900718446,0.045592,0.004320939180265364,0.552,0.83379077108603,4.519638453503844,[0.         0.         0.         0.         0.96664501 0.         0.         0.         0.         0.         0.         0.         0.         0.         0.         0.         0.         0.         0.         0.         0.         0.         0.         0.01111833 0.         0.01111833 0.         0.01111833 0.         0.         0.        ],[0. 0. 0. 0. 1. 0. 0. 0. 0. 0. 0. 0. 0. 0. 0. 0. 0. 0. 0. 0. 0. 0. 0. 1. 0. 1. 0. 1. 0. 0. 0.],4.0,best,10000,100000,100,0.9,0.5,0.9,0.5,0.9,5,0.82,1,4,,problem_solving,10
1400,0.0041531120900718446,0.045592,0.004320939180265364,0.556,0.828904235391859,8.42107114416358,[0.         0.         0.         0.         0.96664501 0.         0.         0.         0.         0.         0.         0.         0.         0.         0.         0.         0.         0.         0.         0.         0.         0.         0.         0.01111833 0.         0.01111833 0.         0.01111833 0.         0.         0.        ],[0. 0. 0. 0. 1. 0. 0. 0. 0. 0. 0. 0. 0. 0. 0. 0. 0. 0. 0. 0. 0. 0. 0. 1. 0. 1. 0. 1. 0. 0. 0.],4.0,best,10000,100000,100,0.9,0.5,0.9,0.5,0.9,5,0.82,1,4,,problem_solving,10
1500,0.0041531120900718446,0.045592,0.004320939180265364,0.56,0.8240463378547873,4.701666049415139,[0.         0.         0.         0.         0.96664501 0.         0.         0.         0.         0.         0.         0.         0.         0.         0.         0.         0.         0.         0.         0.         0.         0.         0.         0.01111833 0.         0.01111833 0.         0.01111833 0.         0.         0.        ],[0. 0. 0. 0. 1. 0. 0. 0. 0. 0. 0. 0. 0. 0. 0. 0. 0. 0. 0. 0. 0. 0. 0. 1. 0. 1. 0. 1. 0. 0. 0.],4.0,best,10000,100000,100,0.9,0.5,0.9,0.5,0.9,5,0.82,1,4,,problem_solving,10
1600,0.0041531120900718446,0.045592,0.004320939180265364,0.5640000000000001,0.8192169106372932,-5.094298264169414,[0.         0.         0.         0.         0.96664501 0.         0.         0.         0.         0.         0.         0.         0.         0.         0.         0.         0.         0.         0.         0.         0.         0.         0.         0.01111833 0.         0.01111833 0.         0.01111833 0.         0.         0.        ],[0. 0. 0. 0. 1. 0. 0. 0. 0. 0. 0. 0. 0. 0. 0. 0. 0. 0. 0. 0. 0. 0. 0. 1. 0. 1. 0. 1. 0. 0. 0.],4.0,best,10000,100000,100,0.9,0.5,0.9,0.5,0.9,5,0.82,1,4,,problem_solving,10
1700,0.0041531120900718446,0.045592,0.004320939180265364,0.5680000000000001,0.8144157868854872,-4.609418091300591,[0.         0.         0.         0.         0.96664501 0.         0.         0.         0.         0.         0.         0.         0.         0.         0.         0.         0.         0.         0.         0.         0.         0.         0.         0.01111833 0.         0.01111833 0.         0.01111833 0.         0.         0.        ],[0. 0. 0. 0. 1. 0. 0. 0. 0. 0. 0. 0. 0. 0. 0. 0. 0. 0. 0. 0. 0. 0. 0. 1. 0. 1. 0. 1. 0. 0. 0.],4.0,best,10000,100000,100,0.9,0.5,0.9,0.5,0.9,5,0.82,1,4,,problem_solving,10
1800,0.0041531120900718446,0.045592,0.004320939180265364,0.5720000000000001,0.8096428007233489,1.4022890224504427,[0.         0.         0.         0.         0.96664501 0.         0.         0.         0.         0.         0.         0.         0.         0.         0.         0.         0.         0.         0.         0.         0.         0.         0.         0.01111833 0.         0.01111833 0.         0.01111833 0.         0.         0.        ],[0. 0. 0. 0. 1. 0. 0. 0. 0. 0. 0. 0. 0. 0. 0. 0. 0. 0. 0. 0. 0. 0. 0. 1. 0. 1. 0. 1. 0. 0. 0.],4.0,best,10000,100000,100,0.9,0.5,0.9,0.5,0.9,5,0.82,1,4,,problem_solving,10
1900,0.0041531120900718446,0.045592,0.004320939180265364,0.5760000000000001,0.8048977872469943,-5.551408436311429,[0.         0.         0.         0.         0.96664501 0.         0.         0.         0.         0.         0.         0.         0.         0.         0.         0.         0.         0.         0.         0.         0.         0.         0.         0.01111833 0.         0.01111833 0.         0.01111833 0.         0.         0.        ],[0. 0. 0. 0. 1. 0. 0. 0. 0. 0. 0. 0. 0. 0. 0. 0. 0. 0. 0. 0. 0. 0. 0. 1. 0. 1. 0. 1. 0. 0. 0.],4.0,best,10000,100000,100,0.9,0.5,0.9,0.5,0.9,5,0.82,1,4,,problem_solving,10
2000,0.0041531120900718446,0.045592,0.004320939180265364,0.58,0.80018058251898,1.835630511764776,[0.         0.         0.         0.         0.96664501 0.         0.         0.         0.         0.         0.         0.         0.         0.         0.         0.         0.         0.         0.         0.         0.         0.         0.         0.01111833 0.         0.01111833 0.         0.01111833 0.         0.         0.        ],[0. 0. 0. 0. 1. 0. 0. 0. 0. 0. 0. 0. 0. 0. 0. 0. 0. 0. 0. 0. 0. 0. 0. 1. 0. 1. 0. 1. 0. 0. 0.],4.0,best,10000,100000,100,0.9,0.5,0.9,0.5,0.9,5,0.82,1,4,,problem_solving,10
2100,0.0041531120900718446,0.045592,0.004320939180265364,0.584,0.7954910235626383,4.926760312136849,[0.         0.         0.         0.         0.96664501 0.         0.         0.         0.         0.         0.         0.         0.         0.         0.         0.         0.         0.         0.         0.         0.         0.         0.         0.01111833 0.         0.01111833 0.         0.01111833 0.         0.         0.        ],[0. 0. 0. 0. 1. 0. 0. 0. 0. 0. 0. 0. 0. 0. 0. 0. 0. 0. 0. 0. 0. 0. 0. 1. 0. 1. 0. 1. 0. 0. 0.],4.0,best,10000,100000,100,0.9,0.5,0.9,0.5,0.9,5,0.82,1,4,,problem_solving,10
2200,0.0041531120900718446,0.045592,0.004320939180265364,0.588,0.7908289483564468,-0.24962903831839958,[0.         0.         0.         0.         0.96664501 0.         0.         0.         0.         0.         0.         0.         0.         0.         0.         0.         0.         0.         0.         0.         0.         0.         0.         0.01111833 0.         0.01111833 0.         0.01111833 0.         0.         0.        ],[0. 0. 0. 0. 1. 0. 0. 0. 0. 0. 0. 0. 0. 0. 0. 0. 0. 0. 0. 0. 0. 0. 0. 1. 0. 1. 0. 1. 0. 0. 0.],4.0,best,10000,100000,100,0.9,0.5,0.9,0.5,0.9,5,0.82,1,4,,problem_solving,10
2300,0.0041531120900718446,0.045592,0.004320939180265364,0.592,0.7861941958284306,2.625006722597269,[0.         0.         0.         0.         0.96664501 0.         0.         0.         0.         0.         0.         0.         0.         0.         0.         0.         0.         0.         0.         0.         0.         0.         0.         0.01111833 0.         0.01111833 0.         0.01111833 0.         0.         0.        ],[0. 0. 0. 0. 1. 0. 0. 0. 0. 0. 0. 0. 0. 0. 0. 0. 0. 0. 0. 0. 0. 0. 0. 1. 0. 1. 0. 1. 0. 0. 0.],4.0,best,10000,100000,100,0.9,0.5,0.9,0.5,0.9,5,0.82,1,4,,problem_solving,10
2400,0.0041531120900718446,0.045592,0.004320939180265364,0.596,0.7815866058505976,0.7027470637409413,[0.         0.         0.         0.         0.96664501 0.         0.         0.         0.         0.         0.         0.         0.         0.         0.         0.         0.         0.         0.         0.         0.         0.         0.         0.01111833 0.         0.01111833 0.         0.01111833 0.         0.         0.        ],[0. 0. 0. 0. 1. 0. 0. 0. 0. 0. 0. 0. 0. 0. 0. 0. 0. 0. 0. 0. 0. 0. 0. 1. 0. 1. 0. 1. 0. 0. 0.],4.0,best,10000,100000,100,0.9,0.5,0.9,0.5,0.9,5,0.82,1,4,,problem_solving,10
2500,0.0041531120900718446,0.045592,0.004320939180265364,0.6,0.7770060192334055,0.5569157033467734,[0.         0.         0.         0.         0.96664501 0.         0.         0.         0.         0.         0.         0.         0.         0.         0.         0.         0.         0.         0.         0.         0.         0.         0.         0.01111833 0.         0.01111833 0.         0.01111833 0.         0.         0.        ],[0. 0. 0. 0. 1. 0. 0. 0. 0. 0. 0. 0. 0. 0. 0. 0. 0. 0. 0. 0. 0. 0. 0. 1. 0. 1. 0. 1. 0. 0. 0.],4.0,best,10000,100000,100,0.9,0.5,0.9,0.5,0.9,5,0.82,1,4,,problem_solving,10
2600,0.0041531120900718446,0.045592,0.004320939180265364,0.604,0.7724522777202627,-2.075862361802897,[0.         0.         0.         0.         0.96664501 0.         0.         0.         0.         0.         0.         0.         0.         0.         0.         0.         0.         0.         0.         0.         0.         0.         0.         0.01111833 0.         0.01111833 0.         0.01111833 0.         0.         0.        ],[0. 0. 0. 0. 1. 0. 0. 0. 0. 0. 0. 0. 0. 0. 0. 0. 0. 0. 0. 0. 0. 0. 0. 1. 0. 1. 0. 1. 0. 0. 0.],4.0,best,10000,100000,100,0.9,0.5,0.9,0.5,0.9,5,0.82,1,4,,problem_solving,10
2700,0.003515306114620016,0.062017,0.004088185821582605,0.608,0.7679252239820602,1.6263122118979705,[0.         0.         0.         0.         0.96399107 0.         0.         0.         0.         0.         0.01299351 0.         0.         0.         0.         0.         0.         0.         0.         0.         0.         0.         0.         0.         0.         0.01139526 0.         0.01162015 0.         0.         0.        ],[0. 0. 0. 0. 1. 0. 0. 0. 0. 0. 1. 0. 0. 0. 0. 0. 0. 0. 0. 0. 0. 0. 0. 0. 0. 1. 0. 1. 0. 0. 0.],4.0,best,10000,100000,100,0.9,0.5,0.9,0.5,0.9,5,0.82,1,4,,problem_solving,10
2800,0.003515306114620016,0.062017,0.004088185821582605,0.612,0.7634247016117359,-2.3762635525480036,[0.         0.         0.         0.         0.96399107 0.         0.         0.         0.         0.         0.01299351 0.         0.         0.         0.         0.         0.         0.         0.         0.         0.         0.         0.         0.         0.         0.01139526 0.         0.01162015 0.         0.         0.        ],[0. 0. 0. 0. 1. 0. 0. 0. 0. 0. 1. 0. 0. 0. 0. 0. 0. 0. 0. 0. 0. 0. 0. 0. 0. 1. 0. 1. 0. 0. 0.],4.0,best,10000,100000,100,0.9,0.5,0.9,0.5,0.9,5,0.82,1,4,,problem_solving,10
2900,0.003515306114620016,0.062017,0.004088185821582605,0.616,0.758950555118871,-2.903080978301975,[0.         0.         0.         0.         0.96399107 0.         0.         0.         0.         0.         0.01299351 0.         0.         0.         0.         0.         0.         0.         0.         0.         0.         0.         0.         0.         0.         0.01139526 0.         0.01162015 0.         0.         0.        ],[0. 0. 0. 0. 1. 0. 0. 0. 0. 0. 1. 0. 0. 0. 0. 0. 0. 0. 0. 0. 0. 0. 0. 0. 0. 1. 0. 1. 0. 0. 0.],4.0,best,10000,100000,100,0.9,0.5,0.9,0.5,0.9,5,0.82,1,4,,problem_solving,10
3000,0.003515306114620016,0.062017,0.004088185821582605,0.62,0.754502629924318,-1.2826099490900882,[0.         0.         0.         0.         0.96399107 0.         0.         0.         0.         0.         0.01299351 0.         0.         0.         0.         0.         0.         0.         0.         0.         0.         0.         0.         0.         0.         0.01139526 0.         0.01162015 0.         0.         0.        ],[0. 0. 0. 0. 1. 0. 0. 0. 0. 0. 1. 0. 0. 0. 0. 0. 0. 0. 0. 0. 0. 0. 0. 0. 0. 1. 0. 1. 0. 0. 0.],4.0,best,10000,100000,100,0.9,0.5,0.9,0.5,0.9,5,0.82,1,4,,problem_solving,10
3100,0.003515306114620016,0.062017,0.004088185821582605,0.624,0.7500807723548599,0.26361823687331926,[0.         0.         0.         0.         0.96399107 0.         0.         0.         0.         0.         0.01299351 0.         0.         0.         0.         0.         0.         0.         0.         0.         0.         0.         0.         0.         0.         0.01139526 0.         0.01162015 0.         0.         0.        ],[0. 0. 0. 0. 1. 0. 0. 0. 0. 0. 1. 0. 0. 0. 0. 0. 0. 0. 0. 0. 0. 0. 0. 0. 0. 1. 0. 1. 0. 0. 0.],4.0,best,10000,100000,100,0.9,0.5,0.9,0.5,0.9,5,0.82,1,4,,problem_solving,10
3200,0.003515306114620016,0.062017,0.004088185821582605,0.628,0.7456848296379007,0.3442157187486038,[0.         0.         0.         0.         0.96399107 0.         0.         0.         0.         0.         0.01299351 0.         0.         0.         0.         0.         0.         0.         0.         0.         0.         0.         0.         0.         0.         0.01139526 0.         0.01162015 0.         0.         0.        ],[0. 0. 0. 0. 1. 0. 0. 0. 0. 0. 1. 0. 0. 0. 0. 0. 0. 0. 0. 0. 0. 0. 0. 0. 0. 1. 0. 1. 0. 0. 0.],4.0,best,10000,100000,100,0.9,0.5,0.9,0.5,0.9,5,0.82,1,4,,problem_solving,10
3300,0.003515306114620016,0.062017,0.004088185821582605,0.632,0.7413146498961878,5.867656441274998,[0.         0.         0.         0.         0.96399107 0.         0.         0.         0.         0.         0.01299351 0.         0.         0.         0.         0.         0.         0.         0.         0.         0.         0.         0.         0.         0.         0.01139526 0.         0.01162015 0.         0.         0.        ],[0. 0. 0. 0. 1. 0. 0. 0. 0. 0. 1. 0. 0. 0. 0. 0. 0. 0. 0. 0. 0. 0. 0. 0. 0. 1. 0. 1. 0. 0. 0.],4.0,best,10000,100000,100,0.9,0.5,0.9,0.5,0.9,5,0.82,1,4,,problem_solving,10
3400,0.003515306114620016,0.062017,0.004088185821582605,0.636,0.7369700821425638,0.1459775328392233,[0.         0.         0.         0.         0.96399107 0.         0.         0.         0.         0.         0.01299351 0.         0.         0.         0.         0.         0.         0.         0.         0.         0.         0.         0.         0.         0.         0.01139526 0.         0.01162015 0.         0.         0.        ],[0. 0. 0. 0. 1. 0. 0. 0. 0. 0. 1. 0. 0. 0. 0. 0. 0. 0. 0. 0. 0. 0. 0. 0. 0. 1. 0. 1. 0. 0. 0.],4.0,best,10000,100000,100,0.9,0.5,0.9,0.5,0.9,5,0.82,1,4,,problem_solving,10
3500,0.003515306114620016,0.062017,0.004088185821582605,0.64,0.7326509762747511,1.0470528963319092,[0.         0.         0.         0.         0.96399107 0.         0.         0.         0.         0.         0.01299351 0.         0.         0.         0.         0.         0.         0.         0.         0.         0.         0.         0.         0.         0.         0.01139526 0.         0.01162015 0.         0.         0.        ],[0. 0. 0. 0. 1. 0. 0. 0. 0. 0. 1. 0. 0. 0. 0. 0. 0. 0. 0. 0. 0. 0. 0. 0. 0. 1. 0. 1. 0. 0. 0.],4.0,best,10000,100000,100,0.9,0.5,0.9,0.5,0.9,5,0.82,1,4,,problem_solving,10
3600,0.003515306114620016,0.062017,0.004088185821582605,0.644,0.7283571830701648,7.769466967843842,[0.         0.         0.         0.         0.96399107 0.         0.         0.         0.         0.         0.01299351 0.         0.         0.         0.         0.         0.         0.         0.         0.         0.         0.         0.         0.         0.         0.01139526 0.         0.01162015 0.         0.         0.        ],[0. 0. 0. 0. 1. 0. 0. 0. 0. 0. 1. 0. 0. 0. 0. 0. 0. 0. 0. 0. 0. 0. 0. 0. 0. 1. 0. 1. 0. 0. 0.],4.0,best,10000,100000,100,0.9,0.5,0.9,0.5,0.9,5,0.82,1,4,,problem_solving,10
3700,0.003515306114620016,0.062017,0.004088185821582605,0.648,0.7240885541807586,-3.635717403149544,[0.         0.         0.         0.         0.96399107 0.         0.         0.         0.         0.         0.01299351 0.         0.         0.         0.         0.         0.         0.         0.         0.         0.         0.         0.         0.         0.         0.01139526 0.         0.01162015 0.         0.         0.        ],[0. 0. 0. 0. 1. 0. 0. 0. 0. 0. 1. 0. 0. 0. 0. 0. 0. 0. 0. 0. 0. 0. 0. 0. 0. 1. 0. 1. 0. 0. 0.],4.0,best,10000,100000,100,0.9,0.5,0.9,0.5,0.9,5,0.82,1,4,,problem_solving,10
3800,0.003515306114620016,0.062017,0.004088185821582605,0.652,0.7198449421278975,-2.9468343909836463,[0.         0.         0.         0.         0.96399107 0.         0.         0.         0.         0.         0.01299351 0.         0.         0.         0.         0.         0.         0.         0.         0.         0.         0.         0.         0.         0.         0.01139526 0.         0.01162015 0.         0.         0.        ],[0. 0. 0. 0. 1. 0. 0. 0. 0. 0. 1. 0. 0. 0. 0. 0. 0. 0. 0. 0. 0. 0. 0. 0. 0. 1. 0. 1. 0. 0. 0.],4.0,best,10000,100000,100,0.9,0.5,0.9,0.5,0.9,5,0.82,1,4,,problem_solving,10
3900,0.003515306114620016,0.062017,0.004088185821582605,0.656,0.7156262002972644,-0.4257722093834398,[0.         0.         0.         0.         0.96399107 0.         0.         0.         0.         0.         0.01299351 0.         0.         0.         0.         0.         0.         0.         0.         0.         0.         0.         0.         0.         0.         0.01139526 0.         0.01162015 0.         0.         0.        ],[0. 0. 0. 0. 1. 0. 0. 0. 0. 0. 1. 0. 0. 0. 0. 0. 0. 0. 0. 0. 0. 0. 0. 0. 0. 1. 0. 1. 0. 0. 0.],4.0,best,10000,100000,100,0.9,0.5,0.9,0.5,0.9,5,0.82,1,4,,problem_solving,10
4000,0.003515306114620016,0.062017,0.004088185821582605,0.66,0.7114321829337936,0.4610599890246352,[0.         0.         0.         0.         0.96399107 0.         0.         0.         0.         0.         0.01299351 0.         0.         0.         0.         0.         0.         0.         0.         0.         0.         0.         0.         0.         0.         0.01139526 0.         0.01162015 0.         0.         0.        ],[0. 0. 0. 0. 1. 0. 0. 0. 0. 0. 1. 0. 0. 0. 0. 0. 0. 0. 0. 0. 0. 0. 0. 0. 0. 1. 0. 1. 0. 0. 0.],4.0,best,10000,100000,100,0.9,0.5,0.9,0.5,0.9,5,0.82,1,4,,problem_solving,10
4100,0.003515306114620016,0.062017,0.004088185821582605,0.664,0.707262745136635,-2.1508410698479863,[0.         0.         0.         0.         0.96399107 0.         0.         0.         0.         0.         0.01299351 0.         0.         0.         0.         0.         0.         0.         0.         0.         0.         0.         0.         0.         0.         0.01139526 0.         0.01162015 0.         0.         0.        ],[0. 0. 0. 0. 1. 0. 0. 0. 0. 0. 1. 0. 0. 0. 0. 0. 0. 0. 0. 0. 0. 0. 0. 0. 0. 1. 0. 1. 0. 0. 0.],4.0,best,10000,100000,100,0.9,0.5,0.9,0.5,0.9,5,0.82,1,4,,problem_solving,10
4200,0.003515306114620016,0.062017,0.004088185821582605,0.668,0.7031177428541489,-6.1593328878273015,[0.         0.         0.         0.         0.96399107 0.         0.         0.         0.         0.         0.01299351 0.         0.         0.         0.         0.         0.         0.         0.         0.         0.         0.         0.         0.         0.         0.01139526 0.         0.01162015 0.         0.         0.        ],[0. 0. 0. 0. 1. 0. 0. 0. 0. 0. 1. 0. 0. 0. 0. 0. 0. 0. 0. 0. 0. 0. 0. 0. 0. 1. 0. 1. 0. 0. 0.],4.0,best,10000,100000,100,0.9,0.5,0.9,0.5,0.9,5,0.82,1,4,,problem_solving,10
4300,0.003515306114620016,0.062017,0.004088185821582605,0.672,0.6989970328789274,1.484124167727696,[0.         0.         0.         0.         0.96399107 0.         0.         0.         0.         0.         0.01299351 0.         0.         0.         0.         0.         0.         0.         0.         0.         0.         0.         0.         0.         0.         0.01139526 0.         0.01162015 0.         0.         0.        ],[0. 0. 0. 0. 1. 0. 0. 0. 0. 0. 1. 0. 0. 0. 0. 0. 0. 0. 0. 0. 0. 0. 0. 0. 0. 1. 0. 1. 0. 0. 0.],4.0,best,10000,100000,100,0.9,0.5,0.9,0.5,0.9,5,0.82,1,4,,problem_solving,10
4400,0.003515306114620016,0.062017,0.004088185821582605,0.676,0.6949004728428485,-3.3155029905748488,[0.         0.         0.         0.         0.96399107 0.         0.         0.         0.         0.         0.01299351 0.         0.         0.         0.         0.         0.         0.         0.         0.         0.         0.         0.         0.         0.         0.01139526 0.         0.01162015 0.         0.         0.        ],[0. 0. 0. 0. 1. 0. 0. 0. 0. 0. 1. 0. 0. 0. 0. 0. 0. 0. 0. 0. 0. 0. 0. 0. 0. 1. 0. 1. 0. 0. 0.],4.0,best,10000,100000,100,0.9,0.5,0.9,0.5,0.9,5,0.82,1,4,,problem_solving,10
4500,0.003515306114620016,0.062017,0.004088185821582605,0.68,0.6908279212121557,1.163223867050005,[0.         0.         0.         0.         0.96399107 0.         0.         0.         0.         0.         0.01299351 0.         0.         0.         0.         0.         0.         0.         0.         0.         0.         0.         0.         0.         0.         0.01139526 0.         0.01162015 0.         0.         0.        ],[0. 0. 0. 0. 1. 0. 0. 0. 0. 0. 1. 0. 0. 0. 0. 0. 0. 0. 0. 0. 0. 0. 0. 0. 0. 1. 0. 1. 0. 0. 0.],4.0,best,10000,100000,100,0.9,0.5,0.9,0.5,0.9,5,0.82,1,4,,problem_solving,10
4600,0.003515306114620016,0.062017,0.004088185821582605,0.684,0.6867792372825697,-3.678378076729041,[0.         0.         0.         0.         0.96399107 0.         0.         0.         0.         0.         0.01299351 0.         0.         0.         0.         0.         0.         0.         0.         0.         0.         0.         0.         0.         0.         0.01139526 0.         0.01162015 0.         0.         0.        ],[0. 0. 0. 0. 1. 0. 0. 0. 0. 0. 1. 0. 0. 0. 0. 0. 0. 0. 0. 0. 0. 0. 0. 0. 0. 1. 0. 1. 0. 0. 0.],4.0,best,10000,100000,100,0.9,0.5,0.9,0.5,0.9,5,0.82,1,4,,problem_solving,10
4700,0.003515306114620016,0.062017,0.004088185821582605,0.6880000000000001,0.6827542811744257,3.5865897575671277,[0.         0.         0.         0.         0.96399107 0.         0.         0.         0.         0.         0.01299351 0.         0.         0.         0.         0.         0.         0.         0.         0.         0.         0.         0.         0.         0.         0.01139526 0.         0.01162015 0.         0.         0.        ],[0. 0. 0. 0. 1. 0. 0. 0. 0. 0. 1. 0. 0. 0. 0. 0. 0. 0. 0. 0. 0. 0. 0. 0. 0. 1. 0. 1. 0. 0. 0.],4.0,best,10000,100000,100,0.9,0.5,0.9,0.5,0.9,5,0.82,1,4,,problem_solving,10
4800,0.003515306114620016,0.062017,0.004088185821582605,0.692,0.6787529138278414,-6.450130262891969,[0.         0.         0.         0.         0.96399107 0.         0.         0.         0.         0.         0.01299351 0.         0.         0.         0.         0.         0.         0.         0.         0.         0.         0.         0.         0.         0.         0.01139526 0.         0.01162015 0.         0.         0.        ],[0. 0. 0. 0. 1. 0. 0. 0. 0. 0. 1. 0. 0. 0. 0. 0. 0. 0. 0. 0. 0. 0. 0. 0. 0. 1. 0. 1. 0. 0. 0.],4.0,best,10000,100000,100,0.9,0.5,0.9,0.5,0.9,5,0.82,1,4,,problem_solving,10
4900,0.003515306114620016,0.062017,0.004088185821582605,0.696,0.6747749969979128,-3.477437643508022,[0.         0.         0.         0.         0.96399107 0.         0.         0.         0.         0.         0.01299351 0.         0.         0.         0.         0.         0.         0.         0.         0.         0.         0.         0.         0.         0.         0.01139526 0.         0.01162015 0.         0.         0.        ],[0. 0. 0. 0. 1. 0. 0. 0. 0. 0. 1. 0. 0. 0. 0. 0. 0. 0. 0. 0. 0. 0. 0. 0. 0. 1. 0. 1. 0. 0. 0.],4.0,best,10000,100000,100,0.9,0.5,0.9,0.5,0.9,5,0.82,1,4,,problem_solving,10
5000,0.003515306114620016,0.062017,0.004088185821582605,0.7,0.6708203932499369,-2.211103451231376,[0.         0.         0.         0.         0.96399107 0.         0.         0.         0.         0.         0.01299351 0.         0.         0.         0.         0.         0.         0.         0.         0.         0.         0.         0.         0.         0.         0.01139526 0.         0.01162015 0.         0.         0.        ],[0. 0. 0. 0. 1. 0. 0. 0. 0. 0. 1. 0. 0. 0. 0. 0. 0. 0. 0. 0. 0. 0. 0. 0. 0. 1. 0. 1. 0. 0. 0.],4.0,best,10000,100000,100,0.9,0.5,0.9,0.5,0.9,5,0.82,1,4,,problem_solving,10
5100,0.003515306114620016,0.062017,0.004088185821582605,0.704,0.6668889659546647,2.2303499118760897,[0.         0.         0.         0.         0.96399107 0.         0.         0.         0.         0.         0.01299351 0.         0.         0.         0.         0.         0.         0.         0.         0.         0.         0.         0.         0.         0.         0.01139526 0.         0.01162015 0.         0.         0.        ],[0. 0. 0. 0. 1. 0. 0. 0. 0. 0. 1. 0. 0. 0. 0. 0. 0. 0. 0. 0. 0. 0. 0. 0. 0. 1. 0. 1. 0. 0. 0.],4.0,best,10000,100000,100,0.9,0.5,0.9,0.5,0.9,5,0.82,1,4,,problem_solving,10
5200,0.003515306114620016,0.062017,0.004088185821582605,0.708,0.6629805792835798,2.6777333606521436,[0.         0.         0.         0.         0.96399107 0.         0.         0.         0.         0.         0.01299351 0.         0.         0.         0.         0.         0.         0.         0.         0.         0.         0.         0.         0.         0.         0.01139526 0.         0.01162015 0.         0.         0.        ],[0. 0. 0. 0. 1. 0. 0. 0. 0. 0. 1. 0. 0. 0. 0. 0. 0. 0. 0. 0. 0. 0. 0. 0. 0. 1. 0. 1. 0. 0. 0.],4.0,best,10000,100000,100,0.9,0.5,0.9,0.5,0.9,5,0.82,1,4,,problem_solving,10
5300,0.003515306114620016,0.062017,0.004088185821582605,0.712,0.6590950982042058,-1.052265204738815,[0.         0.         0.         0.         0.96399107 0.         0.         0.         0.         0.         0.01299351 0.         0.         0.         0.         0.         0.         0.         0.         0.         0.         0.         0.         0.         0.         0.01139526 0.         0.01162015 0.         0.         0.        ],[0. 0. 0. 0. 1. 0. 0. 0. 0. 0. 1. 0. 0. 0. 0. 0. 0. 0. 0. 0. 0. 0. 0. 0. 0. 1. 0. 1. 0. 0. 0.],4.0,best,10000,100000,100,0.9,0.5,0.9,0.5,0.9,5,0.82,1,4,,problem_solving,10
5400,0.003515306114620016,0.062017,0.004088185821582605,0.716,0.6552323884754414,-0.7135957119483447,[0.         0.         0.         0.         0.96399107 0.         0.         0.         0.         0.         0.01299351 0.         0.         0.         0.         0.         0.         0.         0.         0.         0.         0.         0.         0.         0.         0.01139526 0.         0.01162015 0.         0.         0.        ],[0. 0. 0. 0. 1. 0. 0. 0. 0. 0. 1. 0. 0. 0. 0. 0. 0. 0. 0. 0. 0. 0. 0. 0. 0. 1. 0. 1. 0. 0. 0.],4.0,best,10000,100000,100,0.9,0.5,0.9,0.5,0.9,5,0.82,1,4,,problem_solving,10
5500,0.003515306114620016,0.062017,0.004088185821582605,0.72,0.651392316642922,5.705385366956109,[0.         0.         0.         0.         0.96399107 0.         0.         0.         0.         0.         0.01299351 0.         0.         0.         0.         0.         0.         0.         0.         0.         0.         0.         0.         0.         0.         0.01139526 0.         0.01162015 0.         0.         0.        ],[0. 0. 0. 0. 1. 0. 0. 0. 0. 0. 1. 0. 0. 0. 0. 0. 0. 0. 0. 0. 0. 0. 0. 0. 0. 1. 0. 1. 0. 0. 0.],4.0,best,10000,100000,100,0.9,0.5,0.9,0.5,0.9,5,0.82,1,4,,problem_solving,10
5600,0.003515306114620016,0.062017,0.004088185821582605,0.724,0.6475747500344088,-2.990487512811073,[0.         0.         0.         0.         0.96399107 0.         0.         0.         0.         0.         0.01299351 0.         0.         0.         0.         0.         0.         0.         0.         0.         0.         0.         0.         0.         0.         0.01139526 0.         0.01162015 0.         0.         0.        ],[0. 0. 0. 0. 1. 0. 0. 0. 0. 0. 1. 0. 0. 0. 0. 0. 0. 0. 0. 0. 0. 0. 0. 0. 0. 1. 0. 1. 0. 0. 0.],4.0,best,10000,100000,100,0.9,0.5,0.9,0.5,0.9,5,0.82,1,4,,problem_solving,10
5700,0.003515306114620016,0.062017,0.004088185821582605,0.728,0.643779556755206,-4.545769363824465,[0.         0.         0.         0.         0.96399107 0.         0.         0.         0.         0.         0.01299351 0.         0.         0.         0.         0.         0.         0.         0.         0.         0.         0.         0.         0.         0.         0.01139526 0.         0.01162015 0.         0.         0.        ],[0. 0. 0. 0. 1. 0. 0. 0. 0. 0. 1. 0. 0. 0. 0. 0. 0. 0. 0. 0. 0. 0. 0. 0. 0. 1. 0. 1. 0. 0. 0.],4.0,best,10000,100000,100,0.9,0.5,0.9,0.5,0.9,5,0.82,1,4,,problem_solving,10
5800,0.003515306114620016,0.062017,0.004088185821582605,0.732,0.6400066056836028,2.0051051438067375,[0.         0.         0.         0.         0.96399107 0.         0.         0.         0.         0.         0.01299351 0.         0.         0.         0.         0.         0.         0.         0.         0.         0.         0.         0.         0.         0.         0.01139526 0.         0.01162015 0.         0.         0.        ],[0. 0. 0. 0. 1. 0. 0. 0. 0. 0. 1. 0. 0. 0. 0. 0. 0. 0. 0. 0. 0. 0. 0. 0. 0. 1. 0. 1. 0. 0. 0.],4.0,best,10000,100000,100,0.9,0.5,0.9,0.5,0.9,5,0.82,1,4,,problem_solving,10
5900,0.003515306114620016,0.062017,0.004088185821582605,0.736,0.6362557664663436,0.0730485933998628,[0.         0.         0.         0.         0.96399107 0.         0.         0.         0.         0.         0.01299351 0.         0.         0.         0.         0.         0.         0.         0.         0.         0.         0.         0.         0.         0.         0.01139526 0.         0.01162015 0.         0.         0.        ],[0. 0. 0. 0. 1. 0. 0. 0. 0. 0. 1. 0. 0. 0. 0. 0. 0. 0. 0. 0. 0. 0. 0. 0. 0. 1. 0. 1. 0. 0. 0.],4.0,best,10000,100000,100,0.9,0.5,0.9,0.5,0.9,5,0.82,1,4,,problem_solving,10
6000,0.003515306114620016,0.062017,0.004088185821582605,0.74,0.6325269095141249,-2.261875271119752,[0.         0.         0.         0.         0.96399107 0.         0.         0.         0.         0.         0.01299351 0.         0.         0.         0.         0.         0.         0.         0.         0.         0.         0.         0.         0.         0.         0.01139526 0.         0.01162015 0.         0.         0.        ],[0. 0. 0. 0. 1. 0. 0. 0. 0. 0. 1. 0. 0. 0. 0. 0. 0. 0. 0. 0. 0. 0. 0. 0. 0. 1. 0. 1. 0. 0. 0.],4.0,best,10000,100000,100,0.9,0.5,0.9,0.5,0.9,5,0.82,1,4,,problem_solving,10
6100,0.003515306114620016,0.062017,0.004088185821582605,0.744,0.6288199059971172,-3.9558979058677997,[0.         0.         0.         0.         0.96399107 0.         0.         0.         0.         0.         0.01299351 0.         0.         0.         0.         0.         0.         0.         0.         0.         0.         0.         0.         0.         0.         0.01139526 0.         0.01162015 0.         0.         0.        ],[0. 0. 0. 0. 1. 0. 0. 0. 0. 0. 1. 0. 0. 0. 0. 0. 0. 0. 0. 0. 0. 0. 0. 0. 0. 1. 0. 1. 0. 0. 0.],4.0,best,10000,100000,100,0.9,0.5,0.9,0.5,0.9,5,0.82,1,4,,problem_solving,10
6200,0.003515306114620016,0.062017,0.004088185821582605,0.748,0.6251346278405147,1.5110205584030767,[0.         0.         0.         0.         0.96399107 0.         0.         0.         0.         0.         0.01299351 0.         0.         0.         0.         0.         0.         0.         0.         0.         0.         0.         0.         0.         0.         0.01139526 0.         0.01162015 0.         0.         0.        ],[0. 0. 0. 0. 1. 0. 0. 0. 0. 0. 1. 0. 0. 0. 0. 0. 0. 0. 0. 0. 0. 0. 0. 0. 0. 1. 0. 1. 0. 0. 0.],4.0,best,10000,100000,100,0.9,0.5,0.9,0.5,0.9,5,0.82,1,4,,problem_solving,10
6300,0.003515306114620016,0.062017,0.004088185821582605,0.752,0.6214709477201097,-1.2082410856698753,[0.         0.         0.         0.         0.96399107 0.         0.         0.         0.         0.         0.01299351 0.         0.         0.         0.         0.         0.         0.         0.         0.         0.         0.         0.         0.         0.         0.01139526 0.         0.01162015 0.         0.         0.        ],[0. 0. 0. 0. 1. 0. 0. 0. 0. 0. 1. 0. 0. 0. 0. 0. 0. 0. 0. 0. 0. 0. 0. 0. 0. 1. 0. 1. 0. 0. 0.],4.0,best,10000,100000,100,0.9,0.5,0.9,0.5,0.9,5,0.82,1,4,,problem_solving,10
6400,0.003515306114620016,0.062017,0.004088185821582605,0.756,0.6178287390578946,-2.7572945717186053,[0.         0.         0.         0.         0.96399107 0.         0.         0.         0.         0.         0.01299351 0.         0.         0.         0.         0.         0.         0.         0.         0.         0.         0.         0.         0.         0.         0.01139526 0.         0.01162015 0.         0.         0.        ],[0. 0. 0. 0. 1. 0. 0. 0. 0. 0. 1. 0. 0. 0. 0. 0. 0. 0. 0. 0. 0. 0. 0. 0. 0. 1. 0. 1. 0. 0. 0.],4.0,best,10000,100000,100,0.9,0.5,0.9,0.5,0.9,5,0.82,1,4,,problem_solving,10
6500,0.003515306114620016,0.062017,0.004088185821582605,0.76,0.6142078760176876,3.6980772577649716,[0.         0.         0.         0.         0.96399107 0.         0.         0.         0.         0.         0.01299351 0.         0.         0.         0.         0.         0.         0.         0.         0.         0.         0.         0.         0.         0.         0.01139526 0.         0.01162015 0.         0.         0.        ],[0. 0. 0. 0. 1. 0. 0. 0. 0. 0. 1. 0. 0. 0. 0. 0. 0. 0. 0. 0. 0. 0. 0. 0. 0. 1. 0. 1. 0. 0. 0.],4.0,best,10000,100000,100,0.9,0.5,0.9,0.5,0.9,5,0.82,1,4,,problem_solving,10
6600,0.003515306114620016,0.062017,0.004088185821582605,0.764,0.6106082335007861,0.45818370113536705,[0.         0.         0.         0.         0.96399107 0.         0.         0.         0.         0.         0.01299351 0.         0.         0.         0.         0.         0.         0.         0.         0.         0.         0.         0.         0.         0.         0.01139526 0.         0.01162015 0.         0.         0.        ],[0. 0. 0. 0. 1. 0. 0. 0. 0. 0. 1. 0. 0. 0. 0. 0. 0. 0. 0. 0. 0. 0. 0. 0. 0. 1. 0. 1. 0. 0. 0.],4.0,best,10000,100000,100,0.9,0.5,0.9,0.5,0.9,5,0.82,1,4,,problem_solving,10
6700,0.003515306114620016,0.062017,0.004088185821582605,0.768,0.6070296871416437,-0.7209823481661383,[0.         0.         0.         0.         0.96399107 0.         0.         0.         0.         0.         0.01299351 0.         0.         0.         0.         0.         0.         0.         0.         0.         0.         0.         0.         0.         0.         0.01139526 0.         0.01162015 0.         0.         0.        ],[0. 0. 0. 0. 1. 0. 0. 0. 0. 0. 1. 0. 0. 0. 0. 0. 0. 0. 0. 0. 0. 0. 0. 0. 0. 1. 0. 1. 0. 0. 0.],4.0,best,10000,100000,100,0.9,0.5,0.9,0.5,0.9,5,0.82,1,4,,problem_solving,10
6800,0.003515306114620016,0.062017,0.004088185821582605,0.772,0.6034721133035746,-2.488788290816866,[0.         0.         0.         0.         0.96399107 0.         0.         0.         0.         0.         0.01299351 0.         0.         0.         0.         0.         0.         0.         0.         0.         0.         0.         0.         0.         0.         0.01139526 0.         0.01162015 0.         0.         0.        ],[0. 0. 0. 0. 1. 0. 0. 0. 0. 0. 1. 0. 0. 0. 0. 0. 0. 0. 0. 0. 0. 0. 0. 0. 0. 1. 0. 1. 0. 0. 0.],4.0,best,10000,100000,100,0.9,0.5,0.9,0.5,0.9,5,0.82,1,4,,problem_solving,10
6900,0.003515306114620016,0.062017,0.004088185821582605,0.776,0.5999353890744809,-1.1979049643159674,[0.         0.         0.         0.         0.96399107 0.         0.         0.         0.         0.         0.01299351 0.         0.         0.         0.         0.         0.         0.         0.         0.         0.         0.         0.         0.         0.         0.01139526 0.         0.01162015 0.         0.         0.        ],[0. 0. 0. 0. 1. 0. 0. 0. 0. 0. 1. 0. 0. 0. 0. 0. 0. 0. 0. 0. 0. 0. 0. 0. 0. 1. 0. 1. 0. 0. 0.],4.0,best,10000,100000,100,0.9,0.5,0.9,0.5,0.9,5,0.82,1,4,,problem_solving,10
7000,0.003515306114620016,0.062017,0.004088185821582605,0.78,0.5964193922626064,3.8502812583278794,[0.         0.         0.         0.         0.96399107 0.         0.         0.         0.         0.         0.01299351 0.         0.         0.         0.         0.         0.         0.         0.         0.         0.         0.         0.         0.         0.         0.01139526 0.         0.01162015 0.         0.         0.        ],[0. 0. 0. 0. 1. 0. 0. 0. 0. 0. 1. 0. 0. 0. 0. 0. 0. 0. 0. 0. 0. 0. 0. 0. 0. 1. 0. 1. 0. 0. 0.],4.0,best,10000,100000,100,0.9,0.5,0.9,0.5,0.9,5,0.82,1,4,,problem_solving,10
7100,0.003515306114620016,0.062017,0.004088185821582605,0.784,0.5929240013923155,-3.5694994443943053,[0.         0.         0.         0.         0.96399107 0.         0.         0.         0.         0.         0.01299351 0.         0.         0.         0.         0.         0.         0.         0.         0.         0.         0.         0.         0.         0.         0.01139526 0.         0.01162015 0.         0.         0.        ],[0. 0. 0. 0. 1. 0. 0. 0. 0. 0. 1. 0. 0. 0. 0. 0. 0. 0. 0. 0. 0. 0. 0. 0. 0. 1. 0. 1. 0. 0. 0.],4.0,best,10000,100000,100,0.9,0.5,0.9,0.5,0.9,5,0.82,1,4,,problem_solving,10
7200,0.003515306114620016,0.062017,0.004088185821582605,0.788,0.5894490956998952,-2.785945171259063,[0.         0.         0.         0.         0.96399107 0.         0.         0.         0.         0.         0.01299351 0.         0.         0.         0.         0.         0.         0.         0.         0.         0.         0.         0.         0.         0.         0.01139526 0.         0.01162015 0.         0.         0.        ],[0. 0. 0. 0. 1. 0. 0. 0. 0. 0. 1. 0. 0. 0. 0. 0. 0. 0. 0. 0. 0. 0. 0. 0. 0. 1. 0. 1. 0. 0. 0.],4.0,best,10000,100000,100,0.9,0.5,0.9,0.5,0.9,5,0.82,1,4,,problem_solving,10
7300,0.003515306114620016,0.062017,0.004088185821582605,0.792,0.5859945551293843,2.8966422312989804,[0.         0.         0.         0.         0.96399107 0.         0.         0.         0.         0.         0.01299351 0.         0.         0.         0.         0.         0.         0.         0.         0.         0.         0.         0.         0.         0.         0.01139526 0.         0.01162015 0.         0.         0.        ],[0. 0. 0. 0. 1. 0. 0. 0. 0. 0. 1. 0. 0. 0. 0. 0. 0. 0. 0. 0. 0. 0. 0. 0. 0. 1. 0. 1. 0. 0. 0.],4.0,best,10000,100000,100,0.9,0.5,0.9,0.5,0.9,5,0.82,1,4,,problem_solving,10
7400,0.003515306114620016,0.062017,0.004088185821582605,0.796,0.5825602603284237,3.0912696328181557,[0.         0.         0.         0.         0.96399107 0.         0.         0.         0.         0.         0.01299351 0.         0.         0.         0.         0.         0.         0.         0.         0.         0.         0.         0.         0.         0.         0.01139526 0.         0.01162015 0.         0.         0.        ],[0. 0. 0. 0. 1. 0. 0. 0. 0. 0. 1. 0. 0. 0. 0. 0. 0. 0. 0. 0. 0. 0. 0. 0. 0. 1. 0. 1. 0. 0. 0.],4.0,best,10000,100000,100,0.9,0.5,0.9,0.5,0.9,5,0.82,1,4,,problem_solving,10
7500,0.003515306114620016,0.062017,0.004088185821582605,0.8,0.5791460926441345,2.455938373159734,[0.         0.         0.         0.         0.96399107 0.         0.         0.         0.         0.         0.01299351 0.         0.         0.         0.         0.         0.         0.         0.         0.         0.         0.         0.         0.         0.         0.01139526 0.         0.01162015 0.         0.         0.        ],[0. 0. 0. 0. 1. 0. 0. 0. 0. 0. 1. 0. 0. 0. 0. 0. 0. 0. 0. 0. 0. 0. 0. 0. 0. 1. 0. 1. 0. 0. 0.],4.0,best,10000,100000,100,0.9,0.5,0.9,0.5,0.9,5,0.82,1,4,,problem_solving,10
7600,0.003515306114620016,0.062017,0.004088185821582605,0.804,0.5757519341190179,3.2015941830318257,[0.         0.         0.         0.         0.96399107 0.         0.         0.         0.         0.         0.01299351 0.         0.         0.         0.         0.         0.         0.         0.         0.         0.         0.         0.         0.         0.         0.01139526 0.         0.01162015 0.         0.         0.        ],[0. 0. 0. 0. 1. 0. 0. 0. 0. 0. 1. 0. 0. 0. 0. 0. 0. 0. 0. 0. 0. 0. 0. 0. 0. 1. 0. 1. 0. 0. 0.],4.0,best,10000,100000,100,0.9,0.5,0.9,0.5,0.9,5,0.82,1,4,,problem_solving,10
7700,0.003515306114620016,0.062017,0.004088185821582605,0.808,0.5723776674868795,-0.9721650339471483,[0.         0.         0.         0.         0.96399107 0.         0.         0.         0.         0.         0.01299351 0.         0.         0.         0.         0.         0.         0.         0.         0.         0.         0.         0.         0.         0.         0.01139526 0.         0.01162015 0.         0.         0.        ],[0. 0. 0. 0. 1. 0. 0. 0. 0. 0. 1. 0. 0. 0. 0. 0. 0. 0. 0. 0. 0. 0. 0. 0. 0. 1. 0. 1. 0. 0. 0.],4.0,best,10000,100000,100,0.9,0.5,0.9,0.5,0.9,5,0.82,1,4,,problem_solving,10
7800,0.003515306114620016,0.062017,0.004088185821582605,0.812,0.5690231761687783,-2.3488267060408172,[0.         0.         0.         0.         0.96399107 0.         0.         0.         0.         0.         0.01299351 0.         0.         0.         0.         0.         0.         0.         0.         0.         0.         0.         0.         0.         0.         0.01139526 0.         0.01162015 0.         0.         0.        ],[0. 0. 0. 0. 1. 0. 0. 0. 0. 0. 1. 0. 0. 0. 0. 0. 0. 0. 0. 0. 0. 0. 0. 0. 0. 1. 0. 1. 0. 0. 0.],4.0,best,10000,100000,100,0.9,0.5,0.9,0.5,0.9,5,0.82,1,4,,problem_solving,10
7900,0.003515306114620016,0.062017,0.004088185821582605,0.8160000000000001,0.5656883442689989,-0.28792809811861375,[0.         0.         0.         0.         0.96399107 0.         0.         0.         0.         0.         0.01299351 0.         0.         0.         0.         0.         0.         0.         0.         0.         0.         0.         0.         0.         0.         0.01139526 0.         0.01162015 0.         0.         0.        ],[0. 0. 0. 0. 1. 0. 0. 0. 0. 0. 1. 0. 0. 0. 0. 0. 0. 0. 0. 0. 0. 0. 0. 0. 0. 1. 0. 1. 0. 0. 0.],4.0,best,10000,100000,100,0.9,0.5,0.9,0.5,0.9,5,0.82,1,4,,problem_solving,10
8000,0.003515306114620016,0.062017,0.004088185821582605,0.8200000000000001,0.5623730565710474,-3.257972306595052,[0.         0.         0.         0.         0.96399107 0.         0.         0.         0.         0.         0.01299351 0.         0.         0.         0.         0.         0.         0.         0.         0.         0.         0.         0.         0.         0.         0.01139526 0.         0.01162015 0.         0.         0.        ],[0. 0. 0. 0. 1. 0. 0. 0. 0. 0. 1. 0. 0. 0. 0. 0. 0. 0. 0. 0. 0. 0. 0. 0. 0. 1. 0. 1. 0. 0. 0.],4.0,best,10000,100000,100,0.9,0.5,0.9,0.5,0.9,5,0.82,1,4,,problem_solving,10
8100,0.003515306114620016,0.062017,0.004088185821582605,0.8240000000000001,0.5590771985336705,0.17270193464541647,[0.         0.         0.         0.         0.96399107 0.         0.         0.         0.         0.         0.01299351 0.         0.         0.         0.         0.         0.         0.         0.         0.         0.         0.         0.         0.         0.         0.01139526 0.         0.01162015 0.         0.         0.        ],[0. 0. 0. 0. 1. 0. 0. 0. 0. 0. 1. 0. 0. 0. 0. 0. 0. 0. 0. 0. 0. 0. 0. 0. 0. 1. 0. 1. 0. 0. 0.],4.0,best,10000,100000,100,0.9,0.5,0.9,0.5,0.9,5,0.82,1,4,,problem_solving,10
8200,0.003515306114620016,0.062017,0.004088185821582605,0.8280000000000001,0.5558006562868987,-2.8026820025885257,[0.         0.         0.         0.         0.96399107 0.         0.         0.         0.         0.         0.01299351 0.         0.         0.         0.         0.         0.         0.         0.         0.         0.         0.         0.         0.         0.         0.01139526 0.         0.01162015 0.         0.         0.        ],[0. 0. 0. 0. 1. 0. 0. 0. 0. 0. 1. 0. 0. 0. 0. 0. 0. 0. 0. 0. 0. 0. 0. 0. 0. 1. 0. 1. 0. 0. 0.],4.0,best,10000,100000,100,0.9,0.5,0.9,0.5,0.9,5,0.82,1,4,,problem_solving,10
8300,0.003515306114620016,0.062017,0.004088185821582605,0.8320000000000001,0.5525433166281111,2.0515214706264517,[0.         0.         0.         0.         0.96399107 0.         0.         0.         0.         0.         0.01299351 0.         0.         0.         0.         0.         0.         0.         0.         0.         0.         0.         0.         0.         0.         0.01139526 0.         0.01162015 0.         0.         0.        ],[0. 0. 0. 0. 1. 0. 0. 0. 0. 0. 1. 0. 0. 0. 0. 0. 0. 0. 0. 0. 0. 0. 0. 0. 0. 1. 0. 1. 0. 0. 0.],4.0,best,10000,100000,100,0.9,0.5,0.9,0.5,0.9,5,0.82,1,4,,problem_solving,10
8400,0.003515306114620016,0.062017,0.004088185821582605,0.8360000000000001,0.5493050670181255,-0.44567661963619937,[0.         0.         0.         0.         0.96399107 0.         0.         0.         0.         0.         0.01299351 0.         0.         0.         0.         0.         0.         0.         0.         0.         0.         0.         0.         0.         0.         0.01139526 0.         0.01162015 0.         0.         0.        ],[0. 0. 0. 0. 1. 0. 0. 0. 0. 0. 1. 0. 0. 0. 0. 0. 0. 0. 0. 0. 0. 0. 0. 0. 0. 1. 0. 1. 0. 0. 0.],4.0,best,10000,100000,100,0.9,0.5,0.9,0.5,0.9,5,0.82,1,4,,problem_solving,10
8500,0.003515306114620016,0.062017,0.004088185821582605,0.8400000000000001,0.5460857955773097,1.65188973827073,[0.         0.         0.         0.         0.96399107 0.         0.         0.         0.         0.         0.01299351 0.         0.         0.         0.         0.         0.         0.         0.         0.         0.         0.         0.         0.         0.         0.01139526 0.         0.01162015 0.         0.         0.        ],[0. 0. 0. 0. 1. 0. 0. 0. 0. 0. 1. 0. 0. 0. 0. 0. 0. 0. 0. 0. 0. 0. 0. 0. 0. 1. 0. 1. 0. 0. 0.],4.0,best,10000,100000,100,0.9,0.5,0.9,0.5,0.9,5,0.82,1,4,,problem_solving,10
8600,0.003515306114620016,0.062017,0.004088185821582605,0.8440000000000001,0.542885391081716,-0.5941661246794434,[0.         0.         0.         0.         0.96399107 0.         0.         0.         0.         0.         0.01299351 0.         0.         0.         0.         0.         0.         0.         0.         0.         0.         0.         0.         0.         0.         0.01139526 0.         0.01162015 0.         0.         0.        ],[0. 0. 0. 0. 1. 0. 0. 0. 0. 0. 1. 0. 0. 0. 0. 0. 0. 0. 0. 0. 0. 0. 0. 0. 0. 1. 0. 1. 0. 0. 0.],4.0,best,10000,100000,100,0.9,0.5,0.9,0.5,0.9,5,0.82,1,4,,problem_solving,10
8700,0.003515306114620016,0.062017,0.004088185821582605,0.8480000000000001,0.5397037429592386,0.48318373196200065,[0.         0.         0.         0.         0.96399107 0.         0.         0.         0.         0.         0.01299351 0.         0.         0.         0.         0.         0.         0.         0.         0.         0.         0.         0.         0.         0.         0.01139526 0.         0.01162015 0.         0.         0.        ],[0. 0. 0. 0. 1. 0. 0. 0. 0. 0. 1. 0. 0. 0. 0. 0. 0. 0. 0. 0. 0. 0. 0. 0. 0. 1. 0. 1. 0. 0. 0.],4.0,best,10000,100000,100,0.9,0.5,0.9,0.5,0.9,5,0.82,1,4,,problem_solving,10
8800,0.003515306114620016,0.062017,0.004088185821582605,0.8520000000000001,0.5365407412857937,-1.7987396527373405,[0.         0.         0.         0.         0.96399107 0.         0.         0.         0.         0.         0.01299351 0.         0.         0.         0.         0.         0.         0.         0.         0.         0.         0.         0.         0.         0.         0.01139526 0.         0.01162015 0.         0.         0.        ],[0. 0. 0. 0. 1. 0. 0. 0. 0. 0. 1. 0. 0. 0. 0. 0. 0. 0. 0. 0. 0. 0. 0. 0. 0. 1. 0. 1. 0. 0. 0.],4.0,best,10000,100000,100,0.9,0.5,0.9,0.5,0.9,5,0.82,1,4,,problem_solving,10
8900,0.003515306114620016,0.062017,0.004088185821582605,0.8560000000000001,0.5333962767815211,6.759292809504174,[0.         0.         0.         0.         0.96399107 0.         0.         0.         0.         0.         0.01299351 0.         0.         0.         0.         0.         0.         0.         0.         0.         0.         0.         0.         0.         0.         0.01139526 0.         0.01162015 0.         0.         0.        ],[0. 0. 0. 0. 1. 0. 0. 0. 0. 0. 1. 0. 0. 0. 0. 0. 0. 0. 0. 0. 0. 0. 0. 0. 0. 1. 0. 1. 0. 0. 0.],4.0,best,10000,100000,100,0.9,0.5,0.9,0.5,0.9,5,0.82,1,4,,problem_solving,10
9000,0.003515306114620016,0.062017,0.004088185821582605,0.8600000000000001,0.5302702408070095,-0.3445810782270946,[0.         0.         0.         0.         0.96399107 0.         0.         0.         0.         0.         0.01299351 0.         0.         0.         0.         0.         0.         0.         0.         0.         0.         0.         0.         0.         0.         0.01139526 0.         0.01162015 0.         0.         0.        ],[0. 0. 0. 0. 1. 0. 0. 0. 0. 0. 1. 0. 0. 0. 0. 0. 0. 0. 0. 0. 0. 0. 0. 0. 0. 1. 0. 1. 0. 0. 0.],4.0,best,10000,100000,100,0.9,0.5,0.9,0.5,0.9,5,0.82,1,4,,problem_solving,10
9100,0.003515306114620016,0.062017,0.004088185821582605,0.8640000000000001,0.5271625253595416,-1.0944482532463922,[0.         0.         0.         0.         0.96399107 0.         0.         0.         0.         0.         0.01299351 0.         0.         0.         0.         0.         0.         0.         0.         0.         0.         0.         0.         0.         0.         0.01139526 0.         0.01162015 0.         0.         0.        ],[0. 0. 0. 0. 1. 0. 0. 0. 0. 0. 1. 0. 0. 0. 0. 0. 0. 0. 0. 0. 0. 0. 0. 0. 0. 1. 0. 1. 0. 0. 0.],4.0,best,10000,100000,100,0.9,0.5,0.9,0.5,0.9,5,0.82,1,4,,problem_solving,10
9200,0.003515306114620016,0.062017,0.004088185821582605,0.8680000000000001,0.5240730230693647,0.22755917499506237,[0.         0.         0.         0.         0.96399107 0.         0.         0.         0.         0.         0.01299351 0.         0.         0.         0.         0.         0.         0.         0.         0.         0.         0.         0.         0.         0.         0.01139526 0.         0.01162015 0.         0.         0.        ],[0. 0. 0. 0. 1. 0. 0. 0. 0. 0. 1. 0. 0. 0. 0. 0. 0. 0. 0. 0. 0. 0. 0. 0. 0. 1. 0. 1. 0. 0. 0.],4.0,best,10000,100000,100,0.9,0.5,0.9,0.5,0.9,5,0.82,1,4,,problem_solving,10
9300,0.003515306114620016,0.062017,0.004088185821582605,0.8720000000000001,0.5210016271959791,0.05522184655492731,[0.         0.         0.         0.         0.96399107 0.         0.         0.         0.         0.         0.01299351 0.         0.         0.         0.         0.         0.         0.         0.         0.         0.         0.         0.         0.         0.         0.01139526 0.         0.01162015 0.         0.         0.        ],[0. 0. 0. 0. 1. 0. 0. 0. 0. 0. 1. 0. 0. 0. 0. 0. 0. 0. 0. 0. 0. 0. 0. 0. 0. 1. 0. 1. 0. 0. 0.],4.0,best,10000,100000,100,0.9,0.5,0.9,0.5,0.9,5,0.82,1,4,,problem_solving,10
9400,0.003515306114620016,0.062017,0.004088185821582605,0.8760000000000001,0.5179482316244518,0.8115218355151692,[0.         0.         0.         0.         0.96399107 0.         0.         0.         0.         0.         0.01299351 0.         0.         0.         0.         0.         0.         0.         0.         0.         0.         0.         0.         0.         0.         0.01139526 0.         0.01162015 0.         0.         0.        ],[0. 0. 0. 0. 1. 0. 0. 0. 0. 0. 1. 0. 0. 0. 0. 0. 0. 0. 0. 0. 0. 0. 0. 0. 0. 1. 0. 1. 0. 0. 0.],4.0,best,10000,100000,100,0.9,0.5,0.9,0.5,0.9,5,0.82,1,4,,problem_solving,10
9500,0.003515306114620016,0.062017,0.004088185821582605,0.88,0.5149127308617497,1.478480559003195,[0.         0.         0.         0.         0.96399107 0.         0.         0.         0.         0.         0.01299351 0.         0.         0.         0.         0.         0.         0.         0.         0.         0.         0.         0.         0.         0.         0.01139526 0.         0.01162015 0.         0.         0.        ],[0. 0. 0. 0. 1. 0. 0. 0. 0. 0. 1. 0. 0. 0. 0. 0. 0. 0. 0. 0. 0. 0. 0. 0. 0. 1. 0. 1. 0. 0. 0.],4.0,best,10000,100000,100,0.9,0.5,0.9,0.5,0.9,5,0.82,1,4,,problem_solving,10
9600,0.003515306114620016,0.062017,0.004088185821582605,0.884,0.5118950200330946,3.0067681868991842,[0.         0.         0.         0.         0.96399107 0.         0.         0.         0.         0.         0.01299351 0.         0.         0.         0.         0.         0.         0.         0.         0.         0.         0.         0.         0.         0.         0.01139526 0.         0.01162015 0.         0.         0.        ],[0. 0. 0. 0. 1. 0. 0. 0. 0. 0. 1. 0. 0. 0. 0. 0. 0. 0. 0. 0. 0. 0. 0. 0. 0. 1. 0. 1. 0. 0. 0.],4.0,best,10000,100000,100,0.9,0.5,0.9,0.5,0.9,5,0.82,1,4,,problem_solving,10
9700,0.003515306114620016,0.062017,0.004088185821582605,0.888,0.5088949948783402,-0.6153219815936208,[0.         0.         0.         0.         0.96399107 0.         0.         0.         0.         0.         0.01299351 0.         0.         0.         0.         0.         0.         0.         0.         0.         0.         0.         0.         0.         0.         0.01139526 0.         0.01162015 0.         0.         0.        ],[0. 0. 0. 0. 1. 0. 0. 0. 0. 0. 1. 0. 0. 0. 0. 0. 0. 0. 0. 0. 0. 0. 0. 0. 0. 1. 0. 1. 0. 0. 0.],4.0,best,10000,100000,100,0.9,0.5,0.9,0.5,0.9,5,0.82,1,4,,problem_solving,10
9800,0.003515306114620016,0.062017,0.004088185821582605,0.892,0.5059125517483702,0.25533636448340014,[0.         0.         0.         0.         0.96399107 0.         0.         0.         0.         0.         0.01299351 0.         0.         0.         0.         0.         0.         0.         0.         0.         0.         0.         0.         0.         0.         0.01139526 0.         0.01162015 0.         0.         0.        ],[0. 0. 0. 0. 1. 0. 0. 0. 0. 0. 1. 0. 0. 0. 0. 0. 0. 0. 0. 0. 0. 0. 0. 0. 0. 1. 0. 1. 0. 0. 0.],4.0,best,10000,100000,100,0.9,0.5,0.9,0.5,0.9,5,0.82,1,4,,problem_solving,10
9900,0.003515306114620016,0.062017,0.004088185821582605,0.896,0.5029475876015165,-1.5127937857844864,[0.         0.         0.         0.         0.96399107 0.         0.         0.         0.         0.         0.01299351 0.         0.         0.         0.         0.         0.         0.         0.         0.         0.         0.         0.         0.         0.         0.01139526 0.         0.01162015 0.         0.         0.        ],[0. 0. 0. 0. 1. 0. 0. 0. 0. 0. 1. 0. 0. 0. 0. 0. 0. 0. 0. 0. 0. 0. 0. 0. 0. 1. 0. 1. 0. 0. 0.],4.0,best,10000,100000,100,0.9,0.5,0.9,0.5,0.9,5,0.82,1,4,,problem_solving,10
9999,0.00347077014359695,0.065168,0.005866160086446319,0.8999600000000001,0.500029390196995,-4.211059608802697,[0.         0.         0.         0.         0.96414071 0.         0.         0.         0.         0.         0.0123788  0.         0.         0.         0.         0.         0.         0.         0.         0.         0.         0.         0.         0.         0.         0.01139342 0.         0.01208707 0.         0.         0.        ],[0. 0. 0. 0. 1. 0. 0. 0. 0. 0. 1. 0. 0. 0. 0. 0. 0. 0. 0. 0. 0. 0. 0. 0. 0. 1. 0. 1. 0. 0. 0.],4.0,best,10000,100000,100,0.9,0.5,0.9,0.5,0.9,5,0.82,1,4,,problem_solving,10
