iter,cost,risk,return,par,bw,move,X,Z,Q,pop_init,max_iter,pop_size,mem_size,mem_consider,par_min,par_max,bw_min,bw_max,sigma,lambda,port_n,k,seed,tag,local_search
1,-0.005864296163312905,0.059625,0.0029359423236064693,0.50004,0.8999471007548476,-12.532424071667384,[0.01115328 0.         0.         0.         0.96654017 0.         0.         0.         0.         0.         0.         0.         0.         0.         0.         0.         0.         0.         0.         0.         0.         0.         0.         0.         0.         0.01115328 0.         0.         0.01115328 0.         0.        ],[1. 0. 0. 0. 1. 0. 0. 0. 0. 0. 0. 0. 0. 0. 0. 0. 0. 0. 0. 0. 0. 0. 0. 0. 0. 1. 0. 0. 1. 0. 0.],4.0,best,10000,100000,100,0.9,0.5,0.9,0.5,0.9,5,0.25,1,4,,problem_solving,10
100,-0.005864296163312905,0.059625,0.0029359423236064693,0.504,0.894725436791504,2.382619511544364,[0.01115328 0.         0.         0.         0.96654017 0.         0.         0.         0.         0.         0.         0.         0.         0.         0.         0.         0.         0.         0.         0.         0.         0.         0.         0.         0.         0.01115328 0.         0.         0.01115328 0.         0.        ],[1. 0. 0. 0. 1. 0. 0. 0. 0. 0. 0. 0. 0. 0. 0. 0. 0. 0. 0. 0. 0. 0. 0. 0. 0. 1. 0. 0. 1. 0. 0.],4.0,best,10000,100000,100,0.9,0.5,0.9,0.5,0.9,5,0.25,1,4,,problem_solving,10
200,-0.005864296163312905,0.059625,0.0029359423236064693,0.508,0.8894817858241639,0.40197457095172817,[0.01115328 0.         0.         0.         0.96654017 0.         0.         0.         0.         0.         0.         0.         0.         0.         0.         0.         0.         0.         0.         0.         0.         0.         0.         0.         0.         0.01115328 0.         0.         0.01115328 0.         0.        ],[1. 0. 0. 0. 1. 0. 0. 0. 0. 0. 0. 0. 0. 0. 0. 0. 0. 0. 0. 0. 0. 0. 0. 0. 0. 1. 0. 0. 1. 0. 0.],4.0,best,10000,100000,100,0.9,0.5,0.9,0.5,0.9,5,0.25,1,4,,problem_solving,10
300,-0.005864296163312905,0.059625,0.0029359423236064693,0.512,0.8842688659329022,-8.86305225335323,[0.01115328 0.         0.         0.         0.96654017 0.         0.         0.         0.         0.         0.         0.         0.         0.         0.         0.         0.         0.         0.         0.         0.         0.         0.         0.         0.         0.01115328 0.         0.         0.01115328 0.         0.        ],[1. 0. 0. 0. 1. 0. 0. 0. 0. 0. 0. 0. 0. 0. 0. 0. 0. 0. 0. 0. 0. 0. 0. 0. 0. 1. 0. 0. 1. 0. 0.],4.0,best,10000,100000,100,0.9,0.5,0.9,0.5,0.9,5,0.25,1,4,,problem_solving,10
400,-0.005864296163312905,0.059625,0.0029359423236064693,0.516,0.879086497014382,-3.07369764393971,[0.01115328 0.         0.         0.         0.96654017 0.         0.         0.         0.         0.         0.         0.         0.         0.         0.         0.         0.         0.         0.         0.         0.         0.         0.         0.         0.         0.01115328 0.         0.         0.01115328 0.         0.        ],[1. 0. 0. 0. 1. 0. 0. 0. 0. 0. 0. 0. 0. 0. 0. 0. 0. 0. 0. 0. 0. 0. 0. 0. 0. 1. 0. 0. 1. 0. 0.],4.0,best,10000,100000,100,0.9,0.5,0.9,0.5,0.9,5,0.25,1,4,,problem_solving,10
500,-0.005864296163312905,0.059625,0.0029359423236064693,0.52,0.8739345000207845,-0.18335759533451265,[0.01115328 0.         0.         0.         0.96654017 0.         0.         0.         0.         0.         0.         0.         0.         0.         0.         0.         0.         0.         0.         0.         0.         0.         0.         0.         0.         0.01115328 0.         0.         0.01115328 0.         0.        ],[1. 0. 0. 0. 1. 0. 0. 0. 0. 0. 0. 0. 0. 0. 0. 0. 0. 0. 0. 0. 0. 0. 0. 0. 0. 1. 0. 0. 1. 0. 0.],4.0,best,10000,100000,100,0.9,0.5,0.9,0.5,0.9,5,0.25,1,4,,problem_solving,10
600,-0.005864296163312905,0.059625,0.0029359423236064693,0.524,0.8688126969536234,3.0825605588683223,[0.01115328 0.         0.         0.         0.96654017 0.         0.         0.         0.         0.         0.         0.         0.         0.         0.         0.         0.         0.         0.         0.         0.         0.         0.         0.         0.         0.01115328 0.         0.         0.01115328 0.         0.        ],[1. 0. 0. 0. 1. 0. 0. 0. 0. 0. 0. 0. 0. 0. 0. 0. 0. 0. 0. 0. 0. 0. 0. 0. 0. 1. 0. 0. 1. 0. 0.],4.0,best,10000,100000,100,0.9,0.5,0.9,0.5,0.9,5,0.25,1,4,,problem_solving,10
700,-0.005864296163312905,0.059625,0.0029359423236064693,0.528,0.8637209108575947,0.8804165957848521,[0.01115328 0.         0.         0.         0.96654017 0.         0.         0.         0.         0.         0.         0.         0.         0.         0.         0.         0.         0.         0.         0.         0.         0.         0.         0.         0.         0.01115328 0.         0.         0.01115328 0.         0.        ],[1. 0. 0. 0. 1. 0. 0. 0. 0. 0. 0. 0. 0. 0. 0. 0. 0. 0. 0. 0. 0. 0. 0. 0. 0. 1. 0. 0. 1. 0. 0.],4.0,best,10000,100000,100,0.9,0.5,0.9,0.5,0.9,5,0.25,1,4,,problem_solving,10
800,-0.005864296163312905,0.059625,0.0029359423236064693,0.532,0.8586589658144633,-2.6157447557181066,[0.01115328 0.         0.         0.         0.96654017 0.         0.         0.         0.         0.         0.         0.         0.         0.         0.         0.         0.         0.         0.         0.         0.         0.         0.         0.         0.         0.01115328 0.         0.         0.01115328 0.         0.        ],[1. 0. 0. 0. 1. 0. 0. 0. 0. 0. 0. 0. 0. 0. 0. 0. 0. 0. 0. 0. 0. 0. 0. 0. 0. 1. 0. 0. 1. 0. 0.],4.0,best,10000,100000,100,0.9,0.5,0.9,0.5,0.9,5,0.25,1,4,,problem_solving,10
900,-0.005864296163312905,0.059625,0.0029359423236064693,0.536,0.8536266869369854,0.9143782203987904,[0.01115328 0.         0.         0.         0.96654017 0.         0.         0.         0.         0.         0.         0.         0.         0.         0.         0.         0.         0.         0.         0.         0.         0.         0.         0.         0.         0.01115328 0.         0.         0.01115328 0.         0.        ],[1. 0. 0. 0. 1. 0. 0. 0. 0. 0. 0. 0. 0. 0. 0. 0. 0. 0. 0. 0. 0. 0. 0. 0. 0. 1. 0. 0. 1. 0. 0.],4.0,best,10000,100000,100,0.9,0.5,0.9,0.5,0.9,5,0.25,1,4,,problem_solving,10
1000,-0.006027385136493722,0.074618,0.008391263596426323,0.54,0.8486239003628652,-3.6342593894897597,[0.         0.         0.         0.         0.96674699 0.         0.         0.         0.         0.         0.         0.         0.         0.         0.         0.         0.01094135 0.         0.         0.         0.         0.         0.         0.         0.         0.         0.         0.01094135 0.01137032 0.         0.        ],[0. 0. 0. 0. 1. 0. 0. 0. 0. 0. 0. 0. 0. 0. 0. 0. 1. 0. 0. 0. 0. 0. 0. 0. 0. 0. 0. 1. 1. 0. 0.],4.0,best,10000,100000,100,0.9,0.5,0.9,0.5,0.9,5,0.25,1,4,,problem_solving,10
1100,-0.006027385136493722,0.074618,0.008391263596426323,0.544,0.8436504332487491,0.46475805589979513,[0.         0.         0.         0.         0.96674699 0.         0.         0.         0.         0.         0.         0.         0.         0.         0.         0.         0.01094135 0.         0.         0.         0.         0.         0.         0.         0.         0.         0.         0.01094135 0.01137032 0.         0.        ],[0. 0. 0. 0. 1. 0. 0. 0. 0. 0. 0. 0. 0. 0. 0. 0. 1. 0. 0. 0. 0. 0. 0. 0. 0. 0. 0. 1. 1. 0. 0.],4.0,best,10000,100000,100,0.9,0.5,0.9,0.5,0.9,5,0.25,1,4,,problem_solving,10
1200,-0.006027385136493722,0.074618,0.008391263596426323,0.548,0.838706113764254,-6.443700098639367,[0.         0.         0.         0.         0.96674699 0.         0.         0.         0.         0.         0.         0.         0.         0.         0.         0.         0.01094135 0.         0.         0.         0.         0.         0.         0.         0.         0.         0.         0.01094135 0.01137032 0.         0.        ],[0. 0. 0. 0. 1. 0. 0. 0. 0. 0. 0. 0. 0. 0. 0. 0. 1. 0. 0. 0. 0. 0. 0. 0. 0. 0. 0. 1. 1. 0. 0.],4.0,best,10000,100000,100,0.9,0.5,0.9,0.5,0.9,5,0.25,1,4,,problem_solving,10
1300,-0.006027385136493722,0.074618,0.008391263596426323,0.552,0.83379077108603,-0.7222094803897543,[0.         0.         0.         0.         0.96674699 0.         0.         0.         0.         0.         0.         0.         0.         0.         0.         0.         0.01094135 0.         0.         0.         0.         0.         0.         0.         0.         0.         0.         0.01094135 0.01137032 0.         0.        ],[0. 0. 0. 0. 1. 0. 0. 0. 0. 0. 0. 0. 0. 0. 0. 0. 1. 0. 0. 0. 0. 0. 0. 0. 0. 0. 0. 1. 1. 0. 0.],4.0,best,10000,100000,100,0.9,0.5,0.9,0.5,0.9,5,0.25,1,4,,problem_solving,10
1400,-0.006027385136493722,0.074618,0.008391263596426323,0.556,0.828904235391859,3.1212829545197494,[0.         0.         0.         0.         0.96674699 0.         0.         0.         0.         0.         0.         0.         0.         0.         0.         0.         0.01094135 0.         0.         0.         0.         0.         0.         0.         0.         0.         0.         0.01094135 0.01137032 0.         0.        ],[0. 0. 0. 0. 1. 0. 0. 0. 0. 0. 0. 0. 0. 0. 0. 0. 1. 0. 0. 0. 0. 0. 0. 0. 0. 0. 0. 1. 1. 0. 0.],4.0,best,10000,100000,100,0.9,0.5,0.9,0.5,0.9,5,0.25,1,4,,problem_solving,10
1500,-0.006027385136493722,0.074618,0.008391263596426323,0.56,0.8240463378547873,1.2723857538563152,[0.         0.         0.         0.         0.96674699 0.         0.         0.         0.         0.         0.         0.         0.         0.         0.         0.         0.01094135 0.         0.         0.         0.         0.         0.         0.         0.         0.         0.         0.01094135 0.01137032 0.         0.        ],[0. 0. 0. 0. 1. 0. 0. 0. 0. 0. 0. 0. 0. 0. 0. 0. 1. 0. 0. 0. 0. 0. 0. 0. 0. 0. 0. 1. 1. 0. 0.],4.0,best,10000,100000,100,0.9,0.5,0.9,0.5,0.9,5,0.25,1,4,,problem_solving,10
1600,-0.006027385136493722,0.074618,0.008391263596426323,0.5640000000000001,0.8192169106372932,7.425489623716855,[0.         0.         0.         0.         0.96674699 0.         0.         0.         0.         0.         0.         0.         0.         0.         0.         0.         0.01094135 0.         0.         0.         0.         0.         0.         0.         0.         0.         0.         0.01094135 0.01137032 0.         0.        ],[0. 0. 0. 0. 1. 0. 0. 0. 0. 0. 0. 0. 0. 0. 0. 0. 1. 0. 0. 0. 0. 0. 0. 0. 0. 0. 0. 1. 1. 0. 0.],4.0,best,10000,100000,100,0.9,0.5,0.9,0.5,0.9,5,0.25,1,4,,problem_solving,10
1700,-0.006027385136493722,0.074618,0.008391263596426323,0.5680000000000001,0.8144157868854872,-4.493336599380231,[0.         0.         0.         0.         0.96674699 0.         0.         0.         0.         0.         0.         0.         0.         0.         0.         0.         0.01094135 0.         0.         0.         0.         0.         0.         0.         0.         0.         0.         0.01094135 0.01137032 0.         0.        ],[0. 0. 0. 0. 1. 0. 0. 0. 0. 0. 0. 0. 0. 0. 0. 0. 1. 0. 0. 0. 0. 0. 0. 0. 0. 0. 0. 1. 1. 0. 0.],4.0,best,10000,100000,100,0.9,0.5,0.9,0.5,0.9,5,0.25,1,4,,problem_solving,10
1800,-0.006027385136493722,0.074618,0.008391263596426323,0.5720000000000001,0.8096428007233489,0.2981296396321531,[0.         0.         0.         0.         0.96674699 0.         0.         0.         0.         0.         0.         0.         0.         0.         0.         0.         0.01094135 0.         0.         0.         0.         0.         0.         0.         0.         0.         0.         0.01094135 0.01137032 0.         0.        ],[0. 0. 0. 0. 1. 0. 0. 0. 0. 0. 0. 0. 0. 0. 0. 0. 1. 0. 0. 0. 0. 0. 0. 0. 0. 0. 0. 1. 1. 0. 0.],4.0,best,10000,100000,100,0.9,0.5,0.9,0.5,0.9,5,0.25,1,4,,problem_solving,10
1900,-0.006027385136493722,0.074618,0.008391263596426323,0.5760000000000001,0.8048977872469943,-3.7240031624288656,[0.         0.         0.         0.         0.96674699 0.         0.         0.         0.         0.         0.         0.         0.         0.         0.         0.         0.01094135 0.         0.         0.         0.         0.         0.         0.         0.         0.         0.         0.01094135 0.01137032 0.         0.        ],[0. 0. 0. 0. 1. 0. 0. 0. 0. 0. 0. 0. 0. 0. 0. 0. 1. 0. 0. 0. 0. 0. 0. 0. 0. 0. 0. 1. 1. 0. 0.],4.0,best,10000,100000,100,0.9,0.5,0.9,0.5,0.9,5,0.25,1,4,,problem_solving,10
2000,-0.006027385136493722,0.074618,0.008391263596426323,0.58,0.80018058251898,3.617259664943902,[0.         0.         0.         0.         0.96674699 0.         0.         0.         0.         0.         0.         0.         0.         0.         0.         0.         0.01094135 0.         0.         0.         0.         0.         0.         0.         0.         0.         0.         0.01094135 0.01137032 0.         0.        ],[0. 0. 0. 0. 1. 0. 0. 0. 0. 0. 0. 0. 0. 0. 0. 0. 1. 0. 0. 0. 0. 0. 0. 0. 0. 0. 0. 1. 1. 0. 0.],4.0,best,10000,100000,100,0.9,0.5,0.9,0.5,0.9,5,0.25,1,4,,problem_solving,10
2100,-0.006027385136493722,0.074618,0.008391263596426323,0.584,0.7954910235626383,0.6061524241834563,[0.         0.         0.         0.         0.96674699 0.         0.         0.         0.         0.         0.         0.         0.         0.         0.         0.         0.01094135 0.         0.         0.         0.         0.         0.         0.         0.         0.         0.         0.01094135 0.01137032 0.         0.        ],[0. 0. 0. 0. 1. 0. 0. 0. 0. 0. 0. 0. 0. 0. 0. 0. 1. 0. 0. 0. 0. 0. 0. 0. 0. 0. 0. 1. 1. 0. 0.],4.0,best,10000,100000,100,0.9,0.5,0.9,0.5,0.9,5,0.25,1,4,,problem_solving,10
2200,-0.006027385136493722,0.074618,0.008391263596426323,0.588,0.7908289483564468,-7.47748207731272,[0.         0.         0.         0.         0.96674699 0.         0.         0.         0.         0.         0.         0.         0.         0.         0.         0.         0.01094135 0.         0.         0.         0.         0.         0.         0.         0.         0.         0.         0.01094135 0.01137032 0.         0.        ],[0. 0. 0. 0. 1. 0. 0. 0. 0. 0. 0. 0. 0. 0. 0. 0. 1. 0. 0. 0. 0. 0. 0. 0. 0. 0. 0. 1. 1. 0. 0.],4.0,best,10000,100000,100,0.9,0.5,0.9,0.5,0.9,5,0.25,1,4,,problem_solving,10
2300,-0.006027385136493722,0.074618,0.008391263596426323,0.592,0.7861941958284306,4.814503625674469,[0.         0.         0.         0.         0.96674699 0.         0.         0.         0.         0.         0.         0.         0.         0.         0.         0.         0.01094135 0.         0.         0.         0.         0.         0.         0.         0.         0.         0.         0.01094135 0.01137032 0.         0.        ],[0. 0. 0. 0. 1. 0. 0. 0. 0. 0. 0. 0. 0. 0. 0. 0. 1. 0. 0. 0. 0. 0. 0. 0. 0. 0. 0. 1. 1. 0. 0.],4.0,best,10000,100000,100,0.9,0.5,0.9,0.5,0.9,5,0.25,1,4,,problem_solving,10
2400,-0.006027385136493722,0.074618,0.008391263596426323,0.596,0.7815866058505976,-1.1007875558366154,[0.         0.         0.         0.         0.96674699 0.         0.         0.         0.         0.         0.         0.         0.         0.         0.         0.         0.01094135 0.         0.         0.         0.         0.         0.         0.         0.         0.         0.         0.01094135 0.01137032 0.         0.        ],[0. 0. 0. 0. 1. 0. 0. 0. 0. 0. 0. 0. 0. 0. 0. 0. 1. 0. 0. 0. 0. 0. 0. 0. 0. 0. 0. 1. 1. 0. 0.],4.0,best,10000,100000,100,0.9,0.5,0.9,0.5,0.9,5,0.25,1,4,,problem_solving,10
2500,-0.006027385136493722,0.074618,0.008391263596426323,0.6,0.7770060192334055,4.626652356081892,[0.         0.         0.         0.         0.96674699 0.         0.         0.         0.         0.         0.         0.         0.         0.         0.         0.         0.01094135 0.         0.         0.         0.         0.         0.         0.         0.         0.         0.         0.01094135 0.01137032 0.         0.        ],[0. 0. 0. 0. 1. 0. 0. 0. 0. 0. 0. 0. 0. 0. 0. 0. 1. 0. 0. 0. 0. 0. 0. 0. 0. 0. 0. 1. 1. 0. 0.],4.0,best,10000,100000,100,0.9,0.5,0.9,0.5,0.9,5,0.25,1,4,,problem_solving,10
2600,-0.006027385136493722,0.074618,0.008391263596426323,0.604,0.7724522777202627,-1.1305822445520717,[0.         0.         0.         0.         0.96674699 0.         0.         0.         0.         0.         0.         0.         0.         0.         0.         0.         0.01094135 0.         0.         0.         0.         0.         0.         0.         0.         0.         0.         0.01094135 0.01137032 0.         0.        ],[0. 0. 0. 0. 1. 0. 0. 0. 0. 0. 0. 0. 0. 0. 0. 0. 1. 0. 0. 0. 0. 0. 0. 0. 0. 0. 0. 1. 1. 0. 0.],4.0,best,10000,100000,100,0.9,0.5,0.9,0.5,0.9,5,0.25,1,4,,problem_solving,10
2700,-0.006027385136493722,0.074618,0.008391263596426323,0.608,0.7679252239820602,8.44576184665245,[0.         0.         0.         0.         0.96674699 0.         0.         0.         0.         0.         0.         0.         0.         0.         0.         0.         0.01094135 0.         0.         0.         0.         0.         0.         0.         0.         0.         0.         0.01094135 0.01137032 0.         0.        ],[0. 0. 0. 0. 1. 0. 0. 0. 0. 0. 0. 0. 0. 0. 0. 0. 1. 0. 0. 0. 0. 0. 0. 0. 0. 0. 0. 1. 1. 0. 0.],4.0,best,10000,100000,100,0.9,0.5,0.9,0.5,0.9,5,0.25,1,4,,problem_solving,10
2800,-0.006027385136493722,0.074618,0.008391263596426323,0.612,0.7634247016117359,-1.1746096723528854,[0.         0.         0.         0.         0.96674699 0.         0.         0.         0.         0.         0.         0.         0.         0.         0.         0.         0.01094135 0.         0.         0.         0.         0.         0.         0.         0.         0.         0.         0.01094135 0.01137032 0.         0.        ],[0. 0. 0. 0. 1. 0. 0. 0. 0. 0. 0. 0. 0. 0. 0. 0. 1. 0. 0. 0. 0. 0. 0. 0. 0. 0. 0. 1. 1. 0. 0.],4.0,best,10000,100000,100,0.9,0.5,0.9,0.5,0.9,5,0.25,1,4,,problem_solving,10
2900,-0.006027385136493722,0.074618,0.008391263596426323,0.616,0.758950555118871,1.5478902691796583,[0.         0.         0.         0.         0.96674699 0.         0.         0.         0.         0.         0.         0.         0.         0.         0.         0.         0.01094135 0.         0.         0.         0.         0.         0.         0.         0.         0.         0.         0.01094135 0.01137032 0.         0.        ],[0. 0. 0. 0. 1. 0. 0. 0. 0. 0. 0. 0. 0. 0. 0. 0. 1. 0. 0. 0. 0. 0. 0. 0. 0. 0. 0. 1. 1. 0. 0.],4.0,best,10000,100000,100,0.9,0.5,0.9,0.5,0.9,5,0.25,1,4,,problem_solving,10
3000,-0.006027385136493722,0.074618,0.008391263596426323,0.62,0.754502629924318,-2.0260405348600337,[0.         0.         0.         0.         0.96674699 0.         0.         0.         0.         0.         0.         0.         0.         0.         0.         0.         0.01094135 0.         0.         0.         0.         0.         0.         0.         0.         0.         0.         0.01094135 0.01137032 0.         0.        ],[0. 0. 0. 0. 1. 0. 0. 0. 0. 0. 0. 0. 0. 0. 0. 0. 1. 0. 0. 0. 0. 0. 0. 0. 0. 0. 0. 1. 1. 0. 0.],4.0,best,10000,100000,100,0.9,0.5,0.9,0.5,0.9,5,0.25,1,4,,problem_solving,10
3100,-0.006027385136493722,0.074618,0.008391263596426323,0.624,0.7500807723548599,-6.579310382794422,[0.         0.         0.         0.         0.96674699 0.         0.         0.         0.         0.         0.         0.         0.         0.         0.         0.         0.01094135 0.         0.         0.         0.         0.         0.         0.         0.         0.         0.         0.01094135 0.01137032 0.         0.        ],[0. 0. 0. 0. 1. 0. 0. 0. 0. 0. 0. 0. 0. 0. 0. 0. 1. 0. 0. 0. 0. 0. 0. 0. 0. 0. 0. 1. 1. 0. 0.],4.0,best,10000,100000,100,0.9,0.5,0.9,0.5,0.9,5,0.25,1,4,,problem_solving,10
3200,-0.006027385136493722,0.074618,0.008391263596426323,0.628,0.7456848296379007,-0.07092037724055031,[0.         0.         0.         0.         0.96674699 0.         0.         0.         0.         0.         0.         0.         0.         0.         0.         0.         0.01094135 0.         0.         0.         0.         0.         0.         0.         0.         0.         0.         0.01094135 0.01137032 0.         0.        ],[0. 0. 0. 0. 1. 0. 0. 0. 0. 0. 0. 0. 0. 0. 0. 0. 1. 0. 0. 0. 0. 0. 0. 0. 0. 0. 0. 1. 1. 0. 0.],4.0,best,10000,100000,100,0.9,0.5,0.9,0.5,0.9,5,0.25,1,4,,problem_solving,10
3300,-0.006027385136493722,0.074618,0.008391263596426323,0.632,0.7413146498961878,-2.546894299976136,[0.         0.         0.         0.         0.96674699 0.         0.         0.         0.         0.         0.         0.         0.         0.         0.         0.         0.01094135 0.         0.         0.         0.         0.         0.         0.         0.         0.         0.         0.01094135 0.01137032 0.         0.        ],[0. 0. 0. 0. 1. 0. 0. 0. 0. 0. 0. 0. 0. 0. 0. 0. 1. 0. 0. 0. 0. 0. 0. 0. 0. 0. 0. 1. 1. 0. 0.],4.0,best,10000,100000,100,0.9,0.5,0.9,0.5,0.9,5,0.25,1,4,,problem_solving,10
3400,-0.006027385136493722,0.074618,0.008391263596426323,0.636,0.7369700821425638,4.806568719300061,[0.         0.         0.         0.         0.96674699 0.         0.         0.         0.         0.         0.         0.         0.         0.         0.         0.         0.01094135 0.         0.         0.         0.         0.         0.         0.         0.         0.         0.         0.01094135 0.01137032 0.         0.        ],[0. 0. 0. 0. 1. 0. 0. 0. 0. 0. 0. 0. 0. 0. 0. 0. 1. 0. 0. 0. 0. 0. 0. 0. 0. 0. 0. 1. 1. 0. 0.],4.0,best,10000,100000,100,0.9,0.5,0.9,0.5,0.9,5,0.25,1,4,,problem_solving,10
3500,-0.006027385136493722,0.074618,0.008391263596426323,0.64,0.7326509762747511,3.4628704006607,[0.         0.         0.         0.         0.96674699 0.         0.         0.         0.         0.         0.         0.         0.         0.         0.         0.         0.01094135 0.         0.         0.         0.         0.         0.         0.         0.         0.         0.         0.01094135 0.01137032 0.         0.        ],[0. 0. 0. 0. 1. 0. 0. 0. 0. 0. 0. 0. 0. 0. 0. 0. 1. 0. 0. 0. 0. 0. 0. 0. 0. 0. 0. 1. 1. 0. 0.],4.0,best,10000,100000,100,0.9,0.5,0.9,0.5,0.9,5,0.25,1,4,,problem_solving,10
3600,-0.006027385136493722,0.074618,0.008391263596426323,0.644,0.7283571830701648,-1.856903203066576,[0.         0.         0.         0.         0.96674699 0.         0.         0.         0.         0.         0.         0.         0.         0.         0.         0.         0.01094135 0.         0.         0.         0.         0.         0.         0.         0.         0.         0.         0.01094135 0.01137032 0.         0.        ],[0. 0. 0. 0. 1. 0. 0. 0. 0. 0. 0. 0. 0. 0. 0. 0. 1. 0. 0. 0. 0. 0. 0. 0. 0. 0. 0. 1. 1. 0. 0.],4.0,best,10000,100000,100,0.9,0.5,0.9,0.5,0.9,5,0.25,1,4,,problem_solving,10
3700,-0.006027385136493722,0.074618,0.008391263596426323,0.648,0.7240885541807586,-2.9487755645112346,[0.         0.         0.         0.         0.96674699 0.         0.         0.         0.         0.         0.         0.         0.         0.         0.         0.         0.01094135 0.         0.         0.         0.         0.         0.         0.         0.         0.         0.         0.01094135 0.01137032 0.         0.        ],[0. 0. 0. 0. 1. 0. 0. 0. 0. 0. 0. 0. 0. 0. 0. 0. 1. 0. 0. 0. 0. 0. 0. 0. 0. 0. 0. 1. 1. 0. 0.],4.0,best,10000,100000,100,0.9,0.5,0.9,0.5,0.9,5,0.25,1,4,,problem_solving,10
3800,-0.006027385136493722,0.074618,0.008391263596426323,0.652,0.7198449421278975,6.437690750318716,[0.         0.         0.         0.         0.96674699 0.         0.         0.         0.         0.         0.         0.         0.         0.         0.         0.         0.01094135 0.         0.         0.         0.         0.         0.         0.         0.         0.         0.         0.01094135 0.01137032 0.         0.        ],[0. 0. 0. 0. 1. 0. 0. 0. 0. 0. 0. 0. 0. 0. 0. 0. 1. 0. 0. 0. 0. 0. 0. 0. 0. 0. 0. 1. 1. 0. 0.],4.0,best,10000,100000,100,0.9,0.5,0.9,0.5,0.9,5,0.25,1,4,,problem_solving,10
3900,-0.006056897068377993,0.070297,0.006493268034859441,0.656,0.7156262002972644,2.378322063398977,[0.         0.         0.         0.         0.96658929 0.         0.         0.         0.         0.         0.         0.         0.         0.         0.         0.         0.         0.         0.         0.         0.         0.0109567  0.         0.         0.         0.         0.         0.01149732 0.0109567  0.         0.        ],[0. 0. 0. 0. 1. 0. 0. 0. 0. 0. 0. 0. 0. 0. 0. 0. 0. 0. 0. 0. 0. 1. 0. 0. 0. 0. 0. 1. 1. 0. 0.],4.0,best,10000,100000,100,0.9,0.5,0.9,0.5,0.9,5,0.25,1,4,,problem_solving,10
4000,-0.006056897068377993,0.070297,0.006493268034859441,0.66,0.7114321829337936,5.0203344524026585,[0.         0.         0.         0.         0.96658929 0.         0.         0.         0.         0.         0.         0.         0.         0.         0.         0.         0.         0.         0.         0.         0.         0.0109567  0.         0.         0.         0.         0.         0.01149732 0.0109567  0.         0.        ],[0. 0. 0. 0. 1. 0. 0. 0. 0. 0. 0. 0. 0. 0. 0. 0. 0. 0. 0. 0. 0. 1. 0. 0. 0. 0. 0. 1. 1. 0. 0.],4.0,best,10000,100000,100,0.9,0.5,0.9,0.5,0.9,5,0.25,1,4,,problem_solving,10
4100,-0.006056897068377993,0.070297,0.006493268034859441,0.664,0.707262745136635,3.869644741267419,[0.         0.         0.         0.         0.96658929 0.         0.         0.         0.         0.         0.         0.         0.         0.         0.         0.         0.         0.         0.         0.         0.         0.0109567  0.         0.         0.         0.         0.         0.01149732 0.0109567  0.         0.        ],[0. 0. 0. 0. 1. 0. 0. 0. 0. 0. 0. 0. 0. 0. 0. 0. 0. 0. 0. 0. 0. 1. 0. 0. 0. 0. 0. 1. 1. 0. 0.],4.0,best,10000,100000,100,0.9,0.5,0.9,0.5,0.9,5,0.25,1,4,,problem_solving,10
4200,-0.006056897068377993,0.070297,0.006493268034859441,0.668,0.7031177428541489,-1.4493952717098222,[0.         0.         0.         0.         0.96658929 0.         0.         0.         0.         0.         0.         0.         0.         0.         0.         0.         0.         0.         0.         0.         0.         0.0109567  0.         0.         0.         0.         0.         0.01149732 0.0109567  0.         0.        ],[0. 0. 0. 0. 1. 0. 0. 0. 0. 0. 0. 0. 0. 0. 0. 0. 0. 0. 0. 0. 0. 1. 0. 0. 0. 0. 0. 1. 1. 0. 0.],4.0,best,10000,100000,100,0.9,0.5,0.9,0.5,0.9,5,0.25,1,4,,problem_solving,10
4300,-0.006056897068377993,0.070297,0.006493268034859441,0.672,0.6989970328789274,-4.44334742436623,[0.         0.         0.         0.         0.96658929 0.         0.         0.         0.         0.         0.         0.         0.         0.         0.         0.         0.         0.         0.         0.         0.         0.0109567  0.         0.         0.         0.         0.         0.01149732 0.0109567  0.         0.        ],[0. 0. 0. 0. 1. 0. 0. 0. 0. 0. 0. 0. 0. 0. 0. 0. 0. 0. 0. 0. 0. 1. 0. 0. 0. 0. 0. 1. 1. 0. 0.],4.0,best,10000,100000,100,0.9,0.5,0.9,0.5,0.9,5,0.25,1,4,,problem_solving,10
4400,-0.006056897068377993,0.070297,0.006493268034859441,0.676,0.6949004728428485,1.6200074504352915,[0.         0.         0.         0.         0.96658929 0.         0.         0.         0.         0.         0.         0.         0.         0.         0.         0.         0.         0.         0.         0.         0.         0.0109567  0.         0.         0.         0.         0.         0.01149732 0.0109567  0.         0.        ],[0. 0. 0. 0. 1. 0. 0. 0. 0. 0. 0. 0. 0. 0. 0. 0. 0. 0. 0. 0. 0. 1. 0. 0. 0. 0. 0. 1. 1. 0. 0.],4.0,best,10000,100000,100,0.9,0.5,0.9,0.5,0.9,5,0.25,1,4,,problem_solving,10
4500,-0.006056897068377993,0.070297,0.006493268034859441,0.68,0.6908279212121557,2.6854518186578065,[0.         0.         0.         0.         0.96658929 0.         0.         0.         0.         0.         0.         0.         0.         0.         0.         0.         0.         0.         0.         0.         0.         0.0109567  0.         0.         0.         0.         0.         0.01149732 0.0109567  0.         0.        ],[0. 0. 0. 0. 1. 0. 0. 0. 0. 0. 0. 0. 0. 0. 0. 0. 0. 0. 0. 0. 0. 1. 0. 0. 0. 0. 0. 1. 1. 0. 0.],4.0,best,10000,100000,100,0.9,0.5,0.9,0.5,0.9,5,0.25,1,4,,problem_solving,10
4600,-0.006056897068377993,0.070297,0.006493268034859441,0.684,0.6867792372825697,7.191085057018221,[0.         0.         0.         0.         0.96658929 0.         0.         0.         0.         0.         0.         0.         0.         0.         0.         0.         0.         0.         0.         0.         0.         0.0109567  0.         0.         0.         0.         0.         0.01149732 0.0109567  0.         0.        ],[0. 0. 0. 0. 1. 0. 0. 0. 0. 0. 0. 0. 0. 0. 0. 0. 0. 0. 0. 0. 0. 1. 0. 0. 0. 0. 0. 1. 1. 0. 0.],4.0,best,10000,100000,100,0.9,0.5,0.9,0.5,0.9,5,0.25,1,4,,problem_solving,10
4700,-0.006056897068377993,0.070297,0.006493268034859441,0.6880000000000001,0.6827542811744257,-6.5734151933973255,[0.         0.         0.         0.         0.96658929 0.         0.         0.         0.         0.         0.         0.         0.         0.         0.         0.         0.         0.         0.         0.         0.         0.0109567  0.         0.         0.         0.         0.         0.01149732 0.0109567  0.         0.        ],[0. 0. 0. 0. 1. 0. 0. 0. 0. 0. 0. 0. 0. 0. 0. 0. 0. 0. 0. 0. 0. 1. 0. 0. 0. 0. 0. 1. 1. 0. 0.],4.0,best,10000,100000,100,0.9,0.5,0.9,0.5,0.9,5,0.25,1,4,,problem_solving,10
4800,-0.006056897068377993,0.070297,0.006493268034859441,0.692,0.6787529138278414,2.657848174309183,[0.         0.         0.         0.         0.96658929 0.         0.         0.         0.         0.         0.         0.         0.         0.         0.         0.         0.         0.         0.         0.         0.         0.0109567  0.         0.         0.         0.         0.         0.01149732 0.0109567  0.         0.        ],[0. 0. 0. 0. 1. 0. 0. 0. 0. 0. 0. 0. 0. 0. 0. 0. 0. 0. 0. 0. 0. 1. 0. 0. 0. 0. 0. 1. 1. 0. 0.],4.0,best,10000,100000,100,0.9,0.5,0.9,0.5,0.9,5,0.25,1,4,,problem_solving,10
4900,-0.006056897068377993,0.070297,0.006493268034859441,0.696,0.6747749969979128,-1.7958321726582556,[0.         0.         0.         0.         0.96658929 0.         0.         0.         0.         0.         0.         0.         0.         0.         0.         0.         0.         0.         0.         0.         0.         0.0109567  0.         0.         0.         0.         0.         0.01149732 0.0109567  0.         0.        ],[0. 0. 0. 0. 1. 0. 0. 0. 0. 0. 0. 0. 0. 0. 0. 0. 0. 0. 0. 0. 0. 1. 0. 0. 0. 0. 0. 1. 1. 0. 0.],4.0,best,10000,100000,100,0.9,0.5,0.9,0.5,0.9,5,0.25,1,4,,problem_solving,10
5000,-0.006056897068377993,0.070297,0.006493268034859441,0.7,0.6708203932499369,-2.0720998407312807,[0.         0.         0.         0.         0.96658929 0.         0.         0.         0.         0.         0.         0.         0.         0.         0.         0.         0.         0.         0.         0.         0.         0.0109567  0.         0.         0.         0.         0.         0.01149732 0.0109567  0.         0.        ],[0. 0. 0. 0. 1. 0. 0. 0. 0. 0. 0. 0. 0. 0. 0. 0. 0. 0. 0. 0. 0. 1. 0. 0. 0. 0. 0. 1. 1. 0. 0.],4.0,best,10000,100000,100,0.9,0.5,0.9,0.5,0.9,5,0.25,1,4,,problem_solving,10
5100,-0.006056897068377993,0.070297,0.006493268034859441,0.704,0.6668889659546647,-1.4562203375244935,[0.         0.         0.         0.         0.96658929 0.         0.         0.         0.         0.         0.         0.         0.         0.         0.         0.         0.         0.         0.         0.         0.         0.0109567  0.         0.         0.         0.         0.         0.01149732 0.0109567  0.         0.        ],[0. 0. 0. 0. 1. 0. 0. 0. 0. 0. 0. 0. 0. 0. 0. 0. 0. 0. 0. 0. 0. 1. 0. 0. 0. 0. 0. 1. 1. 0. 0.],4.0,best,10000,100000,100,0.9,0.5,0.9,0.5,0.9,5,0.25,1,4,,problem_solving,10
5200,-0.006056897068377993,0.070297,0.006493268034859441,0.708,0.6629805792835798,4.211883150005966,[0.         0.         0.         0.         0.96658929 0.         0.         0.         0.         0.         0.         0.         0.         0.         0.         0.         0.         0.         0.         0.         0.         0.0109567  0.         0.         0.         0.         0.         0.01149732 0.0109567  0.         0.        ],[0. 0. 0. 0. 1. 0. 0. 0. 0. 0. 0. 0. 0. 0. 0. 0. 0. 0. 0. 0. 0. 1. 0. 0. 0. 0. 0. 1. 1. 0. 0.],4.0,best,10000,100000,100,0.9,0.5,0.9,0.5,0.9,5,0.25,1,4,,problem_solving,10
5300,-0.006056897068377993,0.070297,0.006493268034859441,0.712,0.6590950982042058,-1.1503103659403593,[0.         0.         0.         0.         0.96658929 0.         0.         0.         0.         0.         0.         0.         0.         0.         0.         0.         0.         0.         0.         0.         0.         0.0109567  0.         0.         0.         0.         0.         0.01149732 0.0109567  0.         0.        ],[0. 0. 0. 0. 1. 0. 0. 0. 0. 0. 0. 0. 0. 0. 0. 0. 0. 0. 0. 0. 0. 1. 0. 0. 0. 0. 0. 1. 1. 0. 0.],4.0,best,10000,100000,100,0.9,0.5,0.9,0.5,0.9,5,0.25,1,4,,problem_solving,10
5400,-0.006056897068377993,0.070297,0.006493268034859441,0.716,0.6552323884754414,0.39633718973704773,[0.         0.         0.         0.         0.96658929 0.         0.         0.         0.         0.         0.         0.         0.         0.         0.         0.         0.         0.         0.         0.         0.         0.0109567  0.         0.         0.         0.         0.         0.01149732 0.0109567  0.         0.        ],[0. 0. 0. 0. 1. 0. 0. 0. 0. 0. 0. 0. 0. 0. 0. 0. 0. 0. 0. 0. 0. 1. 0. 0. 0. 0. 0. 1. 1. 0. 0.],4.0,best,10000,100000,100,0.9,0.5,0.9,0.5,0.9,5,0.25,1,4,,problem_solving,10
5500,-0.006056897068377993,0.070297,0.006493268034859441,0.72,0.651392316642922,1.1750872882614707,[0.         0.         0.         0.         0.96658929 0.         0.         0.         0.         0.         0.         0.         0.         0.         0.         0.         0.         0.         0.         0.         0.         0.0109567  0.         0.         0.         0.         0.         0.01149732 0.0109567  0.         0.        ],[0. 0. 0. 0. 1. 0. 0. 0. 0. 0. 0. 0. 0. 0. 0. 0. 0. 0. 0. 0. 0. 1. 0. 0. 0. 0. 0. 1. 1. 0. 0.],4.0,best,10000,100000,100,0.9,0.5,0.9,0.5,0.9,5,0.25,1,4,,problem_solving,10
5600,-0.006056897068377993,0.070297,0.006493268034859441,0.724,0.6475747500344088,2.2433912567784065,[0.         0.         0.         0.         0.96658929 0.         0.         0.         0.         0.         0.         0.         0.         0.         0.         0.         0.         0.         0.         0.         0.         0.0109567  0.         0.         0.         0.         0.         0.01149732 0.0109567  0.         0.        ],[0. 0. 0. 0. 1. 0. 0. 0. 0. 0. 0. 0. 0. 0. 0. 0. 0. 0. 0. 0. 0. 1. 0. 0. 0. 0. 0. 1. 1. 0. 0.],4.0,best,10000,100000,100,0.9,0.5,0.9,0.5,0.9,5,0.25,1,4,,problem_solving,10
5700,-0.006056897068377993,0.070297,0.006493268034859441,0.728,0.643779556755206,-0.2088879855110568,[0.         0.         0.         0.         0.96658929 0.         0.         0.         0.         0.         0.         0.         0.         0.         0.         0.         0.         0.         0.         0.         0.         0.0109567  0.         0.         0.         0.         0.         0.01149732 0.0109567  0.         0.        ],[0. 0. 0. 0. 1. 0. 0. 0. 0. 0. 0. 0. 0. 0. 0. 0. 0. 0. 0. 0. 0. 1. 0. 0. 0. 0. 0. 1. 1. 0. 0.],4.0,best,10000,100000,100,0.9,0.5,0.9,0.5,0.9,5,0.25,1,4,,problem_solving,10
5800,-0.006056897068377993,0.070297,0.006493268034859441,0.732,0.6400066056836028,3.0160466443571416,[0.         0.         0.         0.         0.96658929 0.         0.         0.         0.         0.         0.         0.         0.         0.         0.         0.         0.         0.         0.         0.         0.         0.0109567  0.         0.         0.         0.         0.         0.01149732 0.0109567  0.         0.        ],[0. 0. 0. 0. 1. 0. 0. 0. 0. 0. 0. 0. 0. 0. 0. 0. 0. 0. 0. 0. 0. 1. 0. 0. 0. 0. 0. 1. 1. 0. 0.],4.0,best,10000,100000,100,0.9,0.5,0.9,0.5,0.9,5,0.25,1,4,,problem_solving,10
5900,-0.006056897068377993,0.070297,0.006493268034859441,0.736,0.6362557664663436,0.9886411742493164,[0.         0.         0.         0.         0.96658929 0.         0.         0.         0.         0.         0.         0.         0.         0.         0.         0.         0.         0.         0.         0.         0.         0.0109567  0.         0.         0.         0.         0.         0.01149732 0.0109567  0.         0.        ],[0. 0. 0. 0. 1. 0. 0. 0. 0. 0. 0. 0. 0. 0. 0. 0. 0. 0. 0. 0. 0. 1. 0. 0. 0. 0. 0. 1. 1. 0. 0.],4.0,best,10000,100000,100,0.9,0.5,0.9,0.5,0.9,5,0.25,1,4,,problem_solving,10
6000,-0.006056897068377993,0.070297,0.006493268034859441,0.74,0.6325269095141249,0.9195391366649821,[0.         0.         0.         0.         0.96658929 0.         0.         0.         0.         0.         0.         0.         0.         0.         0.         0.         0.         0.         0.         0.         0.         0.0109567  0.         0.         0.         0.         0.         0.01149732 0.0109567  0.         0.        ],[0. 0. 0. 0. 1. 0. 0. 0. 0. 0. 0. 0. 0. 0. 0. 0. 0. 0. 0. 0. 0. 1. 0. 0. 0. 0. 0. 1. 1. 0. 0.],4.0,best,10000,100000,100,0.9,0.5,0.9,0.5,0.9,5,0.25,1,4,,problem_solving,10
6100,-0.006056897068377993,0.070297,0.006493268034859441,0.744,0.6288199059971172,0.06594418391208952,[0.         0.         0.         0.         0.96658929 0.         0.         0.         0.         0.         0.         0.         0.         0.         0.         0.         0.         0.         0.         0.         0.         0.0109567  0.         0.         0.         0.         0.         0.01149732 0.0109567  0.         0.        ],[0. 0. 0. 0. 1. 0. 0. 0. 0. 0. 0. 0. 0. 0. 0. 0. 0. 0. 0. 0. 0. 1. 0. 0. 0. 0. 0. 1. 1. 0. 0.],4.0,best,10000,100000,100,0.9,0.5,0.9,0.5,0.9,5,0.25,1,4,,problem_solving,10
6200,-0.006056897068377993,0.070297,0.006493268034859441,0.748,0.6251346278405147,1.432839710589138,[0.         0.         0.         0.         0.96658929 0.         0.         0.         0.         0.         0.         0.         0.         0.         0.         0.         0.         0.         0.         0.         0.         0.0109567  0.         0.         0.         0.         0.         0.01149732 0.0109567  0.         0.        ],[0. 0. 0. 0. 1. 0. 0. 0. 0. 0. 0. 0. 0. 0. 0. 0. 0. 0. 0. 0. 0. 1. 0. 0. 0. 0. 0. 1. 1. 0. 0.],4.0,best,10000,100000,100,0.9,0.5,0.9,0.5,0.9,5,0.25,1,4,,problem_solving,10
6300,-0.006056897068377993,0.070297,0.006493268034859441,0.752,0.6214709477201097,3.414017611534445,[0.         0.         0.         0.         0.96658929 0.         0.         0.         0.         0.         0.         0.         0.         0.         0.         0.         0.         0.         0.         0.         0.         0.0109567  0.         0.         0.         0.         0.         0.01149732 0.0109567  0.         0.        ],[0. 0. 0. 0. 1. 0. 0. 0. 0. 0. 0. 0. 0. 0. 0. 0. 0. 0. 0. 0. 0. 1. 0. 0. 0. 0. 0. 1. 1. 0. 0.],4.0,best,10000,100000,100,0.9,0.5,0.9,0.5,0.9,5,0.25,1,4,,problem_solving,10
6400,-0.006056897068377993,0.070297,0.006493268034859441,0.756,0.6178287390578946,-2.581343535500881,[0.         0.         0.         0.         0.96658929 0.         0.         0.         0.         0.         0.         0.         0.         0.         0.         0.         0.         0.         0.         0.         0.         0.0109567  0.         0.         0.         0.         0.         0.01149732 0.0109567  0.         0.        ],[0. 0. 0. 0. 1. 0. 0. 0. 0. 0. 0. 0. 0. 0. 0. 0. 0. 0. 0. 0. 0. 1. 0. 0. 0. 0. 0. 1. 1. 0. 0.],4.0,best,10000,100000,100,0.9,0.5,0.9,0.5,0.9,5,0.25,1,4,,problem_solving,10
6500,-0.006056897068377993,0.070297,0.006493268034859441,0.76,0.6142078760176876,2.6308073085420047,[0.         0.         0.         0.         0.96658929 0.         0.         0.         0.         0.         0.         0.         0.         0.         0.         0.         0.         0.         0.         0.         0.         0.0109567  0.         0.         0.         0.         0.         0.01149732 0.0109567  0.         0.        ],[0. 0. 0. 0. 1. 0. 0. 0. 0. 0. 0. 0. 0. 0. 0. 0. 0. 0. 0. 0. 0. 1. 0. 0. 0. 0. 0. 1. 1. 0. 0.],4.0,best,10000,100000,100,0.9,0.5,0.9,0.5,0.9,5,0.25,1,4,,problem_solving,10
6600,-0.006056897068377993,0.070297,0.006493268034859441,0.764,0.6106082335007861,-0.5873324987570306,[0.         0.         0.         0.         0.96658929 0.         0.         0.         0.         0.         0.         0.         0.         0.         0.         0.         0.         0.         0.         0.         0.         0.0109567  0.         0.         0.         0.         0.         0.01149732 0.0109567  0.         0.        ],[0. 0. 0. 0. 1. 0. 0. 0. 0. 0. 0. 0. 0. 0. 0. 0. 0. 0. 0. 0. 0. 1. 0. 0. 0. 0. 0. 1. 1. 0. 0.],4.0,best,10000,100000,100,0.9,0.5,0.9,0.5,0.9,5,0.25,1,4,,problem_solving,10
6700,-0.006056897068377993,0.070297,0.006493268034859441,0.768,0.6070296871416437,0.17131909899123282,[0.         0.         0.         0.         0.96658929 0.         0.         0.         0.         0.         0.         0.         0.         0.         0.         0.         0.         0.         0.         0.         0.         0.0109567  0.         0.         0.         0.         0.         0.01149732 0.0109567  0.         0.        ],[0. 0. 0. 0. 1. 0. 0. 0. 0. 0. 0. 0. 0. 0. 0. 0. 0. 0. 0. 0. 0. 1. 0. 0. 0. 0. 0. 1. 1. 0. 0.],4.0,best,10000,100000,100,0.9,0.5,0.9,0.5,0.9,5,0.25,1,4,,problem_solving,10
6800,-0.006056897068377993,0.070297,0.006493268034859441,0.772,0.6034721133035746,0.33585512596402733,[0.         0.         0.         0.         0.96658929 0.         0.         0.         0.         0.         0.         0.         0.         0.         0.         0.         0.         0.         0.         0.         0.         0.0109567  0.         0.         0.         0.         0.         0.01149732 0.0109567  0.         0.        ],[0. 0. 0. 0. 1. 0. 0. 0. 0. 0. 0. 0. 0. 0. 0. 0. 0. 0. 0. 0. 0. 1. 0. 0. 0. 0. 0. 1. 1. 0. 0.],4.0,best,10000,100000,100,0.9,0.5,0.9,0.5,0.9,5,0.25,1,4,,problem_solving,10
6900,-0.006056897068377993,0.070297,0.006493268034859441,0.776,0.5999353890744809,-2.002483190803251,[0.         0.         0.         0.         0.96658929 0.         0.         0.         0.         0.         0.         0.         0.         0.         0.         0.         0.         0.         0.         0.         0.         0.0109567  0.         0.         0.         0.         0.         0.01149732 0.0109567  0.         0.        ],[0. 0. 0. 0. 1. 0. 0. 0. 0. 0. 0. 0. 0. 0. 0. 0. 0. 0. 0. 0. 0. 1. 0. 0. 0. 0. 0. 1. 1. 0. 0.],4.0,best,10000,100000,100,0.9,0.5,0.9,0.5,0.9,5,0.25,1,4,,problem_solving,10
7000,-0.006056897068377993,0.070297,0.006493268034859441,0.78,0.5964193922626064,-0.36521211115691177,[0.         0.         0.         0.         0.96658929 0.         0.         0.         0.         0.         0.         0.         0.         0.         0.         0.         0.         0.         0.         0.         0.         0.0109567  0.         0.         0.         0.         0.         0.01149732 0.0109567  0.         0.        ],[0. 0. 0. 0. 1. 0. 0. 0. 0. 0. 0. 0. 0. 0. 0. 0. 0. 0. 0. 0. 0. 1. 0. 0. 0. 0. 0. 1. 1. 0. 0.],4.0,best,10000,100000,100,0.9,0.5,0.9,0.5,0.9,5,0.25,1,4,,problem_solving,10
7100,-0.006056897068377993,0.070297,0.006493268034859441,0.784,0.5929240013923155,-1.2904184422587417,[0.         0.         0.         0.         0.96658929 0.         0.         0.         0.         0.         0.         0.         0.         0.         0.         0.         0.         0.         0.         0.         0.         0.0109567  0.         0.         0.         0.         0.         0.01149732 0.0109567  0.         0.        ],[0. 0. 0. 0. 1. 0. 0. 0. 0. 0. 0. 0. 0. 0. 0. 0. 0. 0. 0. 0. 0. 1. 0. 0. 0. 0. 0. 1. 1. 0. 0.],4.0,best,10000,100000,100,0.9,0.5,0.9,0.5,0.9,5,0.25,1,4,,problem_solving,10
7200,-0.006056897068377993,0.070297,0.006493268034859441,0.788,0.5894490956998952,1.739835604402261,[0.         0.         0.         0.         0.96658929 0.         0.         0.         0.         0.         0.         0.         0.         0.         0.         0.         0.         0.         0.         0.         0.         0.0109567  0.         0.         0.         0.         0.         0.01149732 0.0109567  0.         0.        ],[0. 0. 0. 0. 1. 0. 0. 0. 0. 0. 0. 0. 0. 0. 0. 0. 0. 0. 0. 0. 0. 1. 0. 0. 0. 0. 0. 1. 1. 0. 0.],4.0,best,10000,100000,100,0.9,0.5,0.9,0.5,0.9,5,0.25,1,4,,problem_solving,10
7300,-0.006056897068377993,0.070297,0.006493268034859441,0.792,0.5859945551293843,3.2182053582951147,[0.         0.         0.         0.         0.96658929 0.         0.         0.         0.         0.         0.         0.         0.         0.         0.         0.         0.         0.         0.         0.         0.         0.0109567  0.         0.         0.         0.         0.         0.01149732 0.0109567  0.         0.        ],[0. 0. 0. 0. 1. 0. 0. 0. 0. 0. 0. 0. 0. 0. 0. 0. 0. 0. 0. 0. 0. 1. 0. 0. 0. 0. 0. 1. 1. 0. 0.],4.0,best,10000,100000,100,0.9,0.5,0.9,0.5,0.9,5,0.25,1,4,,problem_solving,10
7400,-0.006056897068377993,0.070297,0.006493268034859441,0.796,0.5825602603284237,0.9649769197043828,[0.         0.         0.         0.         0.96658929 0.         0.         0.         0.         0.         0.         0.         0.         0.         0.         0.         0.         0.         0.         0.         0.         0.0109567  0.         0.         0.         0.         0.         0.01149732 0.0109567  0.         0.        ],[0. 0. 0. 0. 1. 0. 0. 0. 0. 0. 0. 0. 0. 0. 0. 0. 0. 0. 0. 0. 0. 1. 0. 0. 0. 0. 0. 1. 1. 0. 0.],4.0,best,10000,100000,100,0.9,0.5,0.9,0.5,0.9,5,0.25,1,4,,problem_solving,10
7500,-0.006056897068377993,0.070297,0.006493268034859441,0.8,0.5791460926441345,2.8636283287363677,[0.         0.         0.         0.         0.96658929 0.         0.         0.         0.         0.         0.         0.         0.         0.         0.         0.         0.         0.         0.         0.         0.         0.0109567  0.         0.         0.         0.         0.         0.01149732 0.0109567  0.         0.        ],[0. 0. 0. 0. 1. 0. 0. 0. 0. 0. 0. 0. 0. 0. 0. 0. 0. 0. 0. 0. 0. 1. 0. 0. 0. 0. 0. 1. 1. 0. 0.],4.0,best,10000,100000,100,0.9,0.5,0.9,0.5,0.9,5,0.25,1,4,,problem_solving,10
7600,-0.006056897068377993,0.070297,0.006493268034859441,0.804,0.5757519341190179,0.5577778606652118,[0.         0.         0.         0.         0.96658929 0.         0.         0.         0.         0.         0.         0.         0.         0.         0.         0.         0.         0.         0.         0.         0.         0.0109567  0.         0.         0.         0.         0.         0.01149732 0.0109567  0.         0.        ],[0. 0. 0. 0. 1. 0. 0. 0. 0. 0. 0. 0. 0. 0. 0. 0. 0. 0. 0. 0. 0. 1. 0. 0. 0. 0. 0. 1. 1. 0. 0.],4.0,best,10000,100000,100,0.9,0.5,0.9,0.5,0.9,5,0.25,1,4,,problem_solving,10
7700,-0.006071192661183233,0.064255,0.008588661246716943,0.808,0.5723776674868795,3.3364918891481588,[0.         0.         0.         0.         0.95984623 0.         0.         0.         0.         0.         0.01473636 0.         0.         0.         0.         0.         0.         0.         0.         0.         0.         0.         0.         0.         0.         0.01300413 0.         0.01241327 0.         0.         0.        ],[0. 0. 0. 0. 1. 0. 0. 0. 0. 0. 1. 0. 0. 0. 0. 0. 0. 0. 0. 0. 0. 0. 0. 0. 0. 1. 0. 1. 0. 0. 0.],4.0,best,10000,100000,100,0.9,0.5,0.9,0.5,0.9,5,0.25,1,4,,problem_solving,10
7800,-0.006071192661183233,0.064255,0.008588661246716943,0.812,0.5690231761687783,-1.9513890688973623,[0.         0.         0.         0.         0.95984623 0.         0.         0.         0.         0.         0.01473636 0.         0.         0.         0.         0.         0.         0.         0.         0.         0.         0.         0.         0.         0.         0.01300413 0.         0.01241327 0.         0.         0.        ],[0. 0. 0. 0. 1. 0. 0. 0. 0. 0. 1. 0. 0. 0. 0. 0. 0. 0. 0. 0. 0. 0. 0. 0. 0. 1. 0. 1. 0. 0. 0.],4.0,best,10000,100000,100,0.9,0.5,0.9,0.5,0.9,5,0.25,1,4,,problem_solving,10
7900,-0.006071192661183233,0.064255,0.008588661246716943,0.8160000000000001,0.5656883442689989,0.771045717650215,[0.         0.         0.         0.         0.95984623 0.         0.         0.         0.         0.         0.01473636 0.         0.         0.         0.         0.         0.         0.         0.         0.         0.         0.         0.         0.         0.         0.01300413 0.         0.01241327 0.         0.         0.        ],[0. 0. 0. 0. 1. 0. 0. 0. 0. 0. 1. 0. 0. 0. 0. 0. 0. 0. 0. 0. 0. 0. 0. 0. 0. 1. 0. 1. 0. 0. 0.],4.0,best,10000,100000,100,0.9,0.5,0.9,0.5,0.9,5,0.25,1,4,,problem_solving,10
8000,-0.006071192661183233,0.064255,0.008588661246716943,0.8200000000000001,0.5623730565710474,1.2956022878004643,[0.         0.         0.         0.         0.95984623 0.         0.         0.         0.         0.         0.01473636 0.         0.         0.         0.         0.         0.         0.         0.         0.         0.         0.         0.         0.         0.         0.01300413 0.         0.01241327 0.         0.         0.        ],[0. 0. 0. 0. 1. 0. 0. 0. 0. 0. 1. 0. 0. 0. 0. 0. 0. 0. 0. 0. 0. 0. 0. 0. 0. 1. 0. 1. 0. 0. 0.],4.0,best,10000,100000,100,0.9,0.5,0.9,0.5,0.9,5,0.25,1,4,,problem_solving,10
8100,-0.006071192661183233,0.064255,0.008588661246716943,0.8240000000000001,0.5590771985336705,2.4984187323869516,[0.         0.         0.         0.         0.95984623 0.         0.         0.         0.         0.         0.01473636 0.         0.         0.         0.         0.         0.         0.         0.         0.         0.         0.         0.         0.         0.         0.01300413 0.         0.01241327 0.         0.         0.        ],[0. 0. 0. 0. 1. 0. 0. 0. 0. 0. 1. 0. 0. 0. 0. 0. 0. 0. 0. 0. 0. 0. 0. 0. 0. 1. 0. 1. 0. 0. 0.],4.0,best,10000,100000,100,0.9,0.5,0.9,0.5,0.9,5,0.25,1,4,,problem_solving,10
8200,-0.006071192661183233,0.064255,0.008588661246716943,0.8280000000000001,0.5558006562868987,-3.078777486386158,[0.         0.         0.         0.         0.95984623 0.         0.         0.         0.         0.         0.01473636 0.         0.         0.         0.         0.         0.         0.         0.         0.         0.         0.         0.         0.         0.         0.01300413 0.         0.01241327 0.         0.         0.        ],[0. 0. 0. 0. 1. 0. 0. 0. 0. 0. 1. 0. 0. 0. 0. 0. 0. 0. 0. 0. 0. 0. 0. 0. 0. 1. 0. 1. 0. 0. 0.],4.0,best,10000,100000,100,0.9,0.5,0.9,0.5,0.9,5,0.25,1,4,,problem_solving,10
8300,-0.006071192661183233,0.064255,0.008588661246716943,0.8320000000000001,0.5525433166281111,-1.7828178201856708,[0.         0.         0.         0.         0.95984623 0.         0.         0.         0.         0.         0.01473636 0.         0.         0.         0.         0.         0.         0.         0.         0.         0.         0.         0.         0.         0.         0.01300413 0.         0.01241327 0.         0.         0.        ],[0. 0. 0. 0. 1. 0. 0. 0. 0. 0. 1. 0. 0. 0. 0. 0. 0. 0. 0. 0. 0. 0. 0. 0. 0. 1. 0. 1. 0. 0. 0.],4.0,best,10000,100000,100,0.9,0.5,0.9,0.5,0.9,5,0.25,1,4,,problem_solving,10
8400,-0.006071192661183233,0.064255,0.008588661246716943,0.8360000000000001,0.5493050670181255,-0.3350634090082096,[0.         0.         0.         0.         0.95984623 0.         0.         0.         0.         0.         0.01473636 0.         0.         0.         0.         0.         0.         0.         0.         0.         0.         0.         0.         0.         0.         0.01300413 0.         0.01241327 0.         0.         0.        ],[0. 0. 0. 0. 1. 0. 0. 0. 0. 0. 1. 0. 0. 0. 0. 0. 0. 0. 0. 0. 0. 0. 0. 0. 0. 1. 0. 1. 0. 0. 0.],4.0,best,10000,100000,100,0.9,0.5,0.9,0.5,0.9,5,0.25,1,4,,problem_solving,10
8500,-0.006071192661183233,0.064255,0.008588661246716943,0.8400000000000001,0.5460857955773097,-0.6244285903866619,[0.         0.         0.         0.         0.95984623 0.         0.         0.         0.         0.         0.01473636 0.         0.         0.         0.         0.         0.         0.         0.         0.         0.         0.         0.         0.         0.         0.01300413 0.         0.01241327 0.         0.         0.        ],[0. 0. 0. 0. 1. 0. 0. 0. 0. 0. 1. 0. 0. 0. 0. 0. 0. 0. 0. 0. 0. 0. 0. 0. 0. 1. 0. 1. 0. 0. 0.],4.0,best,10000,100000,100,0.9,0.5,0.9,0.5,0.9,5,0.25,1,4,,problem_solving,10
8600,-0.006071192661183233,0.064255,0.008588661246716943,0.8440000000000001,0.542885391081716,0.30307118708017355,[0.         0.         0.         0.         0.95984623 0.         0.         0.         0.         0.         0.01473636 0.         0.         0.         0.         0.         0.         0.         0.         0.         0.         0.         0.         0.         0.         0.01300413 0.         0.01241327 0.         0.         0.        ],[0. 0. 0. 0. 1. 0. 0. 0. 0. 0. 1. 0. 0. 0. 0. 0. 0. 0. 0. 0. 0. 0. 0. 0. 0. 1. 0. 1. 0. 0. 0.],4.0,best,10000,100000,100,0.9,0.5,0.9,0.5,0.9,5,0.25,1,4,,problem_solving,10
8700,-0.006071192661183233,0.064255,0.008588661246716943,0.8480000000000001,0.5397037429592386,4.110854780057853,[0.         0.         0.         0.         0.95984623 0.         0.         0.         0.         0.         0.01473636 0.         0.         0.         0.         0.         0.         0.         0.         0.         0.         0.         0.         0.         0.         0.01300413 0.         0.01241327 0.         0.         0.        ],[0. 0. 0. 0. 1. 0. 0. 0. 0. 0. 1. 0. 0. 0. 0. 0. 0. 0. 0. 0. 0. 0. 0. 0. 0. 1. 0. 1. 0. 0. 0.],4.0,best,10000,100000,100,0.9,0.5,0.9,0.5,0.9,5,0.25,1,4,,problem_solving,10
8800,-0.006071192661183233,0.064255,0.008588661246716943,0.8520000000000001,0.5365407412857937,5.024607370179168,[0.         0.         0.         0.         0.95984623 0.         0.         0.         0.         0.         0.01473636 0.         0.         0.         0.         0.         0.         0.         0.         0.         0.         0.         0.         0.         0.         0.01300413 0.         0.01241327 0.         0.         0.        ],[0. 0. 0. 0. 1. 0. 0. 0. 0. 0. 1. 0. 0. 0. 0. 0. 0. 0. 0. 0. 0. 0. 0. 0. 0. 1. 0. 1. 0. 0. 0.],4.0,best,10000,100000,100,0.9,0.5,0.9,0.5,0.9,5,0.25,1,4,,problem_solving,10
8900,-0.006138013644347616,0.059345,0.00638685595619714,0.8560000000000001,0.5333962767815211,-0.8309879401590605,[0.         0.         0.         0.         0.96431597 0.         0.         0.         0.         0.         0.         0.         0.         0.         0.         0.         0.01143292 0.         0.         0.         0.         0.         0.         0.         0.         0.01281819 0.         0.01143292 0.         0.         0.        ],[0. 0. 0. 0. 1. 0. 0. 0. 0. 0. 0. 0. 0. 0. 0. 0. 1. 0. 0. 0. 0. 0. 0. 0. 0. 1. 0. 1. 0. 0. 0.],4.0,best,10000,100000,100,0.9,0.5,0.9,0.5,0.9,5,0.25,1,4,,problem_solving,10
9000,-0.006138013644347616,0.059345,0.00638685595619714,0.8600000000000001,0.5302702408070095,-1.7761519874243177,[0.         0.         0.         0.         0.96431597 0.         0.         0.         0.         0.         0.         0.         0.         0.         0.         0.         0.01143292 0.         0.         0.         0.         0.         0.         0.         0.         0.01281819 0.         0.01143292 0.         0.         0.        ],[0. 0. 0. 0. 1. 0. 0. 0. 0. 0. 0. 0. 0. 0. 0. 0. 1. 0. 0. 0. 0. 0. 0. 0. 0. 1. 0. 1. 0. 0. 0.],4.0,best,10000,100000,100,0.9,0.5,0.9,0.5,0.9,5,0.25,1,4,,problem_solving,10
9100,-0.006138013644347616,0.059345,0.00638685595619714,0.8640000000000001,0.5271625253595416,2.0035307646450495,[0.         0.         0.         0.         0.96431597 0.         0.         0.         0.         0.         0.         0.         0.         0.         0.         0.         0.01143292 0.         0.         0.         0.         0.         0.         0.         0.         0.01281819 0.         0.01143292 0.         0.         0.        ],[0. 0. 0. 0. 1. 0. 0. 0. 0. 0. 0. 0. 0. 0. 0. 0. 1. 0. 0. 0. 0. 0. 0. 0. 0. 1. 0. 1. 0. 0. 0.],4.0,best,10000,100000,100,0.9,0.5,0.9,0.5,0.9,5,0.25,1,4,,problem_solving,10
9200,-0.006138013644347616,0.059345,0.00638685595619714,0.8680000000000001,0.5240730230693647,0.7741098362485683,[0.         0.         0.         0.         0.96431597 0.         0.         0.         0.         0.         0.         0.         0.         0.         0.         0.         0.01143292 0.         0.         0.         0.         0.         0.         0.         0.         0.01281819 0.         0.01143292 0.         0.         0.        ],[0. 0. 0. 0. 1. 0. 0. 0. 0. 0. 0. 0. 0. 0. 0. 0. 1. 0. 0. 0. 0. 0. 0. 0. 0. 1. 0. 1. 0. 0. 0.],4.0,best,10000,100000,100,0.9,0.5,0.9,0.5,0.9,5,0.25,1,4,,problem_solving,10
9300,-0.006138013644347616,0.059345,0.00638685595619714,0.8720000000000001,0.5210016271959791,2.401506342287003,[0.         0.         0.         0.         0.96431597 0.         0.         0.         0.         0.         0.         0.         0.         0.         0.         0.         0.01143292 0.         0.         0.         0.         0.         0.         0.         0.         0.01281819 0.         0.01143292 0.         0.         0.        ],[0. 0. 0. 0. 1. 0. 0. 0. 0. 0. 0. 0. 0. 0. 0. 0. 1. 0. 0. 0. 0. 0. 0. 0. 0. 1. 0. 1. 0. 0. 0.],4.0,best,10000,100000,100,0.9,0.5,0.9,0.5,0.9,5,0.25,1,4,,problem_solving,10
9400,-0.006138013644347616,0.059345,0.00638685595619714,0.8760000000000001,0.5179482316244518,1.9106035158414882,[0.         0.         0.         0.         0.96431597 0.         0.         0.         0.         0.         0.         0.         0.         0.         0.         0.         0.01143292 0.         0.         0.         0.         0.         0.         0.         0.         0.01281819 0.         0.01143292 0.         0.         0.        ],[0. 0. 0. 0. 1. 0. 0. 0. 0. 0. 0. 0. 0. 0. 0. 0. 1. 0. 0. 0. 0. 0. 0. 0. 0. 1. 0. 1. 0. 0. 0.],4.0,best,10000,100000,100,0.9,0.5,0.9,0.5,0.9,5,0.25,1,4,,problem_solving,10
9500,-0.006138013644347616,0.059345,0.00638685595619714,0.88,0.5149127308617497,3.6758057685603824,[0.         0.         0.         0.         0.96431597 0.         0.         0.         0.         0.         0.         0.         0.         0.         0.         0.         0.01143292 0.         0.         0.         0.         0.         0.         0.         0.         0.01281819 0.         0.01143292 0.         0.         0.        ],[0. 0. 0. 0. 1. 0. 0. 0. 0. 0. 0. 0. 0. 0. 0. 0. 1. 0. 0. 0. 0. 0. 0. 0. 0. 1. 0. 1. 0. 0. 0.],4.0,best,10000,100000,100,0.9,0.5,0.9,0.5,0.9,5,0.25,1,4,,problem_solving,10
9600,-0.006138013644347616,0.059345,0.00638685595619714,0.884,0.5118950200330946,2.9688958589375205,[0.         0.         0.         0.         0.96431597 0.         0.         0.         0.         0.         0.         0.         0.         0.         0.         0.         0.01143292 0.         0.         0.         0.         0.         0.         0.         0.         0.01281819 0.         0.01143292 0.         0.         0.        ],[0. 0. 0. 0. 1. 0. 0. 0. 0. 0. 0. 0. 0. 0. 0. 0. 1. 0. 0. 0. 0. 0. 0. 0. 0. 1. 0. 1. 0. 0. 0.],4.0,best,10000,100000,100,0.9,0.5,0.9,0.5,0.9,5,0.25,1,4,,problem_solving,10
9700,-0.006138013644347616,0.059345,0.00638685595619714,0.888,0.5088949948783402,-0.5346585089475604,[0.         0.         0.         0.         0.96431597 0.         0.         0.         0.         0.         0.         0.         0.         0.         0.         0.         0.01143292 0.         0.         0.         0.         0.         0.         0.         0.         0.01281819 0.         0.01143292 0.         0.         0.        ],[0. 0. 0. 0. 1. 0. 0. 0. 0. 0. 0. 0. 0. 0. 0. 0. 1. 0. 0. 0. 0. 0. 0. 0. 0. 1. 0. 1. 0. 0. 0.],4.0,best,10000,100000,100,0.9,0.5,0.9,0.5,0.9,5,0.25,1,4,,problem_solving,10
9800,-0.006138013644347616,0.059345,0.00638685595619714,0.892,0.5059125517483702,1.334871223601194,[0.         0.         0.         0.         0.96431597 0.         0.         0.         0.         0.         0.         0.         0.         0.         0.         0.         0.01143292 0.         0.         0.         0.         0.         0.         0.         0.         0.01281819 0.         0.01143292 0.         0.         0.        ],[0. 0. 0. 0. 1. 0. 0. 0. 0. 0. 0. 0. 0. 0. 0. 0. 1. 0. 0. 0. 0. 0. 0. 0. 0. 1. 0. 1. 0. 0. 0.],4.0,best,10000,100000,100,0.9,0.5,0.9,0.5,0.9,5,0.25,1,4,,problem_solving,10
9900,-0.006138013644347616,0.059345,0.00638685595619714,0.896,0.5029475876015165,-2.202320097755491,[0.         0.         0.         0.         0.96431597 0.         0.         0.         0.         0.         0.         0.         0.         0.         0.         0.         0.01143292 0.         0.         0.         0.         0.         0.         0.         0.         0.01281819 0.         0.01143292 0.         0.         0.        ],[0. 0. 0. 0. 1. 0. 0. 0. 0. 0. 0. 0. 0. 0. 0. 0. 1. 0. 0. 0. 0. 0. 0. 0. 0. 1. 0. 1. 0. 0. 0.],4.0,best,10000,100000,100,0.9,0.5,0.9,0.5,0.9,5,0.25,1,4,,problem_solving,10
9999,-0.006138013644347616,0.059345,0.00638685595619714,0.8999600000000001,0.500029390196995,4.837873498020043,[0.         0.         0.         0.         0.96431597 0.         0.         0.         0.         0.         0.         0.         0.         0.         0.         0.         0.01143292 0.         0.         0.         0.         0.         0.         0.         0.         0.01281819 0.         0.01143292 0.         0.         0.        ],[0. 0. 0. 0. 1. 0. 0. 0. 0. 0. 0. 0. 0. 0. 0. 0. 1. 0. 0. 0. 0. 0. 0. 0. 0. 1. 0. 1. 0. 0. 0.],4.0,best,10000,100000,100,0.9,0.5,0.9,0.5,0.9,5,0.25,1,4,,problem_solving,10
