iter,cost,risk,return,par,bw,move,X,Z,Q,pop_init,max_iter,pop_size,mem_size,mem_consider,par_min,par_max,bw_min,bw_max,sigma,lambda,port_n,k,seed,tag,local_search
1,0.09556859521102695,0.132743,0.003023355392959082,0.50004,0.8999471007548476,0.7427904868277083,[0.05386559 0.         0.01520296 0.         0.         0.0166031  0.         0.         0.         0.         0.         0.         0.0130194  0.         0.         0.         0.         0.01236315 0.         0.01520296 0.         0.         0.         0.         0.         0.01397729 0.         0.85976554 0.         0.         0.        ],[1. 0. 1. 0. 0. 1. 0. 0. 0. 0. 0. 0. 1. 0. 0. 0. 0. 1. 0. 1. 0. 0. 0. 0. 0. 1. 0. 1. 0. 0. 0.],8.0,best,10000,100000,100,0.9,0.5,0.9,0.5,0.9,1,0.99,1,8,,problem_solving,10
100,0.0372104461246487,0.12556,0.003421158817116534,0.504,0.894725436791504,0.4996686419978477,[0.02249443 0.         0.         0.         0.87829952 0.         0.01532218 0.         0.01400519 0.         0.01847635 0.         0.02339198 0.         0.         0.         0.         0.         0.         0.         0.         0.         0.         0.         0.         0.01400519 0.01400519 0.         0.         0.         0.        ],[1. 0. 0. 0. 1. 0. 1. 0. 1. 0. 1. 0. 1. 0. 0. 0. 0. 0. 0. 0. 0. 0. 0. 0. 0. 1. 1. 0. 0. 0. 0.],8.0,best,10000,100000,100,0.9,0.5,0.9,0.5,0.9,1,0.99,1,8,,problem_solving,10
200,0.0372104461246487,0.12556,0.003421158817116534,0.508,0.8894817858241639,2.053532166113281,[0.02249443 0.         0.         0.         0.87829952 0.         0.01532218 0.         0.01400519 0.         0.01847635 0.         0.02339198 0.         0.         0.         0.         0.         0.         0.         0.         0.         0.         0.         0.         0.01400519 0.01400519 0.         0.         0.         0.        ],[1. 0. 0. 0. 1. 0. 1. 0. 1. 0. 1. 0. 1. 0. 0. 0. 0. 0. 0. 0. 0. 0. 0. 0. 0. 1. 1. 0. 0. 0. 0.],8.0,best,10000,100000,100,0.9,0.5,0.9,0.5,0.9,1,0.99,1,8,,problem_solving,10
300,0.0372104461246487,0.12556,0.003421158817116534,0.512,0.8842688659329022,-0.032230015637706284,[0.02249443 0.         0.         0.         0.87829952 0.         0.01532218 0.         0.01400519 0.         0.01847635 0.         0.02339198 0.         0.         0.         0.         0.         0.         0.         0.         0.         0.         0.         0.         0.01400519 0.01400519 0.         0.         0.         0.        ],[1. 0. 0. 0. 1. 0. 1. 0. 1. 0. 1. 0. 1. 0. 0. 0. 0. 0. 0. 0. 0. 0. 0. 0. 0. 1. 1. 0. 0. 0. 0.],8.0,best,10000,100000,100,0.9,0.5,0.9,0.5,0.9,1,0.99,1,8,,problem_solving,10
400,0.0372104461246487,0.12556,0.003421158817116534,0.516,0.879086497014382,0.6528930603146041,[0.02249443 0.         0.         0.         0.87829952 0.         0.01532218 0.         0.01400519 0.         0.01847635 0.         0.02339198 0.         0.         0.         0.         0.         0.         0.         0.         0.         0.         0.         0.         0.01400519 0.01400519 0.         0.         0.         0.        ],[1. 0. 0. 0. 1. 0. 1. 0. 1. 0. 1. 0. 1. 0. 0. 0. 0. 0. 0. 0. 0. 0. 0. 0. 0. 1. 1. 0. 0. 0. 0.],8.0,best,10000,100000,100,0.9,0.5,0.9,0.5,0.9,1,0.99,1,8,,problem_solving,10
500,0.0372104461246487,0.12556,0.003421158817116534,0.52,0.8739345000207845,-0.15083746855291616,[0.02249443 0.         0.         0.         0.87829952 0.         0.01532218 0.         0.01400519 0.         0.01847635 0.         0.02339198 0.         0.         0.         0.         0.         0.         0.         0.         0.         0.         0.         0.         0.01400519 0.01400519 0.         0.         0.         0.        ],[1. 0. 0. 0. 1. 0. 1. 0. 1. 0. 1. 0. 1. 0. 0. 0. 0. 0. 0. 0. 0. 0. 0. 0. 0. 1. 1. 0. 0. 0. 0.],8.0,best,10000,100000,100,0.9,0.5,0.9,0.5,0.9,1,0.99,1,8,,problem_solving,10
600,0.0372104461246487,0.12556,0.003421158817116534,0.524,0.8688126969536234,-1.1955145297754177,[0.02249443 0.         0.         0.         0.87829952 0.         0.01532218 0.         0.01400519 0.         0.01847635 0.         0.02339198 0.         0.         0.         0.         0.         0.         0.         0.         0.         0.         0.         0.         0.01400519 0.01400519 0.         0.         0.         0.        ],[1. 0. 0. 0. 1. 0. 1. 0. 1. 0. 1. 0. 1. 0. 0. 0. 0. 0. 0. 0. 0. 0. 0. 0. 0. 1. 1. 0. 0. 0. 0.],8.0,best,10000,100000,100,0.9,0.5,0.9,0.5,0.9,1,0.99,1,8,,problem_solving,10
700,0.0372104461246487,0.12556,0.003421158817116534,0.528,0.8637209108575947,-0.3842172304636418,[0.02249443 0.         0.         0.         0.87829952 0.         0.01532218 0.         0.01400519 0.         0.01847635 0.         0.02339198 0.         0.         0.         0.         0.         0.         0.         0.         0.         0.         0.         0.         0.01400519 0.01400519 0.         0.         0.         0.        ],[1. 0. 0. 0. 1. 0. 1. 0. 1. 0. 1. 0. 1. 0. 0. 0. 0. 0. 0. 0. 0. 0. 0. 0. 0. 1. 1. 0. 0. 0. 0.],8.0,best,10000,100000,100,0.9,0.5,0.9,0.5,0.9,1,0.99,1,8,,problem_solving,10
800,0.0372104461246487,0.12556,0.003421158817116534,0.532,0.8586589658144633,-0.19800109715084085,[0.02249443 0.         0.         0.         0.87829952 0.         0.01532218 0.         0.01400519 0.         0.01847635 0.         0.02339198 0.         0.         0.         0.         0.         0.         0.         0.         0.         0.         0.         0.         0.01400519 0.01400519 0.         0.         0.         0.        ],[1. 0. 0. 0. 1. 0. 1. 0. 1. 0. 1. 0. 1. 0. 0. 0. 0. 0. 0. 0. 0. 0. 0. 0. 0. 1. 1. 0. 0. 0. 0.],8.0,best,10000,100000,100,0.9,0.5,0.9,0.5,0.9,1,0.99,1,8,,problem_solving,10
900,0.034787974505379585,0.126253,0.004171363293846327,0.536,0.8536266869369854,-0.5675151153223351,[0.         0.         0.         0.         0.8740024  0.         0.         0.         0.01413968 0.         0.01413968 0.         0.         0.         0.         0.01413968 0.         0.         0.         0.         0.01580032 0.         0.         0.         0.         0.         0.03532514 0.01524656 0.         0.         0.01720655],[0. 0. 0. 0. 1. 0. 0. 0. 1. 0. 1. 0. 0. 0. 0. 1. 0. 0. 0. 0. 1. 0. 0. 0. 0. 0. 1. 1. 0. 0. 1.],8.0,best,10000,100000,100,0.9,0.5,0.9,0.5,0.9,1,0.99,1,8,,problem_solving,10
1000,0.034787974505379585,0.126253,0.004171363293846327,0.54,0.8486239003628652,0.9819127949091531,[0.         0.         0.         0.         0.8740024  0.         0.         0.         0.01413968 0.         0.01413968 0.         0.         0.         0.         0.01413968 0.         0.         0.         0.         0.01580032 0.         0.         0.         0.         0.         0.03532514 0.01524656 0.         0.         0.01720655],[0. 0. 0. 0. 1. 0. 0. 0. 1. 0. 1. 0. 0. 0. 0. 1. 0. 0. 0. 0. 1. 0. 0. 0. 0. 0. 1. 1. 0. 0. 1.],8.0,best,10000,100000,100,0.9,0.5,0.9,0.5,0.9,1,0.99,1,8,,problem_solving,10
1100,0.034787974505379585,0.126253,0.004171363293846327,0.544,0.8436504332487491,0.9405041899862939,[0.         0.         0.         0.         0.8740024  0.         0.         0.         0.01413968 0.         0.01413968 0.         0.         0.         0.         0.01413968 0.         0.         0.         0.         0.01580032 0.         0.         0.         0.         0.         0.03532514 0.01524656 0.         0.         0.01720655],[0. 0. 0. 0. 1. 0. 0. 0. 1. 0. 1. 0. 0. 0. 0. 1. 0. 0. 0. 0. 1. 0. 0. 0. 0. 0. 1. 1. 0. 0. 1.],8.0,best,10000,100000,100,0.9,0.5,0.9,0.5,0.9,1,0.99,1,8,,problem_solving,10
1200,0.034787974505379585,0.126253,0.004171363293846327,0.548,0.838706113764254,-0.5024362544138625,[0.         0.         0.         0.         0.8740024  0.         0.         0.         0.01413968 0.         0.01413968 0.         0.         0.         0.         0.01413968 0.         0.         0.         0.         0.01580032 0.         0.         0.         0.         0.         0.03532514 0.01524656 0.         0.         0.01720655],[0. 0. 0. 0. 1. 0. 0. 0. 1. 0. 1. 0. 0. 0. 0. 1. 0. 0. 0. 0. 1. 0. 0. 0. 0. 0. 1. 1. 0. 0. 1.],8.0,best,10000,100000,100,0.9,0.5,0.9,0.5,0.9,1,0.99,1,8,,problem_solving,10
1300,0.034787974505379585,0.126253,0.004171363293846327,0.552,0.83379077108603,0.49753770237546097,[0.         0.         0.         0.         0.8740024  0.         0.         0.         0.01413968 0.         0.01413968 0.         0.         0.         0.         0.01413968 0.         0.         0.         0.         0.01580032 0.         0.         0.         0.         0.         0.03532514 0.01524656 0.         0.         0.01720655],[0. 0. 0. 0. 1. 0. 0. 0. 1. 0. 1. 0. 0. 0. 0. 1. 0. 0. 0. 0. 1. 0. 0. 0. 0. 0. 1. 1. 0. 0. 1.],8.0,best,10000,100000,100,0.9,0.5,0.9,0.5,0.9,1,0.99,1,8,,problem_solving,10
1400,0.034787974505379585,0.126253,0.004171363293846327,0.556,0.828904235391859,-0.975238808337386,[0.         0.         0.         0.         0.8740024  0.         0.         0.         0.01413968 0.         0.01413968 0.         0.         0.         0.         0.01413968 0.         0.         0.         0.         0.01580032 0.         0.         0.         0.         0.         0.03532514 0.01524656 0.         0.         0.01720655],[0. 0. 0. 0. 1. 0. 0. 0. 1. 0. 1. 0. 0. 0. 0. 1. 0. 0. 0. 0. 1. 0. 0. 0. 0. 0. 1. 1. 0. 0. 1.],8.0,best,10000,100000,100,0.9,0.5,0.9,0.5,0.9,1,0.99,1,8,,problem_solving,10
1500,0.034787974505379585,0.126253,0.004171363293846327,0.56,0.8240463378547873,-0.29726715370976287,[0.         0.         0.         0.         0.8740024  0.         0.         0.         0.01413968 0.         0.01413968 0.         0.         0.         0.         0.01413968 0.         0.         0.         0.         0.01580032 0.         0.         0.         0.         0.         0.03532514 0.01524656 0.         0.         0.01720655],[0. 0. 0. 0. 1. 0. 0. 0. 1. 0. 1. 0. 0. 0. 0. 1. 0. 0. 0. 0. 1. 0. 0. 0. 0. 0. 1. 1. 0. 0. 1.],8.0,best,10000,100000,100,0.9,0.5,0.9,0.5,0.9,1,0.99,1,8,,problem_solving,10
1600,0.034787974505379585,0.126253,0.004171363293846327,0.5640000000000001,0.8192169106372932,-1.4211717197338032,[0.         0.         0.         0.         0.8740024  0.         0.         0.         0.01413968 0.         0.01413968 0.         0.         0.         0.         0.01413968 0.         0.         0.         0.         0.01580032 0.         0.         0.         0.         0.         0.03532514 0.01524656 0.         0.         0.01720655],[0. 0. 0. 0. 1. 0. 0. 0. 1. 0. 1. 0. 0. 0. 0. 1. 0. 0. 0. 0. 1. 0. 0. 0. 0. 0. 1. 1. 0. 0. 1.],8.0,best,10000,100000,100,0.9,0.5,0.9,0.5,0.9,1,0.99,1,8,,problem_solving,10
1700,0.034787974505379585,0.126253,0.004171363293846327,0.5680000000000001,0.8144157868854872,-0.8801155686166179,[0.         0.         0.         0.         0.8740024  0.         0.         0.         0.01413968 0.         0.01413968 0.         0.         0.         0.         0.01413968 0.         0.         0.         0.         0.01580032 0.         0.         0.         0.         0.         0.03532514 0.01524656 0.         0.         0.01720655],[0. 0. 0. 0. 1. 0. 0. 0. 1. 0. 1. 0. 0. 0. 0. 1. 0. 0. 0. 0. 1. 0. 0. 0. 0. 0. 1. 1. 0. 0. 1.],8.0,best,10000,100000,100,0.9,0.5,0.9,0.5,0.9,1,0.99,1,8,,problem_solving,10
1800,0.034787974505379585,0.126253,0.004171363293846327,0.5720000000000001,0.8096428007233489,-1.0168773673079494,[0.         0.         0.         0.         0.8740024  0.         0.         0.         0.01413968 0.         0.01413968 0.         0.         0.         0.         0.01413968 0.         0.         0.         0.         0.01580032 0.         0.         0.         0.         0.         0.03532514 0.01524656 0.         0.         0.01720655],[0. 0. 0. 0. 1. 0. 0. 0. 1. 0. 1. 0. 0. 0. 0. 1. 0. 0. 0. 0. 1. 0. 0. 0. 0. 0. 1. 1. 0. 0. 1.],8.0,best,10000,100000,100,0.9,0.5,0.9,0.5,0.9,1,0.99,1,8,,problem_solving,10
1900,0.033399995149120655,0.124017,0.005580782303537974,0.5760000000000001,0.8048977872469943,-0.4102057375730151,[0.         0.         0.         0.         0.01917929 0.         0.0131897  0.         0.         0.         0.         0.         0.         0.         0.         0.0228221  0.01917929 0.         0.         0.         0.         0.02297872 0.         0.         0.         0.0131897  0.         0.85836604 0.         0.         0.03109516],[0. 0. 0. 0. 1. 0. 1. 0. 0. 0. 0. 0. 0. 0. 0. 1. 1. 0. 0. 0. 0. 1. 0. 0. 0. 1. 0. 1. 0. 0. 1.],8.0,best,10000,100000,100,0.9,0.5,0.9,0.5,0.9,1,0.99,1,8,,problem_solving,10
2000,0.033399995149120655,0.124017,0.005580782303537974,0.58,0.80018058251898,-0.4842206747743862,[0.         0.         0.         0.         0.01917929 0.         0.0131897  0.         0.         0.         0.         0.         0.         0.         0.         0.0228221  0.01917929 0.         0.         0.         0.         0.02297872 0.         0.         0.         0.0131897  0.         0.85836604 0.         0.         0.03109516],[0. 0. 0. 0. 1. 0. 1. 0. 0. 0. 0. 0. 0. 0. 0. 1. 1. 0. 0. 0. 0. 1. 0. 0. 0. 1. 0. 1. 0. 0. 1.],8.0,best,10000,100000,100,0.9,0.5,0.9,0.5,0.9,1,0.99,1,8,,problem_solving,10
2100,0.033399995149120655,0.124017,0.005580782303537974,0.584,0.7954910235626383,0.038153707155033224,[0.         0.         0.         0.         0.01917929 0.         0.0131897  0.         0.         0.         0.         0.         0.         0.         0.         0.0228221  0.01917929 0.         0.         0.         0.         0.02297872 0.         0.         0.         0.0131897  0.         0.85836604 0.         0.         0.03109516],[0. 0. 0. 0. 1. 0. 1. 0. 0. 0. 0. 0. 0. 0. 0. 1. 1. 0. 0. 0. 0. 1. 0. 0. 0. 1. 0. 1. 0. 0. 1.],8.0,best,10000,100000,100,0.9,0.5,0.9,0.5,0.9,1,0.99,1,8,,problem_solving,10
2200,0.027834301044674166,0.131356,0.004848632871334732,0.588,0.7908289483564468,0.1465512293369519,[0.01414977 0.01982405 0.         0.         0.01414977 0.         0.         0.         0.01650064 0.         0.         0.         0.         0.         0.01650064 0.         0.         0.         0.         0.         0.         0.         0.01414977 0.         0.         0.8905756  0.         0.         0.         0.         0.01414977],[1. 1. 0. 0. 1. 0. 0. 0. 1. 0. 0. 0. 0. 0. 1. 0. 0. 0. 0. 0. 0. 0. 1. 0. 0. 1. 0. 0. 0. 0. 1.],8.0,best,10000,100000,100,0.9,0.5,0.9,0.5,0.9,1,0.99,1,8,,problem_solving,10
2300,0.027834301044674166,0.131356,0.004848632871334732,0.592,0.7861941958284306,-1.331486776662176,[0.01414977 0.01982405 0.         0.         0.01414977 0.         0.         0.         0.01650064 0.         0.         0.         0.         0.         0.01650064 0.         0.         0.         0.         0.         0.         0.         0.01414977 0.         0.         0.8905756  0.         0.         0.         0.         0.01414977],[1. 1. 0. 0. 1. 0. 0. 0. 1. 0. 0. 0. 0. 0. 1. 0. 0. 0. 0. 0. 0. 0. 1. 0. 0. 1. 0. 0. 0. 0. 1.],8.0,best,10000,100000,100,0.9,0.5,0.9,0.5,0.9,1,0.99,1,8,,problem_solving,10
2400,0.027834301044674166,0.131356,0.004848632871334732,0.596,0.7815866058505976,0.3715974934907968,[0.01414977 0.01982405 0.         0.         0.01414977 0.         0.         0.         0.01650064 0.         0.         0.         0.         0.         0.01650064 0.         0.         0.         0.         0.         0.         0.         0.01414977 0.         0.         0.8905756  0.         0.         0.         0.         0.01414977],[1. 1. 0. 0. 1. 0. 0. 0. 1. 0. 0. 0. 0. 0. 1. 0. 0. 0. 0. 0. 0. 0. 1. 0. 0. 1. 0. 0. 0. 0. 1.],8.0,best,10000,100000,100,0.9,0.5,0.9,0.5,0.9,1,0.99,1,8,,problem_solving,10
2500,0.027834301044674166,0.131356,0.004848632871334732,0.6,0.7770060192334055,-0.6046189613939784,[0.01414977 0.01982405 0.         0.         0.01414977 0.         0.         0.         0.01650064 0.         0.         0.         0.         0.         0.01650064 0.         0.         0.         0.         0.         0.         0.         0.01414977 0.         0.         0.8905756  0.         0.         0.         0.         0.01414977],[1. 1. 0. 0. 1. 0. 0. 0. 1. 0. 0. 0. 0. 0. 1. 0. 0. 0. 0. 0. 0. 0. 1. 0. 0. 1. 0. 0. 0. 0. 1.],8.0,best,10000,100000,100,0.9,0.5,0.9,0.5,0.9,1,0.99,1,8,,problem_solving,10
2600,0.027834301044674166,0.131356,0.004848632871334732,0.604,0.7724522777202627,0.037572218434052174,[0.01414977 0.01982405 0.         0.         0.01414977 0.         0.         0.         0.01650064 0.         0.         0.         0.         0.         0.01650064 0.         0.         0.         0.         0.         0.         0.         0.01414977 0.         0.         0.8905756  0.         0.         0.         0.         0.01414977],[1. 1. 0. 0. 1. 0. 0. 0. 1. 0. 0. 0. 0. 0. 1. 0. 0. 0. 0. 0. 0. 0. 1. 0. 0. 1. 0. 0. 0. 0. 1.],8.0,best,10000,100000,100,0.9,0.5,0.9,0.5,0.9,1,0.99,1,8,,problem_solving,10
2700,0.027834301044674166,0.131356,0.004848632871334732,0.608,0.7679252239820602,-0.8932499124818732,[0.01414977 0.01982405 0.         0.         0.01414977 0.         0.         0.         0.01650064 0.         0.         0.         0.         0.         0.01650064 0.         0.         0.         0.         0.         0.         0.         0.01414977 0.         0.         0.8905756  0.         0.         0.         0.         0.01414977],[1. 1. 0. 0. 1. 0. 0. 0. 1. 0. 0. 0. 0. 0. 1. 0. 0. 0. 0. 0. 0. 0. 1. 0. 0. 1. 0. 0. 0. 0. 1.],8.0,best,10000,100000,100,0.9,0.5,0.9,0.5,0.9,1,0.99,1,8,,problem_solving,10
2800,0.027834301044674166,0.131356,0.004848632871334732,0.612,0.7634247016117359,1.0489130441981156,[0.01414977 0.01982405 0.         0.         0.01414977 0.         0.         0.         0.01650064 0.         0.         0.         0.         0.         0.01650064 0.         0.         0.         0.         0.         0.         0.         0.01414977 0.         0.         0.8905756  0.         0.         0.         0.         0.01414977],[1. 1. 0. 0. 1. 0. 0. 0. 1. 0. 0. 0. 0. 0. 1. 0. 0. 0. 0. 0. 0. 0. 1. 0. 0. 1. 0. 0. 0. 0. 1.],8.0,best,10000,100000,100,0.9,0.5,0.9,0.5,0.9,1,0.99,1,8,,problem_solving,10
2900,0.027834301044674166,0.131356,0.004848632871334732,0.616,0.758950555118871,-0.10322636462710219,[0.01414977 0.01982405 0.         0.         0.01414977 0.         0.         0.         0.01650064 0.         0.         0.         0.         0.         0.01650064 0.         0.         0.         0.         0.         0.         0.         0.01414977 0.         0.         0.8905756  0.         0.         0.         0.         0.01414977],[1. 1. 0. 0. 1. 0. 0. 0. 1. 0. 0. 0. 0. 0. 1. 0. 0. 0. 0. 0. 0. 0. 1. 0. 0. 1. 0. 0. 0. 0. 1.],8.0,best,10000,100000,100,0.9,0.5,0.9,0.5,0.9,1,0.99,1,8,,problem_solving,10
3000,0.027834301044674166,0.131356,0.004848632871334732,0.62,0.754502629924318,0.9531034867726226,[0.01414977 0.01982405 0.         0.         0.01414977 0.         0.         0.         0.01650064 0.         0.         0.         0.         0.         0.01650064 0.         0.         0.         0.         0.         0.         0.         0.01414977 0.         0.         0.8905756  0.         0.         0.         0.         0.01414977],[1. 1. 0. 0. 1. 0. 0. 0. 1. 0. 0. 0. 0. 0. 1. 0. 0. 0. 0. 0. 0. 0. 1. 0. 0. 1. 0. 0. 0. 0. 1.],8.0,best,10000,100000,100,0.9,0.5,0.9,0.5,0.9,1,0.99,1,8,,problem_solving,10
3100,0.027834301044674166,0.131356,0.004848632871334732,0.624,0.7500807723548599,-0.5924453558228185,[0.01414977 0.01982405 0.         0.         0.01414977 0.         0.         0.         0.01650064 0.         0.         0.         0.         0.         0.01650064 0.         0.         0.         0.         0.         0.         0.         0.01414977 0.         0.         0.8905756  0.         0.         0.         0.         0.01414977],[1. 1. 0. 0. 1. 0. 0. 0. 1. 0. 0. 0. 0. 0. 1. 0. 0. 0. 0. 0. 0. 0. 1. 0. 0. 1. 0. 0. 0. 0. 1.],8.0,best,10000,100000,100,0.9,0.5,0.9,0.5,0.9,1,0.99,1,8,,problem_solving,10
3200,0.027834301044674166,0.131356,0.004848632871334732,0.628,0.7456848296379007,0.32024303435456913,[0.01414977 0.01982405 0.         0.         0.01414977 0.         0.         0.         0.01650064 0.         0.         0.         0.         0.         0.01650064 0.         0.         0.         0.         0.         0.         0.         0.01414977 0.         0.         0.8905756  0.         0.         0.         0.         0.01414977],[1. 1. 0. 0. 1. 0. 0. 0. 1. 0. 0. 0. 0. 0. 1. 0. 0. 0. 0. 0. 0. 0. 1. 0. 0. 1. 0. 0. 0. 0. 1.],8.0,best,10000,100000,100,0.9,0.5,0.9,0.5,0.9,1,0.99,1,8,,problem_solving,10
3300,0.027834301044674166,0.131356,0.004848632871334732,0.632,0.7413146498961878,0.20699280320608984,[0.01414977 0.01982405 0.         0.         0.01414977 0.         0.         0.         0.01650064 0.         0.         0.         0.         0.         0.01650064 0.         0.         0.         0.         0.         0.         0.         0.01414977 0.         0.         0.8905756  0.         0.         0.         0.         0.01414977],[1. 1. 0. 0. 1. 0. 0. 0. 1. 0. 0. 0. 0. 0. 1. 0. 0. 0. 0. 0. 0. 0. 1. 0. 0. 1. 0. 0. 0. 0. 1.],8.0,best,10000,100000,100,0.9,0.5,0.9,0.5,0.9,1,0.99,1,8,,problem_solving,10
3400,0.027834301044674166,0.131356,0.004848632871334732,0.636,0.7369700821425638,-1.4338331518811926,[0.01414977 0.01982405 0.         0.         0.01414977 0.         0.         0.         0.01650064 0.         0.         0.         0.         0.         0.01650064 0.         0.         0.         0.         0.         0.         0.         0.01414977 0.         0.         0.8905756  0.         0.         0.         0.         0.01414977],[1. 1. 0. 0. 1. 0. 0. 0. 1. 0. 0. 0. 0. 0. 1. 0. 0. 0. 0. 0. 0. 0. 1. 0. 0. 1. 0. 0. 0. 0. 1.],8.0,best,10000,100000,100,0.9,0.5,0.9,0.5,0.9,1,0.99,1,8,,problem_solving,10
3500,0.027834301044674166,0.131356,0.004848632871334732,0.64,0.7326509762747511,0.5919871022646176,[0.01414977 0.01982405 0.         0.         0.01414977 0.         0.         0.         0.01650064 0.         0.         0.         0.         0.         0.01650064 0.         0.         0.         0.         0.         0.         0.         0.01414977 0.         0.         0.8905756  0.         0.         0.         0.         0.01414977],[1. 1. 0. 0. 1. 0. 0. 0. 1. 0. 0. 0. 0. 0. 1. 0. 0. 0. 0. 0. 0. 0. 1. 0. 0. 1. 0. 0. 0. 0. 1.],8.0,best,10000,100000,100,0.9,0.5,0.9,0.5,0.9,1,0.99,1,8,,problem_solving,10
3600,0.027834301044674166,0.131356,0.004848632871334732,0.644,0.7283571830701648,-0.8301244026801153,[0.01414977 0.01982405 0.         0.         0.01414977 0.         0.         0.         0.01650064 0.         0.         0.         0.         0.         0.01650064 0.         0.         0.         0.         0.         0.         0.         0.01414977 0.         0.         0.8905756  0.         0.         0.         0.         0.01414977],[1. 1. 0. 0. 1. 0. 0. 0. 1. 0. 0. 0. 0. 0. 1. 0. 0. 0. 0. 0. 0. 0. 1. 0. 0. 1. 0. 0. 0. 0. 1.],8.0,best,10000,100000,100,0.9,0.5,0.9,0.5,0.9,1,0.99,1,8,,problem_solving,10
3700,0.027834301044674166,0.131356,0.004848632871334732,0.648,0.7240885541807586,0.2577258301156707,[0.01414977 0.01982405 0.         0.         0.01414977 0.         0.         0.         0.01650064 0.         0.         0.         0.         0.         0.01650064 0.         0.         0.         0.         0.         0.         0.         0.01414977 0.         0.         0.8905756  0.         0.         0.         0.         0.01414977],[1. 1. 0. 0. 1. 0. 0. 0. 1. 0. 0. 0. 0. 0. 1. 0. 0. 0. 0. 0. 0. 0. 1. 0. 0. 1. 0. 0. 0. 0. 1.],8.0,best,10000,100000,100,0.9,0.5,0.9,0.5,0.9,1,0.99,1,8,,problem_solving,10
3800,0.027834301044674166,0.131356,0.004848632871334732,0.652,0.7198449421278975,0.9715521006677778,[0.01414977 0.01982405 0.         0.         0.01414977 0.         0.         0.         0.01650064 0.         0.         0.         0.         0.         0.01650064 0.         0.         0.         0.         0.         0.         0.         0.01414977 0.         0.         0.8905756  0.         0.         0.         0.         0.01414977],[1. 1. 0. 0. 1. 0. 0. 0. 1. 0. 0. 0. 0. 0. 1. 0. 0. 0. 0. 0. 0. 0. 1. 0. 0. 1. 0. 0. 0. 0. 1.],8.0,best,10000,100000,100,0.9,0.5,0.9,0.5,0.9,1,0.99,1,8,,problem_solving,10
3900,0.027834301044674166,0.131356,0.004848632871334732,0.656,0.7156262002972644,-0.21069395266682664,[0.01414977 0.01982405 0.         0.         0.01414977 0.         0.         0.         0.01650064 0.         0.         0.         0.         0.         0.01650064 0.         0.         0.         0.         0.         0.         0.         0.01414977 0.         0.         0.8905756  0.         0.         0.         0.         0.01414977],[1. 1. 0. 0. 1. 0. 0. 0. 1. 0. 0. 0. 0. 0. 1. 0. 0. 0. 0. 0. 0. 0. 1. 0. 0. 1. 0. 0. 0. 0. 1.],8.0,best,10000,100000,100,0.9,0.5,0.9,0.5,0.9,1,0.99,1,8,,problem_solving,10
4000,0.027834301044674166,0.131356,0.004848632871334732,0.66,0.7114321829337936,-1.0670352055775698,[0.01414977 0.01982405 0.         0.         0.01414977 0.         0.         0.         0.01650064 0.         0.         0.         0.         0.         0.01650064 0.         0.         0.         0.         0.         0.         0.         0.01414977 0.         0.         0.8905756  0.         0.         0.         0.         0.01414977],[1. 1. 0. 0. 1. 0. 0. 0. 1. 0. 0. 0. 0. 0. 1. 0. 0. 0. 0. 0. 0. 0. 1. 0. 0. 1. 0. 0. 0. 0. 1.],8.0,best,10000,100000,100,0.9,0.5,0.9,0.5,0.9,1,0.99,1,8,,problem_solving,10
4100,0.027834301044674166,0.131356,0.004848632871334732,0.664,0.707262745136635,0.04548762298964739,[0.01414977 0.01982405 0.         0.         0.01414977 0.         0.         0.         0.01650064 0.         0.         0.         0.         0.         0.01650064 0.         0.         0.         0.         0.         0.         0.         0.01414977 0.         0.         0.8905756  0.         0.         0.         0.         0.01414977],[1. 1. 0. 0. 1. 0. 0. 0. 1. 0. 0. 0. 0. 0. 1. 0. 0. 0. 0. 0. 0. 0. 1. 0. 0. 1. 0. 0. 0. 0. 1.],8.0,best,10000,100000,100,0.9,0.5,0.9,0.5,0.9,1,0.99,1,8,,problem_solving,10
4200,0.027834301044674166,0.131356,0.004848632871334732,0.668,0.7031177428541489,-0.3554605145169952,[0.01414977 0.01982405 0.         0.         0.01414977 0.         0.         0.         0.01650064 0.         0.         0.         0.         0.         0.01650064 0.         0.         0.         0.         0.         0.         0.         0.01414977 0.         0.         0.8905756  0.         0.         0.         0.         0.01414977],[1. 1. 0. 0. 1. 0. 0. 0. 1. 0. 0. 0. 0. 0. 1. 0. 0. 0. 0. 0. 0. 0. 1. 0. 0. 1. 0. 0. 0. 0. 1.],8.0,best,10000,100000,100,0.9,0.5,0.9,0.5,0.9,1,0.99,1,8,,problem_solving,10
4300,0.027834301044674166,0.131356,0.004848632871334732,0.672,0.6989970328789274,-0.0876573781434179,[0.01414977 0.01982405 0.         0.         0.01414977 0.         0.         0.         0.01650064 0.         0.         0.         0.         0.         0.01650064 0.         0.         0.         0.         0.         0.         0.         0.01414977 0.         0.         0.8905756  0.         0.         0.         0.         0.01414977],[1. 1. 0. 0. 1. 0. 0. 0. 1. 0. 0. 0. 0. 0. 1. 0. 0. 0. 0. 0. 0. 0. 1. 0. 0. 1. 0. 0. 0. 0. 1.],8.0,best,10000,100000,100,0.9,0.5,0.9,0.5,0.9,1,0.99,1,8,,problem_solving,10
4400,0.027834301044674166,0.131356,0.004848632871334732,0.676,0.6949004728428485,0.2738711815849956,[0.01414977 0.01982405 0.         0.         0.01414977 0.         0.         0.         0.01650064 0.         0.         0.         0.         0.         0.01650064 0.         0.         0.         0.         0.         0.         0.         0.01414977 0.         0.         0.8905756  0.         0.         0.         0.         0.01414977],[1. 1. 0. 0. 1. 0. 0. 0. 1. 0. 0. 0. 0. 0. 1. 0. 0. 0. 0. 0. 0. 0. 1. 0. 0. 1. 0. 0. 0. 0. 1.],8.0,best,10000,100000,100,0.9,0.5,0.9,0.5,0.9,1,0.99,1,8,,problem_solving,10
4500,0.027834301044674166,0.131356,0.004848632871334732,0.68,0.6908279212121557,-0.23677039985378245,[0.01414977 0.01982405 0.         0.         0.01414977 0.         0.         0.         0.01650064 0.         0.         0.         0.         0.         0.01650064 0.         0.         0.         0.         0.         0.         0.         0.01414977 0.         0.         0.8905756  0.         0.         0.         0.         0.01414977],[1. 1. 0. 0. 1. 0. 0. 0. 1. 0. 0. 0. 0. 0. 1. 0. 0. 0. 0. 0. 0. 0. 1. 0. 0. 1. 0. 0. 0. 0. 1.],8.0,best,10000,100000,100,0.9,0.5,0.9,0.5,0.9,1,0.99,1,8,,problem_solving,10
4600,0.027834301044674166,0.131356,0.004848632871334732,0.684,0.6867792372825697,-0.11424863771468022,[0.01414977 0.01982405 0.         0.         0.01414977 0.         0.         0.         0.01650064 0.         0.         0.         0.         0.         0.01650064 0.         0.         0.         0.         0.         0.         0.         0.01414977 0.         0.         0.8905756  0.         0.         0.         0.         0.01414977],[1. 1. 0. 0. 1. 0. 0. 0. 1. 0. 0. 0. 0. 0. 1. 0. 0. 0. 0. 0. 0. 0. 1. 0. 0. 1. 0. 0. 0. 0. 1.],8.0,best,10000,100000,100,0.9,0.5,0.9,0.5,0.9,1,0.99,1,8,,problem_solving,10
4700,0.027834301044674166,0.131356,0.004848632871334732,0.6880000000000001,0.6827542811744257,0.9155719239625971,[0.01414977 0.01982405 0.         0.         0.01414977 0.         0.         0.         0.01650064 0.         0.         0.         0.         0.         0.01650064 0.         0.         0.         0.         0.         0.         0.         0.01414977 0.         0.         0.8905756  0.         0.         0.         0.         0.01414977],[1. 1. 0. 0. 1. 0. 0. 0. 1. 0. 0. 0. 0. 0. 1. 0. 0. 0. 0. 0. 0. 0. 1. 0. 0. 1. 0. 0. 0. 0. 1.],8.0,best,10000,100000,100,0.9,0.5,0.9,0.5,0.9,1,0.99,1,8,,problem_solving,10
4800,0.027834301044674166,0.131356,0.004848632871334732,0.692,0.6787529138278414,0.13044329791864603,[0.01414977 0.01982405 0.         0.         0.01414977 0.         0.         0.         0.01650064 0.         0.         0.         0.         0.         0.01650064 0.         0.         0.         0.         0.         0.         0.         0.01414977 0.         0.         0.8905756  0.         0.         0.         0.         0.01414977],[1. 1. 0. 0. 1. 0. 0. 0. 1. 0. 0. 0. 0. 0. 1. 0. 0. 0. 0. 0. 0. 0. 1. 0. 0. 1. 0. 0. 0. 0. 1.],8.0,best,10000,100000,100,0.9,0.5,0.9,0.5,0.9,1,0.99,1,8,,problem_solving,10
4900,0.027834301044674166,0.131356,0.004848632871334732,0.696,0.6747749969979128,-0.23235901465019224,[0.01414977 0.01982405 0.         0.         0.01414977 0.         0.         0.         0.01650064 0.         0.         0.         0.         0.         0.01650064 0.         0.         0.         0.         0.         0.         0.         0.01414977 0.         0.         0.8905756  0.         0.         0.         0.         0.01414977],[1. 1. 0. 0. 1. 0. 0. 0. 1. 0. 0. 0. 0. 0. 1. 0. 0. 0. 0. 0. 0. 0. 1. 0. 0. 1. 0. 0. 0. 0. 1.],8.0,best,10000,100000,100,0.9,0.5,0.9,0.5,0.9,1,0.99,1,8,,problem_solving,10
5000,0.027834301044674166,0.131356,0.004848632871334732,0.7,0.6708203932499369,-0.9298537569678047,[0.01414977 0.01982405 0.         0.         0.01414977 0.         0.         0.         0.01650064 0.         0.         0.         0.         0.         0.01650064 0.         0.         0.         0.         0.         0.         0.         0.01414977 0.         0.         0.8905756  0.         0.         0.         0.         0.01414977],[1. 1. 0. 0. 1. 0. 0. 0. 1. 0. 0. 0. 0. 0. 1. 0. 0. 0. 0. 0. 0. 0. 1. 0. 0. 1. 0. 0. 0. 0. 1.],8.0,best,10000,100000,100,0.9,0.5,0.9,0.5,0.9,1,0.99,1,8,,problem_solving,10
5100,0.027834301044674166,0.131356,0.004848632871334732,0.704,0.6668889659546647,0.18967056484194217,[0.01414977 0.01982405 0.         0.         0.01414977 0.         0.         0.         0.01650064 0.         0.         0.         0.         0.         0.01650064 0.         0.         0.         0.         0.         0.         0.         0.01414977 0.         0.         0.8905756  0.         0.         0.         0.         0.01414977],[1. 1. 0. 0. 1. 0. 0. 0. 1. 0. 0. 0. 0. 0. 1. 0. 0. 0. 0. 0. 0. 0. 1. 0. 0. 1. 0. 0. 0. 0. 1.],8.0,best,10000,100000,100,0.9,0.5,0.9,0.5,0.9,1,0.99,1,8,,problem_solving,10
5200,0.027834301044674166,0.131356,0.004848632871334732,0.708,0.6629805792835798,1.6287056890223883,[0.01414977 0.01982405 0.         0.         0.01414977 0.         0.         0.         0.01650064 0.         0.         0.         0.         0.         0.01650064 0.         0.         0.         0.         0.         0.         0.         0.01414977 0.         0.         0.8905756  0.         0.         0.         0.         0.01414977],[1. 1. 0. 0. 1. 0. 0. 0. 1. 0. 0. 0. 0. 0. 1. 0. 0. 0. 0. 0. 0. 0. 1. 0. 0. 1. 0. 0. 0. 0. 1.],8.0,best,10000,100000,100,0.9,0.5,0.9,0.5,0.9,1,0.99,1,8,,problem_solving,10
5300,0.027834301044674166,0.131356,0.004848632871334732,0.712,0.6590950982042058,-0.8039380417280295,[0.01414977 0.01982405 0.         0.         0.01414977 0.         0.         0.         0.01650064 0.         0.         0.         0.         0.         0.01650064 0.         0.         0.         0.         0.         0.         0.         0.01414977 0.         0.         0.8905756  0.         0.         0.         0.         0.01414977],[1. 1. 0. 0. 1. 0. 0. 0. 1. 0. 0. 0. 0. 0. 1. 0. 0. 0. 0. 0. 0. 0. 1. 0. 0. 1. 0. 0. 0. 0. 1.],8.0,best,10000,100000,100,0.9,0.5,0.9,0.5,0.9,1,0.99,1,8,,problem_solving,10
5400,0.027834301044674166,0.131356,0.004848632871334732,0.716,0.6552323884754414,-0.3463175093008283,[0.01414977 0.01982405 0.         0.         0.01414977 0.         0.         0.         0.01650064 0.         0.         0.         0.         0.         0.01650064 0.         0.         0.         0.         0.         0.         0.         0.01414977 0.         0.         0.8905756  0.         0.         0.         0.         0.01414977],[1. 1. 0. 0. 1. 0. 0. 0. 1. 0. 0. 0. 0. 0. 1. 0. 0. 0. 0. 0. 0. 0. 1. 0. 0. 1. 0. 0. 0. 0. 1.],8.0,best,10000,100000,100,0.9,0.5,0.9,0.5,0.9,1,0.99,1,8,,problem_solving,10
5500,0.027834301044674166,0.131356,0.004848632871334732,0.72,0.651392316642922,-0.8631822055965467,[0.01414977 0.01982405 0.         0.         0.01414977 0.         0.         0.         0.01650064 0.         0.         0.         0.         0.         0.01650064 0.         0.         0.         0.         0.         0.         0.         0.01414977 0.         0.         0.8905756  0.         0.         0.         0.         0.01414977],[1. 1. 0. 0. 1. 0. 0. 0. 1. 0. 0. 0. 0. 0. 1. 0. 0. 0. 0. 0. 0. 0. 1. 0. 0. 1. 0. 0. 0. 0. 1.],8.0,best,10000,100000,100,0.9,0.5,0.9,0.5,0.9,1,0.99,1,8,,problem_solving,10
5600,0.027834301044674166,0.131356,0.004848632871334732,0.724,0.6475747500344088,0.0896321454481021,[0.01414977 0.01982405 0.         0.         0.01414977 0.         0.         0.         0.01650064 0.         0.         0.         0.         0.         0.01650064 0.         0.         0.         0.         0.         0.         0.         0.01414977 0.         0.         0.8905756  0.         0.         0.         0.         0.01414977],[1. 1. 0. 0. 1. 0. 0. 0. 1. 0. 0. 0. 0. 0. 1. 0. 0. 0. 0. 0. 0. 0. 1. 0. 0. 1. 0. 0. 0. 0. 1.],8.0,best,10000,100000,100,0.9,0.5,0.9,0.5,0.9,1,0.99,1,8,,problem_solving,10
5700,0.027834301044674166,0.131356,0.004848632871334732,0.728,0.643779556755206,0.6050913840200851,[0.01414977 0.01982405 0.         0.         0.01414977 0.         0.         0.         0.01650064 0.         0.         0.         0.         0.         0.01650064 0.         0.         0.         0.         0.         0.         0.         0.01414977 0.         0.         0.8905756  0.         0.         0.         0.         0.01414977],[1. 1. 0. 0. 1. 0. 0. 0. 1. 0. 0. 0. 0. 0. 1. 0. 0. 0. 0. 0. 0. 0. 1. 0. 0. 1. 0. 0. 0. 0. 1.],8.0,best,10000,100000,100,0.9,0.5,0.9,0.5,0.9,1,0.99,1,8,,problem_solving,10
5800,0.027834301044674166,0.131356,0.004848632871334732,0.732,0.6400066056836028,0.19716347286647723,[0.01414977 0.01982405 0.         0.         0.01414977 0.         0.         0.         0.01650064 0.         0.         0.         0.         0.         0.01650064 0.         0.         0.         0.         0.         0.         0.         0.01414977 0.         0.         0.8905756  0.         0.         0.         0.         0.01414977],[1. 1. 0. 0. 1. 0. 0. 0. 1. 0. 0. 0. 0. 0. 1. 0. 0. 0. 0. 0. 0. 0. 1. 0. 0. 1. 0. 0. 0. 0. 1.],8.0,best,10000,100000,100,0.9,0.5,0.9,0.5,0.9,1,0.99,1,8,,problem_solving,10
5900,0.027834301044674166,0.131356,0.004848632871334732,0.736,0.6362557664663436,-0.5845545541190523,[0.01414977 0.01982405 0.         0.         0.01414977 0.         0.         0.         0.01650064 0.         0.         0.         0.         0.         0.01650064 0.         0.         0.         0.         0.         0.         0.         0.01414977 0.         0.         0.8905756  0.         0.         0.         0.         0.01414977],[1. 1. 0. 0. 1. 0. 0. 0. 1. 0. 0. 0. 0. 0. 1. 0. 0. 0. 0. 0. 0. 0. 1. 0. 0. 1. 0. 0. 0. 0. 1.],8.0,best,10000,100000,100,0.9,0.5,0.9,0.5,0.9,1,0.99,1,8,,problem_solving,10
6000,0.027834301044674166,0.131356,0.004848632871334732,0.74,0.6325269095141249,-0.30891136767874794,[0.01414977 0.01982405 0.         0.         0.01414977 0.         0.         0.         0.01650064 0.         0.         0.         0.         0.         0.01650064 0.         0.         0.         0.         0.         0.         0.         0.01414977 0.         0.         0.8905756  0.         0.         0.         0.         0.01414977],[1. 1. 0. 0. 1. 0. 0. 0. 1. 0. 0. 0. 0. 0. 1. 0. 0. 0. 0. 0. 0. 0. 1. 0. 0. 1. 0. 0. 0. 0. 1.],8.0,best,10000,100000,100,0.9,0.5,0.9,0.5,0.9,1,0.99,1,8,,problem_solving,10
6100,0.027834301044674166,0.131356,0.004848632871334732,0.744,0.6288199059971172,0.19868362689495858,[0.01414977 0.01982405 0.         0.         0.01414977 0.         0.         0.         0.01650064 0.         0.         0.         0.         0.         0.01650064 0.         0.         0.         0.         0.         0.         0.         0.01414977 0.         0.         0.8905756  0.         0.         0.         0.         0.01414977],[1. 1. 0. 0. 1. 0. 0. 0. 1. 0. 0. 0. 0. 0. 1. 0. 0. 0. 0. 0. 0. 0. 1. 0. 0. 1. 0. 0. 0. 0. 1.],8.0,best,10000,100000,100,0.9,0.5,0.9,0.5,0.9,1,0.99,1,8,,problem_solving,10
6200,0.027834301044674166,0.131356,0.004848632871334732,0.748,0.6251346278405147,-0.9519103044146221,[0.01414977 0.01982405 0.         0.         0.01414977 0.         0.         0.         0.01650064 0.         0.         0.         0.         0.         0.01650064 0.         0.         0.         0.         0.         0.         0.         0.01414977 0.         0.         0.8905756  0.         0.         0.         0.         0.01414977],[1. 1. 0. 0. 1. 0. 0. 0. 1. 0. 0. 0. 0. 0. 1. 0. 0. 0. 0. 0. 0. 0. 1. 0. 0. 1. 0. 0. 0. 0. 1.],8.0,best,10000,100000,100,0.9,0.5,0.9,0.5,0.9,1,0.99,1,8,,problem_solving,10
6300,0.027834301044674166,0.131356,0.004848632871334732,0.752,0.6214709477201097,-0.4626776221060901,[0.01414977 0.01982405 0.         0.         0.01414977 0.         0.         0.         0.01650064 0.         0.         0.         0.         0.         0.01650064 0.         0.         0.         0.         0.         0.         0.         0.01414977 0.         0.         0.8905756  0.         0.         0.         0.         0.01414977],[1. 1. 0. 0. 1. 0. 0. 0. 1. 0. 0. 0. 0. 0. 1. 0. 0. 0. 0. 0. 0. 0. 1. 0. 0. 1. 0. 0. 0. 0. 1.],8.0,best,10000,100000,100,0.9,0.5,0.9,0.5,0.9,1,0.99,1,8,,problem_solving,10
6400,0.027834301044674166,0.131356,0.004848632871334732,0.756,0.6178287390578946,-0.17350681340015783,[0.01414977 0.01982405 0.         0.         0.01414977 0.         0.         0.         0.01650064 0.         0.         0.         0.         0.         0.01650064 0.         0.         0.         0.         0.         0.         0.         0.01414977 0.         0.         0.8905756  0.         0.         0.         0.         0.01414977],[1. 1. 0. 0. 1. 0. 0. 0. 1. 0. 0. 0. 0. 0. 1. 0. 0. 0. 0. 0. 0. 0. 1. 0. 0. 1. 0. 0. 0. 0. 1.],8.0,best,10000,100000,100,0.9,0.5,0.9,0.5,0.9,1,0.99,1,8,,problem_solving,10
6500,0.027834301044674166,0.131356,0.004848632871334732,0.76,0.6142078760176876,0.3871908167298853,[0.01414977 0.01982405 0.         0.         0.01414977 0.         0.         0.         0.01650064 0.         0.         0.         0.         0.         0.01650064 0.         0.         0.         0.         0.         0.         0.         0.01414977 0.         0.         0.8905756  0.         0.         0.         0.         0.01414977],[1. 1. 0. 0. 1. 0. 0. 0. 1. 0. 0. 0. 0. 0. 1. 0. 0. 0. 0. 0. 0. 0. 1. 0. 0. 1. 0. 0. 0. 0. 1.],8.0,best,10000,100000,100,0.9,0.5,0.9,0.5,0.9,1,0.99,1,8,,problem_solving,10
6600,0.027834301044674166,0.131356,0.004848632871334732,0.764,0.6106082335007861,0.6660294473132546,[0.01414977 0.01982405 0.         0.         0.01414977 0.         0.         0.         0.01650064 0.         0.         0.         0.         0.         0.01650064 0.         0.         0.         0.         0.         0.         0.         0.01414977 0.         0.         0.8905756  0.         0.         0.         0.         0.01414977],[1. 1. 0. 0. 1. 0. 0. 0. 1. 0. 0. 0. 0. 0. 1. 0. 0. 0. 0. 0. 0. 0. 1. 0. 0. 1. 0. 0. 0. 0. 1.],8.0,best,10000,100000,100,0.9,0.5,0.9,0.5,0.9,1,0.99,1,8,,problem_solving,10
6700,0.027834301044674166,0.131356,0.004848632871334732,0.768,0.6070296871416437,-0.5274104341354781,[0.01414977 0.01982405 0.         0.         0.01414977 0.         0.         0.         0.01650064 0.         0.         0.         0.         0.         0.01650064 0.         0.         0.         0.         0.         0.         0.         0.01414977 0.         0.         0.8905756  0.         0.         0.         0.         0.01414977],[1. 1. 0. 0. 1. 0. 0. 0. 1. 0. 0. 0. 0. 0. 1. 0. 0. 0. 0. 0. 0. 0. 1. 0. 0. 1. 0. 0. 0. 0. 1.],8.0,best,10000,100000,100,0.9,0.5,0.9,0.5,0.9,1,0.99,1,8,,problem_solving,10
6800,0.027834301044674166,0.131356,0.004848632871334732,0.772,0.6034721133035746,-0.1685009071161501,[0.01414977 0.01982405 0.         0.         0.01414977 0.         0.         0.         0.01650064 0.         0.         0.         0.         0.         0.01650064 0.         0.         0.         0.         0.         0.         0.         0.01414977 0.         0.         0.8905756  0.         0.         0.         0.         0.01414977],[1. 1. 0. 0. 1. 0. 0. 0. 1. 0. 0. 0. 0. 0. 1. 0. 0. 0. 0. 0. 0. 0. 1. 0. 0. 1. 0. 0. 0. 0. 1.],8.0,best,10000,100000,100,0.9,0.5,0.9,0.5,0.9,1,0.99,1,8,,problem_solving,10
6900,0.027834301044674166,0.131356,0.004848632871334732,0.776,0.5999353890744809,0.8030905713694034,[0.01414977 0.01982405 0.         0.         0.01414977 0.         0.         0.         0.01650064 0.         0.         0.         0.         0.         0.01650064 0.         0.         0.         0.         0.         0.         0.         0.01414977 0.         0.         0.8905756  0.         0.         0.         0.         0.01414977],[1. 1. 0. 0. 1. 0. 0. 0. 1. 0. 0. 0. 0. 0. 1. 0. 0. 0. 0. 0. 0. 0. 1. 0. 0. 1. 0. 0. 0. 0. 1.],8.0,best,10000,100000,100,0.9,0.5,0.9,0.5,0.9,1,0.99,1,8,,problem_solving,10
7000,0.027834301044674166,0.131356,0.004848632871334732,0.78,0.5964193922626064,0.9116888248014103,[0.01414977 0.01982405 0.         0.         0.01414977 0.         0.         0.         0.01650064 0.         0.         0.         0.         0.         0.01650064 0.         0.         0.         0.         0.         0.         0.         0.01414977 0.         0.         0.8905756  0.         0.         0.         0.         0.01414977],[1. 1. 0. 0. 1. 0. 0. 0. 1. 0. 0. 0. 0. 0. 1. 0. 0. 0. 0. 0. 0. 0. 1. 0. 0. 1. 0. 0. 0. 0. 1.],8.0,best,10000,100000,100,0.9,0.5,0.9,0.5,0.9,1,0.99,1,8,,problem_solving,10
7100,0.027834301044674166,0.131356,0.004848632871334732,0.784,0.5929240013923155,-0.03760101392102359,[0.01414977 0.01982405 0.         0.         0.01414977 0.         0.         0.         0.01650064 0.         0.         0.         0.         0.         0.01650064 0.         0.         0.         0.         0.         0.         0.         0.01414977 0.         0.         0.8905756  0.         0.         0.         0.         0.01414977],[1. 1. 0. 0. 1. 0. 0. 0. 1. 0. 0. 0. 0. 0. 1. 0. 0. 0. 0. 0. 0. 0. 1. 0. 0. 1. 0. 0. 0. 0. 1.],8.0,best,10000,100000,100,0.9,0.5,0.9,0.5,0.9,1,0.99,1,8,,problem_solving,10
7200,0.027834301044674166,0.131356,0.004848632871334732,0.788,0.5894490956998952,-0.4307093838207011,[0.01414977 0.01982405 0.         0.         0.01414977 0.         0.         0.         0.01650064 0.         0.         0.         0.         0.         0.01650064 0.         0.         0.         0.         0.         0.         0.         0.01414977 0.         0.         0.8905756  0.         0.         0.         0.         0.01414977],[1. 1. 0. 0. 1. 0. 0. 0. 1. 0. 0. 0. 0. 0. 1. 0. 0. 0. 0. 0. 0. 0. 1. 0. 0. 1. 0. 0. 0. 0. 1.],8.0,best,10000,100000,100,0.9,0.5,0.9,0.5,0.9,1,0.99,1,8,,problem_solving,10
7300,0.027834301044674166,0.131356,0.004848632871334732,0.792,0.5859945551293843,-0.029375731616054775,[0.01414977 0.01982405 0.         0.         0.01414977 0.         0.         0.         0.01650064 0.         0.         0.         0.         0.         0.01650064 0.         0.         0.         0.         0.         0.         0.         0.01414977 0.         0.         0.8905756  0.         0.         0.         0.         0.01414977],[1. 1. 0. 0. 1. 0. 0. 0. 1. 0. 0. 0. 0. 0. 1. 0. 0. 0. 0. 0. 0. 0. 1. 0. 0. 1. 0. 0. 0. 0. 1.],8.0,best,10000,100000,100,0.9,0.5,0.9,0.5,0.9,1,0.99,1,8,,problem_solving,10
7400,0.027834301044674166,0.131356,0.004848632871334732,0.796,0.5825602603284237,-1.4266660066726635,[0.01414977 0.01982405 0.         0.         0.01414977 0.         0.         0.         0.01650064 0.         0.         0.         0.         0.         0.01650064 0.         0.         0.         0.         0.         0.         0.         0.01414977 0.         0.         0.8905756  0.         0.         0.         0.         0.01414977],[1. 1. 0. 0. 1. 0. 0. 0. 1. 0. 0. 0. 0. 0. 1. 0. 0. 0. 0. 0. 0. 0. 1. 0. 0. 1. 0. 0. 0. 0. 1.],8.0,best,10000,100000,100,0.9,0.5,0.9,0.5,0.9,1,0.99,1,8,,problem_solving,10
7500,0.027834301044674166,0.131356,0.004848632871334732,0.8,0.5791460926441345,0.16160374968300206,[0.01414977 0.01982405 0.         0.         0.01414977 0.         0.         0.         0.01650064 0.         0.         0.         0.         0.         0.01650064 0.         0.         0.         0.         0.         0.         0.         0.01414977 0.         0.         0.8905756  0.         0.         0.         0.         0.01414977],[1. 1. 0. 0. 1. 0. 0. 0. 1. 0. 0. 0. 0. 0. 1. 0. 0. 0. 0. 0. 0. 0. 1. 0. 0. 1. 0. 0. 0. 0. 1.],8.0,best,10000,100000,100,0.9,0.5,0.9,0.5,0.9,1,0.99,1,8,,problem_solving,10
7600,0.027834301044674166,0.131356,0.004848632871334732,0.804,0.5757519341190179,0.14402098375140518,[0.01414977 0.01982405 0.         0.         0.01414977 0.         0.         0.         0.01650064 0.         0.         0.         0.         0.         0.01650064 0.         0.         0.         0.         0.         0.         0.         0.01414977 0.         0.         0.8905756  0.         0.         0.         0.         0.01414977],[1. 1. 0. 0. 1. 0. 0. 0. 1. 0. 0. 0. 0. 0. 1. 0. 0. 0. 0. 0. 0. 0. 1. 0. 0. 1. 0. 0. 0. 0. 1.],8.0,best,10000,100000,100,0.9,0.5,0.9,0.5,0.9,1,0.99,1,8,,problem_solving,10
7700,0.027834301044674166,0.131356,0.004848632871334732,0.808,0.5723776674868795,0.3092414498530378,[0.01414977 0.01982405 0.         0.         0.01414977 0.         0.         0.         0.01650064 0.         0.         0.         0.         0.         0.01650064 0.         0.         0.         0.         0.         0.         0.         0.01414977 0.         0.         0.8905756  0.         0.         0.         0.         0.01414977],[1. 1. 0. 0. 1. 0. 0. 0. 1. 0. 0. 0. 0. 0. 1. 0. 0. 0. 0. 0. 0. 0. 1. 0. 0. 1. 0. 0. 0. 0. 1.],8.0,best,10000,100000,100,0.9,0.5,0.9,0.5,0.9,1,0.99,1,8,,problem_solving,10
7800,0.027834301044674166,0.131356,0.004848632871334732,0.812,0.5690231761687783,-0.719520597670403,[0.01414977 0.01982405 0.         0.         0.01414977 0.         0.         0.         0.01650064 0.         0.         0.         0.         0.         0.01650064 0.         0.         0.         0.         0.         0.         0.         0.01414977 0.         0.         0.8905756  0.         0.         0.         0.         0.01414977],[1. 1. 0. 0. 1. 0. 0. 0. 1. 0. 0. 0. 0. 0. 1. 0. 0. 0. 0. 0. 0. 0. 1. 0. 0. 1. 0. 0. 0. 0. 1.],8.0,best,10000,100000,100,0.9,0.5,0.9,0.5,0.9,1,0.99,1,8,,problem_solving,10
7900,0.027834301044674166,0.131356,0.004848632871334732,0.8160000000000001,0.5656883442689989,-0.6333204570482357,[0.01414977 0.01982405 0.         0.         0.01414977 0.         0.         0.         0.01650064 0.         0.         0.         0.         0.         0.01650064 0.         0.         0.         0.         0.         0.         0.         0.01414977 0.         0.         0.8905756  0.         0.         0.         0.         0.01414977],[1. 1. 0. 0. 1. 0. 0. 0. 1. 0. 0. 0. 0. 0. 1. 0. 0. 0. 0. 0. 0. 0. 1. 0. 0. 1. 0. 0. 0. 0. 1.],8.0,best,10000,100000,100,0.9,0.5,0.9,0.5,0.9,1,0.99,1,8,,problem_solving,10
8000,0.027834301044674166,0.131356,0.004848632871334732,0.8200000000000001,0.5623730565710474,0.6762892014825758,[0.01414977 0.01982405 0.         0.         0.01414977 0.         0.         0.         0.01650064 0.         0.         0.         0.         0.         0.01650064 0.         0.         0.         0.         0.         0.         0.         0.01414977 0.         0.         0.8905756  0.         0.         0.         0.         0.01414977],[1. 1. 0. 0. 1. 0. 0. 0. 1. 0. 0. 0. 0. 0. 1. 0. 0. 0. 0. 0. 0. 0. 1. 0. 0. 1. 0. 0. 0. 0. 1.],8.0,best,10000,100000,100,0.9,0.5,0.9,0.5,0.9,1,0.99,1,8,,problem_solving,10
8100,0.027834301044674166,0.131356,0.004848632871334732,0.8240000000000001,0.5590771985336705,1.2588475782991142,[0.01414977 0.01982405 0.         0.         0.01414977 0.         0.         0.         0.01650064 0.         0.         0.         0.         0.         0.01650064 0.         0.         0.         0.         0.         0.         0.         0.01414977 0.         0.         0.8905756  0.         0.         0.         0.         0.01414977],[1. 1. 0. 0. 1. 0. 0. 0. 1. 0. 0. 0. 0. 0. 1. 0. 0. 0. 0. 0. 0. 0. 1. 0. 0. 1. 0. 0. 0. 0. 1.],8.0,best,10000,100000,100,0.9,0.5,0.9,0.5,0.9,1,0.99,1,8,,problem_solving,10
8200,0.027834301044674166,0.131356,0.004848632871334732,0.8280000000000001,0.5558006562868987,-0.3079724606633951,[0.01414977 0.01982405 0.         0.         0.01414977 0.         0.         0.         0.01650064 0.         0.         0.         0.         0.         0.01650064 0.         0.         0.         0.         0.         0.         0.         0.01414977 0.         0.         0.8905756  0.         0.         0.         0.         0.01414977],[1. 1. 0. 0. 1. 0. 0. 0. 1. 0. 0. 0. 0. 0. 1. 0. 0. 0. 0. 0. 0. 0. 1. 0. 0. 1. 0. 0. 0. 0. 1.],8.0,best,10000,100000,100,0.9,0.5,0.9,0.5,0.9,1,0.99,1,8,,problem_solving,10
8300,0.027834301044674166,0.131356,0.004848632871334732,0.8320000000000001,0.5525433166281111,-0.026305556392340564,[0.01414977 0.01982405 0.         0.         0.01414977 0.         0.         0.         0.01650064 0.         0.         0.         0.         0.         0.01650064 0.         0.         0.         0.         0.         0.         0.         0.01414977 0.         0.         0.8905756  0.         0.         0.         0.         0.01414977],[1. 1. 0. 0. 1. 0. 0. 0. 1. 0. 0. 0. 0. 0. 1. 0. 0. 0. 0. 0. 0. 0. 1. 0. 0. 1. 0. 0. 0. 0. 1.],8.0,best,10000,100000,100,0.9,0.5,0.9,0.5,0.9,1,0.99,1,8,,problem_solving,10
8400,0.027834301044674166,0.131356,0.004848632871334732,0.8360000000000001,0.5493050670181255,0.11123660305039536,[0.01414977 0.01982405 0.         0.         0.01414977 0.         0.         0.         0.01650064 0.         0.         0.         0.         0.         0.01650064 0.         0.         0.         0.         0.         0.         0.         0.01414977 0.         0.         0.8905756  0.         0.         0.         0.         0.01414977],[1. 1. 0. 0. 1. 0. 0. 0. 1. 0. 0. 0. 0. 0. 1. 0. 0. 0. 0. 0. 0. 0. 1. 0. 0. 1. 0. 0. 0. 0. 1.],8.0,best,10000,100000,100,0.9,0.5,0.9,0.5,0.9,1,0.99,1,8,,problem_solving,10
8500,0.027834301044674166,0.131356,0.004848632871334732,0.8400000000000001,0.5460857955773097,-0.48172495524971864,[0.01414977 0.01982405 0.         0.         0.01414977 0.         0.         0.         0.01650064 0.         0.         0.         0.         0.         0.01650064 0.         0.         0.         0.         0.         0.         0.         0.01414977 0.         0.         0.8905756  0.         0.         0.         0.         0.01414977],[1. 1. 0. 0. 1. 0. 0. 0. 1. 0. 0. 0. 0. 0. 1. 0. 0. 0. 0. 0. 0. 0. 1. 0. 0. 1. 0. 0. 0. 0. 1.],8.0,best,10000,100000,100,0.9,0.5,0.9,0.5,0.9,1,0.99,1,8,,problem_solving,10
8600,0.027834301044674166,0.131356,0.004848632871334732,0.8440000000000001,0.542885391081716,-0.45972438137178756,[0.01414977 0.01982405 0.         0.         0.01414977 0.         0.         0.         0.01650064 0.         0.         0.         0.         0.         0.01650064 0.         0.         0.         0.         0.         0.         0.         0.01414977 0.         0.         0.8905756  0.         0.         0.         0.         0.01414977],[1. 1. 0. 0. 1. 0. 0. 0. 1. 0. 0. 0. 0. 0. 1. 0. 0. 0. 0. 0. 0. 0. 1. 0. 0. 1. 0. 0. 0. 0. 1.],8.0,best,10000,100000,100,0.9,0.5,0.9,0.5,0.9,1,0.99,1,8,,problem_solving,10
8700,0.027834301044674166,0.131356,0.004848632871334732,0.8480000000000001,0.5397037429592386,0.7526162966784201,[0.01414977 0.01982405 0.         0.         0.01414977 0.         0.         0.         0.01650064 0.         0.         0.         0.         0.         0.01650064 0.         0.         0.         0.         0.         0.         0.         0.01414977 0.         0.         0.8905756  0.         0.         0.         0.         0.01414977],[1. 1. 0. 0. 1. 0. 0. 0. 1. 0. 0. 0. 0. 0. 1. 0. 0. 0. 0. 0. 0. 0. 1. 0. 0. 1. 0. 0. 0. 0. 1.],8.0,best,10000,100000,100,0.9,0.5,0.9,0.5,0.9,1,0.99,1,8,,problem_solving,10
8800,0.027834301044674166,0.131356,0.004848632871334732,0.8520000000000001,0.5365407412857937,0.3242938125021478,[0.01414977 0.01982405 0.         0.         0.01414977 0.         0.         0.         0.01650064 0.         0.         0.         0.         0.         0.01650064 0.         0.         0.         0.         0.         0.         0.         0.01414977 0.         0.         0.8905756  0.         0.         0.         0.         0.01414977],[1. 1. 0. 0. 1. 0. 0. 0. 1. 0. 0. 0. 0. 0. 1. 0. 0. 0. 0. 0. 0. 0. 1. 0. 0. 1. 0. 0. 0. 0. 1.],8.0,best,10000,100000,100,0.9,0.5,0.9,0.5,0.9,1,0.99,1,8,,problem_solving,10
8900,0.027834301044674166,0.131356,0.004848632871334732,0.8560000000000001,0.5333962767815211,-0.3565558196860775,[0.01414977 0.01982405 0.         0.         0.01414977 0.         0.         0.         0.01650064 0.         0.         0.         0.         0.         0.01650064 0.         0.         0.         0.         0.         0.         0.         0.01414977 0.         0.         0.8905756  0.         0.         0.         0.         0.01414977],[1. 1. 0. 0. 1. 0. 0. 0. 1. 0. 0. 0. 0. 0. 1. 0. 0. 0. 0. 0. 0. 0. 1. 0. 0. 1. 0. 0. 0. 0. 1.],8.0,best,10000,100000,100,0.9,0.5,0.9,0.5,0.9,1,0.99,1,8,,problem_solving,10
9000,0.027834301044674166,0.131356,0.004848632871334732,0.8600000000000001,0.5302702408070095,0.030516544546380826,[0.01414977 0.01982405 0.         0.         0.01414977 0.         0.         0.         0.01650064 0.         0.         0.         0.         0.         0.01650064 0.         0.         0.         0.         0.         0.         0.         0.01414977 0.         0.         0.8905756  0.         0.         0.         0.         0.01414977],[1. 1. 0. 0. 1. 0. 0. 0. 1. 0. 0. 0. 0. 0. 1. 0. 0. 0. 0. 0. 0. 0. 1. 0. 0. 1. 0. 0. 0. 0. 1.],8.0,best,10000,100000,100,0.9,0.5,0.9,0.5,0.9,1,0.99,1,8,,problem_solving,10
9100,0.027834301044674166,0.131356,0.004848632871334732,0.8640000000000001,0.5271625253595416,-0.4720833180464839,[0.01414977 0.01982405 0.         0.         0.01414977 0.         0.         0.         0.01650064 0.         0.         0.         0.         0.         0.01650064 0.         0.         0.         0.         0.         0.         0.         0.01414977 0.         0.         0.8905756  0.         0.         0.         0.         0.01414977],[1. 1. 0. 0. 1. 0. 0. 0. 1. 0. 0. 0. 0. 0. 1. 0. 0. 0. 0. 0. 0. 0. 1. 0. 0. 1. 0. 0. 0. 0. 1.],8.0,best,10000,100000,100,0.9,0.5,0.9,0.5,0.9,1,0.99,1,8,,problem_solving,10
9200,0.027834301044674166,0.131356,0.004848632871334732,0.8680000000000001,0.5240730230693647,-0.4871934631906169,[0.01414977 0.01982405 0.         0.         0.01414977 0.         0.         0.         0.01650064 0.         0.         0.         0.         0.         0.01650064 0.         0.         0.         0.         0.         0.         0.         0.01414977 0.         0.         0.8905756  0.         0.         0.         0.         0.01414977],[1. 1. 0. 0. 1. 0. 0. 0. 1. 0. 0. 0. 0. 0. 1. 0. 0. 0. 0. 0. 0. 0. 1. 0. 0. 1. 0. 0. 0. 0. 1.],8.0,best,10000,100000,100,0.9,0.5,0.9,0.5,0.9,1,0.99,1,8,,problem_solving,10
9300,0.027834301044674166,0.131356,0.004848632871334732,0.8720000000000001,0.5210016271959791,0.3491285291689716,[0.01414977 0.01982405 0.         0.         0.01414977 0.         0.         0.         0.01650064 0.         0.         0.         0.         0.         0.01650064 0.         0.         0.         0.         0.         0.         0.         0.01414977 0.         0.         0.8905756  0.         0.         0.         0.         0.01414977],[1. 1. 0. 0. 1. 0. 0. 0. 1. 0. 0. 0. 0. 0. 1. 0. 0. 0. 0. 0. 0. 0. 1. 0. 0. 1. 0. 0. 0. 0. 1.],8.0,best,10000,100000,100,0.9,0.5,0.9,0.5,0.9,1,0.99,1,8,,problem_solving,10
9400,0.027834301044674166,0.131356,0.004848632871334732,0.8760000000000001,0.5179482316244518,0.41136141229238243,[0.01414977 0.01982405 0.         0.         0.01414977 0.         0.         0.         0.01650064 0.         0.         0.         0.         0.         0.01650064 0.         0.         0.         0.         0.         0.         0.         0.01414977 0.         0.         0.8905756  0.         0.         0.         0.         0.01414977],[1. 1. 0. 0. 1. 0. 0. 0. 1. 0. 0. 0. 0. 0. 1. 0. 0. 0. 0. 0. 0. 0. 1. 0. 0. 1. 0. 0. 0. 0. 1.],8.0,best,10000,100000,100,0.9,0.5,0.9,0.5,0.9,1,0.99,1,8,,problem_solving,10
9500,0.027834301044674166,0.131356,0.004848632871334732,0.88,0.5149127308617497,-0.767955949844548,[0.01414977 0.01982405 0.         0.         0.01414977 0.         0.         0.         0.01650064 0.         0.         0.         0.         0.         0.01650064 0.         0.         0.         0.         0.         0.         0.         0.01414977 0.         0.         0.8905756  0.         0.         0.         0.         0.01414977],[1. 1. 0. 0. 1. 0. 0. 0. 1. 0. 0. 0. 0. 0. 1. 0. 0. 0. 0. 0. 0. 0. 1. 0. 0. 1. 0. 0. 0. 0. 1.],8.0,best,10000,100000,100,0.9,0.5,0.9,0.5,0.9,1,0.99,1,8,,problem_solving,10
9600,0.027834301044674166,0.131356,0.004848632871334732,0.884,0.5118950200330946,0.32437584175998097,[0.01414977 0.01982405 0.         0.         0.01414977 0.         0.         0.         0.01650064 0.         0.         0.         0.         0.         0.01650064 0.         0.         0.         0.         0.         0.         0.         0.01414977 0.         0.         0.8905756  0.         0.         0.         0.         0.01414977],[1. 1. 0. 0. 1. 0. 0. 0. 1. 0. 0. 0. 0. 0. 1. 0. 0. 0. 0. 0. 0. 0. 1. 0. 0. 1. 0. 0. 0. 0. 1.],8.0,best,10000,100000,100,0.9,0.5,0.9,0.5,0.9,1,0.99,1,8,,problem_solving,10
9700,0.027834301044674166,0.131356,0.004848632871334732,0.888,0.5088949948783402,0.21803089215985724,[0.01414977 0.01982405 0.         0.         0.01414977 0.         0.         0.         0.01650064 0.         0.         0.         0.         0.         0.01650064 0.         0.         0.         0.         0.         0.         0.         0.01414977 0.         0.         0.8905756  0.         0.         0.         0.         0.01414977],[1. 1. 0. 0. 1. 0. 0. 0. 1. 0. 0. 0. 0. 0. 1. 0. 0. 0. 0. 0. 0. 0. 1. 0. 0. 1. 0. 0. 0. 0. 1.],8.0,best,10000,100000,100,0.9,0.5,0.9,0.5,0.9,1,0.99,1,8,,problem_solving,10
9800,0.027834301044674166,0.131356,0.004848632871334732,0.892,0.5059125517483702,-0.14869011600242585,[0.01414977 0.01982405 0.         0.         0.01414977 0.         0.         0.         0.01650064 0.         0.         0.         0.         0.         0.01650064 0.         0.         0.         0.         0.         0.         0.         0.01414977 0.         0.         0.8905756  0.         0.         0.         0.         0.01414977],[1. 1. 0. 0. 1. 0. 0. 0. 1. 0. 0. 0. 0. 0. 1. 0. 0. 0. 0. 0. 0. 0. 1. 0. 0. 1. 0. 0. 0. 0. 1.],8.0,best,10000,100000,100,0.9,0.5,0.9,0.5,0.9,1,0.99,1,8,,problem_solving,10
9900,0.027834301044674166,0.131356,0.004848632871334732,0.896,0.5029475876015165,-0.40711755110029385,[0.01414977 0.01982405 0.         0.         0.01414977 0.         0.         0.         0.01650064 0.         0.         0.         0.         0.         0.01650064 0.         0.         0.         0.         0.         0.         0.         0.01414977 0.         0.         0.8905756  0.         0.         0.         0.         0.01414977],[1. 1. 0. 0. 1. 0. 0. 0. 1. 0. 0. 0. 0. 0. 1. 0. 0. 0. 0. 0. 0. 0. 1. 0. 0. 1. 0. 0. 0. 0. 1.],8.0,best,10000,100000,100,0.9,0.5,0.9,0.5,0.9,1,0.99,1,8,,problem_solving,10
9999,0.027834301044674166,0.131356,0.004848632871334732,0.8999600000000001,0.500029390196995,-0.17044659627708872,[0.01414977 0.01982405 0.         0.         0.01414977 0.         0.         0.         0.01650064 0.         0.         0.         0.         0.         0.01650064 0.         0.         0.         0.         0.         0.         0.         0.01414977 0.         0.         0.8905756  0.         0.         0.         0.         0.01414977],[1. 1. 0. 0. 1. 0. 0. 0. 1. 0. 0. 0. 0. 0. 1. 0. 0. 0. 0. 0. 0. 0. 1. 0. 0. 1. 0. 0. 0. 0. 1.],8.0,best,10000,100000,100,0.9,0.5,0.9,0.5,0.9,1,0.99,1,8,,problem_solving,10
