iter,cost,risk,return,par,bw,move,X,Z,Q,pop_init,max_iter,pop_size,mem_size,mem_consider,par_min,par_max,bw_min,bw_max,sigma,lambda,port_n,k,seed,tag
1,0.06536983578120119,0.086511,0.005407105299125303,0.1004,0.69863918733465,0.02803277503626005,[0.         0.         0.         0.         0.08940879 0.         0.         0.         0.         0.         0.         0.         0.         0.         0.0200575  0.         0.         0.         0.         0.         0.         0.         0.         0.0200575  0.         0.         0.         0.87047621 0.         0.         0.        ],[0. 0. 0. 0. 1. 0. 0. 0. 0. 0. 0. 0. 0. 0. 1. 0. 0. 0. 0. 0. 0. 0. 0. 1. 0. 0. 0. 1. 0. 0. 0.],4.0,best,1000,100,10,0.9,0.1,0.5,0.1,0.7,0.03,0.77,1,4,,problem_solving
10,0.043008187306916336,0.124137,0.006571539650886662,0.10400000000000001,0.6865103033060405,-0.012537957566830078,[0.         0.         0.         0.03932568 0.09425294 0.         0.         0.         0.         0.         0.         0.         0.         0.         0.         0.         0.         0.02005256 0.         0.         0.         0.         0.         0.         0.         0.         0.         0.84636881 0.         0.         0.        ],[0. 0. 0. 1. 1. 0. 0. 0. 0. 0. 0. 0. 0. 0. 0. 0. 0. 1. 0. 0. 0. 0. 0. 0. 0. 0. 0. 1. 0. 0. 0.],4.0,best,1000,100,10,0.9,0.1,0.5,0.1,0.7,0.03,0.77,1,4,,problem_solving
20,0.03518046854112756,0.120628,0.004129695124044407,0.10800000000000001,0.6732805664933595,-0.0306684576192933,[0.         0.         0.         0.         0.08962735 0.         0.         0.         0.         0.         0.         0.         0.         0.         0.         0.         0.         0.04139197 0.03353333 0.         0.         0.         0.         0.         0.         0.         0.         0.83544735 0.         0.         0.        ],[0. 0. 0. 0. 1. 0. 0. 0. 0. 0. 0. 0. 0. 0. 0. 0. 0. 1. 1. 0. 0. 0. 0. 0. 0. 0. 0. 1. 0. 0. 0.],4.0,best,1000,100,10,0.9,0.1,0.5,0.1,0.7,0.03,0.77,1,4,,problem_solving
30,0.03518046854112756,0.120628,0.004129695124044407,0.112,0.6603057798763129,-0.010491195996824286,[0.         0.         0.         0.         0.08962735 0.         0.         0.         0.         0.         0.         0.         0.         0.         0.         0.         0.         0.04139197 0.03353333 0.         0.         0.         0.         0.         0.         0.         0.         0.83544735 0.         0.         0.        ],[0. 0. 0. 0. 1. 0. 0. 0. 0. 0. 0. 0. 0. 0. 0. 0. 0. 1. 1. 0. 0. 0. 0. 0. 0. 0. 0. 1. 0. 0. 0.],4.0,best,1000,100,10,0.9,0.1,0.5,0.1,0.7,0.03,0.77,1,4,,problem_solving
40,0.03486388597898369,0.086511,0.005407105299125303,0.116,0.6475810303108847,-0.010689190644354987,[0.         0.         0.         0.         0.08940879 0.         0.         0.         0.         0.         0.         0.         0.         0.         0.0200575  0.         0.         0.         0.         0.         0.         0.         0.         0.0200575  0.         0.         0.         0.87047621 0.         0.         0.        ],[0. 0. 0. 0. 1. 0. 0. 0. 0. 0. 0. 0. 0. 0. 1. 0. 0. 0. 0. 0. 0. 0. 0. 1. 0. 0. 0. 1. 0. 0. 0.],4.0,best,1000,100,10,0.9,0.1,0.5,0.1,0.7,0.03,0.77,1,4,,problem_solving
50,0.03486388597898369,0.086511,0.005407105299125303,0.12000000000000001,0.6351014993342337,0.014127612046303679,[0.         0.         0.         0.         0.08940879 0.         0.         0.         0.         0.         0.         0.         0.         0.         0.0200575  0.         0.         0.         0.         0.         0.         0.         0.         0.0200575  0.         0.         0.         0.87047621 0.         0.         0.        ],[0. 0. 0. 0. 1. 0. 0. 0. 0. 0. 0. 0. 0. 0. 1. 0. 0. 0. 0. 0. 0. 0. 0. 1. 0. 0. 0. 1. 0. 0. 0.],4.0,best,1000,100,10,0.9,0.1,0.5,0.1,0.7,0.03,0.77,1,4,,problem_solving
60,0.03486388597898369,0.086511,0.005407105299125303,0.124,0.622862461340094,-0.012505944596264378,[0.         0.         0.         0.         0.08940879 0.         0.         0.         0.         0.         0.         0.         0.         0.         0.0200575  0.         0.         0.         0.         0.         0.         0.         0.         0.0200575  0.         0.         0.         0.87047621 0.         0.         0.        ],[0. 0. 0. 0. 1. 0. 0. 0. 0. 0. 0. 0. 0. 0. 1. 0. 0. 0. 0. 0. 0. 0. 0. 1. 0. 0. 0. 1. 0. 0. 0.],4.0,best,1000,100,10,0.9,0.1,0.5,0.1,0.7,0.03,0.77,1,4,,problem_solving
70,0.03486388597898369,0.086511,0.005407105299125303,0.128,0.6108592817893356,0.0005097978450218691,[0.         0.         0.         0.         0.08940879 0.         0.         0.         0.         0.         0.         0.         0.         0.         0.0200575  0.         0.         0.         0.         0.         0.         0.         0.         0.0200575  0.         0.         0.         0.87047621 0.         0.         0.        ],[0. 0. 0. 0. 1. 0. 0. 0. 0. 0. 0. 0. 0. 0. 1. 0. 0. 0. 0. 0. 0. 0. 0. 1. 0. 0. 0. 1. 0. 0. 0.],4.0,best,1000,100,10,0.9,0.1,0.5,0.1,0.7,0.03,0.77,1,4,,problem_solving
80,0.03486388597898369,0.086511,0.005407105299125303,0.132,0.5990874154550098,0.00922372556010363,[0.         0.         0.         0.         0.08940879 0.         0.         0.         0.         0.         0.         0.         0.         0.         0.0200575  0.         0.         0.         0.         0.         0.         0.         0.         0.0200575  0.         0.         0.         0.87047621 0.         0.         0.        ],[0. 0. 0. 0. 1. 0. 0. 0. 0. 0. 0. 0. 0. 0. 1. 0. 0. 0. 0. 0. 0. 0. 0. 1. 0. 0. 0. 1. 0. 0. 0.],4.0,best,1000,100,10,0.9,0.1,0.5,0.1,0.7,0.03,0.77,1,4,,problem_solving
90,0.03406119619287094,0.124137,0.006571539650886662,0.136,0.5875424047012152,-0.00419443214267341,[0.         0.         0.         0.03932568 0.09425294 0.         0.         0.         0.         0.         0.         0.         0.         0.         0.         0.         0.         0.02005256 0.         0.         0.         0.         0.         0.         0.         0.         0.         0.84636881 0.         0.         0.        ],[0. 0. 0. 1. 1. 0. 0. 0. 0. 0. 0. 0. 0. 0. 0. 0. 0. 1. 0. 0. 0. 0. 0. 0. 0. 0. 0. 1. 0. 0. 0.],4.0,best,1000,100,10,0.9,0.1,0.5,0.1,0.7,0.03,0.77,1,4,,problem_solving
100,0.03406119619287094,0.124137,0.006571539650886662,0.14,0.576219877795131,-0.006567762743748696,[0.         0.         0.         0.03932568 0.09425294 0.         0.         0.         0.         0.         0.         0.         0.         0.         0.         0.         0.         0.02005256 0.         0.         0.         0.         0.         0.         0.         0.         0.         0.84636881 0.         0.         0.        ],[0. 0. 0. 1. 1. 0. 0. 0. 0. 0. 0. 0. 0. 0. 0. 0. 0. 1. 0. 0. 0. 0. 0. 0. 0. 0. 0. 1. 0. 0. 0.],4.0,best,1000,100,10,0.9,0.1,0.5,0.1,0.7,0.03,0.77,1,4,,problem_solving
110,0.03406119619287094,0.124137,0.006571539650886662,0.14400000000000002,0.5651155472515784,-0.020846636516666843,[0.         0.         0.         0.03932568 0.09425294 0.         0.         0.         0.         0.         0.         0.         0.         0.         0.         0.         0.         0.02005256 0.         0.         0.         0.         0.         0.         0.         0.         0.         0.84636881 0.         0.         0.        ],[0. 0. 0. 1. 1. 0. 0. 0. 0. 0. 0. 0. 0. 0. 0. 0. 0. 1. 0. 0. 0. 0. 0. 0. 0. 0. 0. 1. 0. 0. 0.],4.0,best,1000,100,10,0.9,0.1,0.5,0.1,0.7,0.03,0.77,1,4,,problem_solving
120,0.03406119619287094,0.124137,0.006571539650886662,0.14800000000000002,0.554225208209486,-0.011212328754834728,[0.         0.         0.         0.03932568 0.09425294 0.         0.         0.         0.         0.         0.         0.         0.         0.         0.         0.         0.         0.02005256 0.         0.         0.         0.         0.         0.         0.         0.         0.         0.84636881 0.         0.         0.        ],[0. 0. 0. 1. 1. 0. 0. 0. 0. 0. 0. 0. 0. 0. 0. 0. 0. 1. 0. 0. 0. 0. 0. 0. 0. 0. 0. 1. 0. 0. 0.],4.0,best,1000,100,10,0.9,0.1,0.5,0.1,0.7,0.03,0.77,1,4,,problem_solving
130,0.03406119619287094,0.124137,0.006571539650886662,0.15200000000000002,0.5435447368396396,0.020420078813332652,[0.         0.         0.         0.03932568 0.09425294 0.         0.         0.         0.         0.         0.         0.         0.         0.         0.         0.         0.         0.02005256 0.         0.         0.         0.         0.         0.         0.         0.         0.         0.84636881 0.         0.         0.        ],[0. 0. 0. 1. 1. 0. 0. 0. 0. 0. 0. 0. 0. 0. 0. 0. 0. 1. 0. 0. 0. 0. 0. 0. 0. 0. 0. 1. 0. 0. 0.],4.0,best,1000,100,10,0.9,0.1,0.5,0.1,0.7,0.03,0.77,1,4,,problem_solving
140,0.03406119619287094,0.124137,0.006571539650886662,0.156,0.5330700887831185,0.017215242209659837,[0.         0.         0.         0.03932568 0.09425294 0.         0.         0.         0.         0.         0.         0.         0.         0.         0.         0.         0.         0.02005256 0.         0.         0.         0.         0.         0.         0.         0.         0.         0.84636881 0.         0.         0.        ],[0. 0. 0. 1. 1. 0. 0. 0. 0. 0. 0. 0. 0. 0. 0. 0. 0. 1. 0. 0. 0. 0. 0. 0. 0. 0. 0. 1. 0. 0. 0.],4.0,best,1000,100,10,0.9,0.1,0.5,0.1,0.7,0.03,0.77,1,4,,problem_solving
150,0.03406119619287094,0.124137,0.006571539650886662,0.16,0.5227972976198237,-0.0029986113239653736,[0.         0.         0.         0.03932568 0.09425294 0.         0.         0.         0.         0.         0.         0.         0.         0.         0.         0.         0.         0.02005256 0.         0.         0.         0.         0.         0.         0.         0.         0.         0.84636881 0.         0.         0.        ],[0. 0. 0. 1. 1. 0. 0. 0. 0. 0. 0. 0. 0. 0. 0. 0. 0. 1. 0. 0. 0. 0. 0. 0. 0. 0. 0. 1. 0. 0. 0.],4.0,best,1000,100,10,0.9,0.1,0.5,0.1,0.7,0.03,0.77,1,4,,problem_solving
160,0.03313835414614391,0.100823,0.005407344976952638,0.164,0.5127224733665192,0.036618752237394296,[0.         0.         0.02600651 0.         0.07995921 0.         0.         0.         0.         0.         0.         0.         0.         0.         0.         0.         0.         0.03714402 0.         0.         0.         0.         0.         0.         0.         0.         0.         0.85689026 0.         0.         0.        ],[0. 0. 1. 0. 1. 0. 0. 0. 0. 0. 0. 0. 0. 0. 0. 0. 0. 1. 0. 0. 0. 0. 0. 0. 0. 0. 0. 1. 0. 0. 0.],4.0,best,1000,100,10,0.9,0.1,0.5,0.1,0.7,0.03,0.77,1,4,,problem_solving
170,0.03313835414614391,0.100823,0.005407344976952638,0.168,0.5028418010038177,0.010555591923404016,[0.         0.         0.02600651 0.         0.07995921 0.         0.         0.         0.         0.         0.         0.         0.         0.         0.         0.         0.         0.03714402 0.         0.         0.         0.         0.         0.         0.         0.         0.         0.85689026 0.         0.         0.        ],[0. 0. 1. 0. 1. 0. 0. 0. 0. 0. 0. 0. 0. 0. 0. 0. 0. 1. 0. 0. 0. 0. 0. 0. 0. 0. 0. 1. 0. 0. 0.],4.0,best,1000,100,10,0.9,0.1,0.5,0.1,0.7,0.03,0.77,1,4,,problem_solving
180,0.03184059999532134,0.092324,0.005561327664416035,0.17200000000000001,0.4931515390315523,-0.003975129407258195,[0.         0.         0.02918104 0.         0.05523813 0.         0.         0.         0.         0.         0.         0.         0.         0.         0.         0.         0.         0.         0.06482065 0.         0.         0.         0.         0.         0.         0.         0.         0.85076018 0.         0.         0.        ],[0. 0. 1. 0. 1. 0. 0. 0. 0. 0. 0. 0. 0. 0. 0. 0. 0. 0. 1. 0. 0. 0. 0. 0. 0. 0. 0. 1. 0. 0. 0.],4.0,best,1000,100,10,0.9,0.1,0.5,0.1,0.7,0.03,0.77,1,4,,problem_solving
190,0.03184059999532134,0.092324,0.005561327664416035,0.176,0.48364801805198804,0.027334639782908704,[0.         0.         0.02918104 0.         0.05523813 0.         0.         0.         0.         0.         0.         0.         0.         0.         0.         0.         0.         0.         0.06482065 0.         0.         0.         0.         0.         0.         0.         0.         0.85076018 0.         0.         0.        ],[0. 0. 1. 0. 1. 0. 0. 0. 0. 0. 0. 0. 0. 0. 0. 0. 0. 0. 1. 0. 0. 0. 0. 0. 0. 0. 0. 1. 0. 0. 0.],4.0,best,1000,100,10,0.9,0.1,0.5,0.1,0.7,0.03,0.77,1,4,,problem_solving
200,0.03184059999532134,0.092324,0.005561327664416035,0.18,0.4743276393803366,-0.0028325536563088127,[0.         0.         0.02918104 0.         0.05523813 0.         0.         0.         0.         0.         0.         0.         0.         0.         0.         0.         0.         0.         0.06482065 0.         0.         0.         0.         0.         0.         0.         0.         0.85076018 0.         0.         0.        ],[0. 0. 1. 0. 1. 0. 0. 0. 0. 0. 0. 0. 0. 0. 0. 0. 0. 0. 1. 0. 0. 0. 0. 0. 0. 0. 0. 1. 0. 0. 0.],4.0,best,1000,100,10,0.9,0.1,0.5,0.1,0.7,0.03,0.77,1,4,,problem_solving
210,0.03184059999532134,0.092324,0.005561327664416035,0.184,0.4651868736820473,-0.0009110696703098315,[0.         0.         0.02918104 0.         0.05523813 0.         0.         0.         0.         0.         0.         0.         0.         0.         0.         0.         0.         0.         0.06482065 0.         0.         0.         0.         0.         0.         0.         0.         0.85076018 0.         0.         0.        ],[0. 0. 1. 0. 1. 0. 0. 0. 0. 0. 0. 0. 0. 0. 0. 0. 0. 0. 1. 0. 0. 0. 0. 0. 0. 0. 0. 1. 0. 0. 0.],4.0,best,1000,100,10,0.9,0.1,0.5,0.1,0.7,0.03,0.77,1,4,,problem_solving
220,0.03184059999532134,0.092324,0.005561327664416035,0.188,0.4562222596363586,0.02571755079586793,[0.         0.         0.02918104 0.         0.05523813 0.         0.         0.         0.         0.         0.         0.         0.         0.         0.         0.         0.         0.         0.06482065 0.         0.         0.         0.         0.         0.         0.         0.         0.85076018 0.         0.         0.        ],[0. 0. 1. 0. 1. 0. 0. 0. 0. 0. 0. 0. 0. 0. 0. 0. 0. 0. 1. 0. 0. 0. 0. 0. 0. 0. 0. 1. 0. 0. 0.],4.0,best,1000,100,10,0.9,0.1,0.5,0.1,0.7,0.03,0.77,1,4,,problem_solving
230,0.03184059999532134,0.092324,0.005561327664416035,0.192,0.44743040262560535,0.016014293546180912,[0.         0.         0.02918104 0.         0.05523813 0.         0.         0.         0.         0.         0.         0.         0.         0.         0.         0.         0.         0.         0.06482065 0.         0.         0.         0.         0.         0.         0.         0.         0.85076018 0.         0.         0.        ],[0. 0. 1. 0. 1. 0. 0. 0. 0. 0. 0. 0. 0. 0. 0. 0. 0. 0. 1. 0. 0. 0. 0. 0. 0. 0. 0. 1. 0. 0. 0.],4.0,best,1000,100,10,0.9,0.1,0.5,0.1,0.7,0.03,0.77,1,4,,problem_solving
240,0.03184059999532134,0.092324,0.005561327664416035,0.196,0.438807973449783,-0.012045217863586958,[0.         0.         0.02918104 0.         0.05523813 0.         0.         0.         0.         0.         0.         0.         0.         0.         0.         0.         0.         0.         0.06482065 0.         0.         0.         0.         0.         0.         0.         0.         0.85076018 0.         0.         0.        ],[0. 0. 1. 0. 1. 0. 0. 0. 0. 0. 0. 0. 0. 0. 0. 0. 0. 0. 1. 0. 0. 0. 0. 0. 0. 0. 0. 1. 0. 0. 0.],4.0,best,1000,100,10,0.9,0.1,0.5,0.1,0.7,0.03,0.77,1,4,,problem_solving
250,0.03184059999532134,0.092324,0.005561327664416035,0.2,0.430351707065885,0.017838012966744178,[0.         0.         0.02918104 0.         0.05523813 0.         0.         0.         0.         0.         0.         0.         0.         0.         0.         0.         0.         0.         0.06482065 0.         0.         0.         0.         0.         0.         0.         0.         0.85076018 0.         0.         0.        ],[0. 0. 1. 0. 1. 0. 0. 0. 0. 0. 0. 0. 0. 0. 0. 0. 0. 0. 1. 0. 0. 0. 0. 0. 0. 0. 0. 1. 0. 0. 0.],4.0,best,1000,100,10,0.9,0.1,0.5,0.1,0.7,0.03,0.77,1,4,,problem_solving
260,0.03184059999532134,0.092324,0.005561327664416035,0.20400000000000001,0.4220584013515329,-0.0034307654858444126,[0.         0.         0.02918104 0.         0.05523813 0.         0.         0.         0.         0.         0.         0.         0.         0.         0.         0.         0.         0.         0.06482065 0.         0.         0.         0.         0.         0.         0.         0.         0.85076018 0.         0.         0.        ],[0. 0. 1. 0. 1. 0. 0. 0. 0. 0. 0. 0. 0. 0. 0. 0. 0. 0. 1. 0. 0. 0. 0. 0. 0. 0. 0. 1. 0. 0. 0.],4.0,best,1000,100,10,0.9,0.1,0.5,0.1,0.7,0.03,0.77,1,4,,problem_solving
270,0.03184059999532134,0.092324,0.005561327664416035,0.20800000000000002,0.4139249158924335,-0.0018750733856444611,[0.         0.         0.02918104 0.         0.05523813 0.         0.         0.         0.         0.         0.         0.         0.         0.         0.         0.         0.         0.         0.06482065 0.         0.         0.         0.         0.         0.         0.         0.         0.85076018 0.         0.         0.        ],[0. 0. 1. 0. 1. 0. 0. 0. 0. 0. 0. 0. 0. 0. 0. 0. 0. 0. 1. 0. 0. 0. 0. 0. 0. 0. 0. 1. 0. 0. 0.],4.0,best,1000,100,10,0.9,0.1,0.5,0.1,0.7,0.03,0.77,1,4,,problem_solving
280,0.03184059999532134,0.092324,0.005561327664416035,0.21200000000000002,0.40594817079320256,-0.007097299241088442,[0.         0.         0.02918104 0.         0.05523813 0.         0.         0.         0.         0.         0.         0.         0.         0.         0.         0.         0.         0.         0.06482065 0.         0.         0.         0.         0.         0.         0.         0.         0.85076018 0.         0.         0.        ],[0. 0. 1. 0. 1. 0. 0. 0. 0. 0. 0. 0. 0. 0. 0. 0. 0. 0. 1. 0. 0. 0. 0. 0. 0. 0. 0. 1. 0. 0. 0.],4.0,best,1000,100,10,0.9,0.1,0.5,0.1,0.7,0.03,0.77,1,4,,problem_solving
290,0.03184059999532134,0.092324,0.005561327664416035,0.21600000000000003,0.3981251455111055,0.026276321264186674,[0.         0.         0.02918104 0.         0.05523813 0.         0.         0.         0.         0.         0.         0.         0.         0.         0.         0.         0.         0.         0.06482065 0.         0.         0.         0.         0.         0.         0.         0.         0.85076018 0.         0.         0.        ],[0. 0. 1. 0. 1. 0. 0. 0. 0. 0. 0. 0. 0. 0. 0. 0. 0. 0. 1. 0. 0. 0. 0. 0. 0. 0. 0. 1. 0. 0. 0.],4.0,best,1000,100,10,0.9,0.1,0.5,0.1,0.7,0.03,0.77,1,4,,problem_solving
300,0.03184059999532134,0.092324,0.005561327664416035,0.22000000000000003,0.3904528777122722,-0.01895661225834362,[0.         0.         0.02918104 0.         0.05523813 0.         0.         0.         0.         0.         0.         0.         0.         0.         0.         0.         0.         0.         0.06482065 0.         0.         0.         0.         0.         0.         0.         0.         0.85076018 0.         0.         0.        ],[0. 0. 1. 0. 1. 0. 0. 0. 0. 0. 0. 0. 0. 0. 0. 0. 0. 0. 1. 0. 0. 0. 0. 0. 0. 0. 0. 1. 0. 0. 0.],4.0,best,1000,100,10,0.9,0.1,0.5,0.1,0.7,0.03,0.77,1,4,,problem_solving
310,0.03184059999532134,0.092324,0.005561327664416035,0.224,0.3829284621499548,-0.024196523817620764,[0.         0.         0.02918104 0.         0.05523813 0.         0.         0.         0.         0.         0.         0.         0.         0.         0.         0.         0.         0.         0.06482065 0.         0.         0.         0.         0.         0.         0.         0.         0.85076018 0.         0.         0.        ],[0. 0. 1. 0. 1. 0. 0. 0. 0. 0. 0. 0. 0. 0. 0. 0. 0. 0. 1. 0. 0. 0. 0. 0. 0. 0. 0. 1. 0. 0. 0.],4.0,best,1000,100,10,0.9,0.1,0.5,0.1,0.7,0.03,0.77,1,4,,problem_solving
320,0.03184059999532134,0.092324,0.005561327664416035,0.228,0.3755490495644016,0.009550418975051047,[0.         0.         0.02918104 0.         0.05523813 0.         0.         0.         0.         0.         0.         0.         0.         0.         0.         0.         0.         0.         0.06482065 0.         0.         0.         0.         0.         0.         0.         0.         0.85076018 0.         0.         0.        ],[0. 0. 1. 0. 1. 0. 0. 0. 0. 0. 0. 0. 0. 0. 0. 0. 0. 0. 1. 0. 0. 0. 0. 0. 0. 0. 0. 1. 0. 0. 0.],4.0,best,1000,100,10,0.9,0.1,0.5,0.1,0.7,0.03,0.77,1,4,,problem_solving
330,0.02522139636130452,0.124649,0.0037246759038788396,0.232,0.3683118456039322,-0.008428775534062388,[0.         0.         0.         0.         0.08796277 0.         0.01874158 0.         0.         0.         0.         0.         0.         0.         0.         0.         0.         0.         0.03488421 0.         0.         0.         0.         0.         0.         0.         0.         0.85841143 0.         0.         0.        ],[0. 0. 0. 0. 1. 0. 1. 0. 0. 0. 0. 0. 0. 0. 0. 0. 0. 0. 1. 0. 0. 0. 0. 0. 0. 0. 0. 1. 0. 0. 0.],4.0,best,1000,100,10,0.9,0.1,0.5,0.1,0.7,0.03,0.77,1,4,,problem_solving
340,0.018078300787509303,0.121598,0.005379933466155325,0.23600000000000002,0.3612141097668044,0.0015783295720275183,[0.03894334 0.         0.01983066 0.         0.92139534 0.         0.01983066 0.         0.         0.         0.         0.         0.         0.         0.         0.         0.         0.         0.         0.         0.         0.         0.         0.         0.         0.         0.         0.         0.         0.         0.        ],[1. 0. 1. 0. 1. 0. 1. 0. 0. 0. 0. 0. 0. 0. 0. 0. 0. 0. 0. 0. 0. 0. 0. 0. 0. 0. 0. 0. 0. 0. 0.],4.0,best,1000,100,10,0.9,0.1,0.5,0.1,0.7,0.03,0.77,1,4,,problem_solving
350,0.018078300787509303,0.121598,0.005379933466155325,0.24000000000000002,0.3542531543634719,0.006878289805583064,[0.03894334 0.         0.01983066 0.         0.92139534 0.         0.01983066 0.         0.         0.         0.         0.         0.         0.         0.         0.         0.         0.         0.         0.         0.         0.         0.         0.         0.         0.         0.         0.         0.         0.         0.        ],[1. 0. 1. 0. 1. 0. 1. 0. 0. 0. 0. 0. 0. 0. 0. 0. 0. 0. 0. 0. 0. 0. 0. 0. 0. 0. 0. 0. 0. 0. 0.],4.0,best,1000,100,10,0.9,0.1,0.5,0.1,0.7,0.03,0.77,1,4,,problem_solving
360,0.018078300787509303,0.121598,0.005379933466155325,0.24400000000000002,0.3474263434988409,-0.014226116243326292,[0.03894334 0.         0.01983066 0.         0.92139534 0.         0.01983066 0.         0.         0.         0.         0.         0.         0.         0.         0.         0.         0.         0.         0.         0.         0.         0.         0.         0.         0.         0.         0.         0.         0.         0.        ],[1. 0. 1. 0. 1. 0. 1. 0. 0. 0. 0. 0. 0. 0. 0. 0. 0. 0. 0. 0. 0. 0. 0. 0. 0. 0. 0. 0. 0. 0. 0.],4.0,best,1000,100,10,0.9,0.1,0.5,0.1,0.7,0.03,0.77,1,4,,problem_solving
370,0.018078300787509303,0.121598,0.005379933466155325,0.24800000000000003,0.3407310920741399,0.0060763029807687245,[0.03894334 0.         0.01983066 0.         0.92139534 0.         0.01983066 0.         0.         0.         0.         0.         0.         0.         0.         0.         0.         0.         0.         0.         0.         0.         0.         0.         0.         0.         0.         0.         0.         0.         0.        ],[1. 0. 1. 0. 1. 0. 1. 0. 0. 0. 0. 0. 0. 0. 0. 0. 0. 0. 0. 0. 0. 0. 0. 0. 0. 0. 0. 0. 0. 0. 0.],4.0,best,1000,100,10,0.9,0.1,0.5,0.1,0.7,0.03,0.77,1,4,,problem_solving
380,0.018078300787509303,0.121598,0.005379933466155325,0.252,0.33416486480802304,-0.003346094607082018,[0.03894334 0.         0.01983066 0.         0.92139534 0.         0.01983066 0.         0.         0.         0.         0.         0.         0.         0.         0.         0.         0.         0.         0.         0.         0.         0.         0.         0.         0.         0.         0.         0.         0.         0.        ],[1. 0. 1. 0. 1. 0. 1. 0. 0. 0. 0. 0. 0. 0. 0. 0. 0. 0. 0. 0. 0. 0. 0. 0. 0. 0. 0. 0. 0. 0. 0.],4.0,best,1000,100,10,0.9,0.1,0.5,0.1,0.7,0.03,0.77,1,4,,problem_solving
390,0.018078300787509303,0.121598,0.005379933466155325,0.256,0.3277251752765399,-0.011989628911222216,[0.03894334 0.         0.01983066 0.         0.92139534 0.         0.01983066 0.         0.         0.         0.         0.         0.         0.         0.         0.         0.         0.         0.         0.         0.         0.         0.         0.         0.         0.         0.         0.         0.         0.         0.        ],[1. 0. 1. 0. 1. 0. 1. 0. 0. 0. 0. 0. 0. 0. 0. 0. 0. 0. 0. 0. 0. 0. 0. 0. 0. 0. 0. 0. 0. 0. 0.],4.0,best,1000,100,10,0.9,0.1,0.5,0.1,0.7,0.03,0.77,1,4,,problem_solving
400,0.018078300787509303,0.121598,0.005379933466155325,0.26,0.3214095849716039,-0.014562195889006084,[0.03894334 0.         0.01983066 0.         0.92139534 0.         0.01983066 0.         0.         0.         0.         0.         0.         0.         0.         0.         0.         0.         0.         0.         0.         0.         0.         0.         0.         0.         0.         0.         0.         0.         0.        ],[1. 0. 1. 0. 1. 0. 1. 0. 0. 0. 0. 0. 0. 0. 0. 0. 0. 0. 0. 0. 0. 0. 0. 0. 0. 0. 0. 0. 0. 0. 0.],4.0,best,1000,100,10,0.9,0.1,0.5,0.1,0.7,0.03,0.77,1,4,,problem_solving
410,0.018078300787509303,0.121598,0.005379933466155325,0.264,0.31521570237760627,-0.0101924904238315,[0.03894334 0.         0.01983066 0.         0.92139534 0.         0.01983066 0.         0.         0.         0.         0.         0.         0.         0.         0.         0.         0.         0.         0.         0.         0.         0.         0.         0.         0.         0.         0.         0.         0.         0.        ],[1. 0. 1. 0. 1. 0. 1. 0. 0. 0. 0. 0. 0. 0. 0. 0. 0. 0. 0. 0. 0. 0. 0. 0. 0. 0. 0. 0. 0. 0. 0.],4.0,best,1000,100,10,0.9,0.1,0.5,0.1,0.7,0.03,0.77,1,4,,problem_solving
420,0.018078300787509303,0.121598,0.005379933466155325,0.268,0.30914118206582436,0.0017327140041458091,[0.03894334 0.         0.01983066 0.         0.92139534 0.         0.01983066 0.         0.         0.         0.         0.         0.         0.         0.         0.         0.         0.         0.         0.         0.         0.         0.         0.         0.         0.         0.         0.         0.         0.         0.        ],[1. 0. 1. 0. 1. 0. 1. 0. 0. 0. 0. 0. 0. 0. 0. 0. 0. 0. 0. 0. 0. 0. 0. 0. 0. 0. 0. 0. 0. 0. 0.],4.0,best,1000,100,10,0.9,0.1,0.5,0.1,0.7,0.03,0.77,1,4,,problem_solving
430,0.018078300787509303,0.121598,0.005379933466155325,0.272,0.3031837238062814,-0.00310379151385933,[0.03894334 0.         0.01983066 0.         0.92139534 0.         0.01983066 0.         0.         0.         0.         0.         0.         0.         0.         0.         0.         0.         0.         0.         0.         0.         0.         0.         0.         0.         0.         0.         0.         0.         0.        ],[1. 0. 1. 0. 1. 0. 1. 0. 0. 0. 0. 0. 0. 0. 0. 0. 0. 0. 0. 0. 0. 0. 0. 0. 0. 0. 0. 0. 0. 0. 0.],4.0,best,1000,100,10,0.9,0.1,0.5,0.1,0.7,0.03,0.77,1,4,,problem_solving
440,0.018078300787509303,0.121598,0.005379933466155325,0.276,0.29734107169672147,0.016067267855070014,[0.03894334 0.         0.01983066 0.         0.92139534 0.         0.01983066 0.         0.         0.         0.         0.         0.         0.         0.         0.         0.         0.         0.         0.         0.         0.         0.         0.         0.         0.         0.         0.         0.         0.         0.        ],[1. 0. 1. 0. 1. 0. 1. 0. 0. 0. 0. 0. 0. 0. 0. 0. 0. 0. 0. 0. 0. 0. 0. 0. 0. 0. 0. 0. 0. 0. 0.],4.0,best,1000,100,10,0.9,0.1,0.5,0.1,0.7,0.03,0.77,1,4,,problem_solving
450,0.018078300787509303,0.121598,0.005379933466155325,0.28,0.2916110133083706,-0.009767098438425298,[0.03894334 0.         0.01983066 0.         0.92139534 0.         0.01983066 0.         0.         0.         0.         0.         0.         0.         0.         0.         0.         0.         0.         0.         0.         0.         0.         0.         0.         0.         0.         0.         0.         0.         0.        ],[1. 0. 1. 0. 1. 0. 1. 0. 0. 0. 0. 0. 0. 0. 0. 0. 0. 0. 0. 0. 0. 0. 0. 0. 0. 0. 0. 0. 0. 0. 0.],4.0,best,1000,100,10,0.9,0.1,0.5,0.1,0.7,0.03,0.77,1,4,,problem_solving
460,0.018078300787509303,0.121598,0.005379933466155325,0.28400000000000003,0.285991378848159,0.0018919357875877923,[0.03894334 0.         0.01983066 0.         0.92139534 0.         0.01983066 0.         0.         0.         0.         0.         0.         0.         0.         0.         0.         0.         0.         0.         0.         0.         0.         0.         0.         0.         0.         0.         0.         0.         0.        ],[1. 0. 1. 0. 1. 0. 1. 0. 0. 0. 0. 0. 0. 0. 0. 0. 0. 0. 0. 0. 0. 0. 0. 0. 0. 0. 0. 0. 0. 0. 0.],4.0,best,1000,100,10,0.9,0.1,0.5,0.1,0.7,0.03,0.77,1,4,,problem_solving
470,0.018078300787509303,0.121598,0.005379933466155325,0.28800000000000003,0.2804800403370891,-0.009099016439825438,[0.03894334 0.         0.01983066 0.         0.92139534 0.         0.01983066 0.         0.         0.         0.         0.         0.         0.         0.         0.         0.         0.         0.         0.         0.         0.         0.         0.         0.         0.         0.         0.         0.         0.         0.        ],[1. 0. 1. 0. 1. 0. 1. 0. 0. 0. 0. 0. 0. 0. 0. 0. 0. 0. 0. 0. 0. 0. 0. 0. 0. 0. 0. 0. 0. 0. 0.],4.0,best,1000,100,10,0.9,0.1,0.5,0.1,0.7,0.03,0.77,1,4,,problem_solving
480,0.018078300787509303,0.121598,0.005379933466155325,0.29200000000000004,0.27507491080443647,0.00046596046220813295,[0.03894334 0.         0.01983066 0.         0.92139534 0.         0.01983066 0.         0.         0.         0.         0.         0.         0.         0.         0.         0.         0.         0.         0.         0.         0.         0.         0.         0.         0.         0.         0.         0.         0.         0.        ],[1. 0. 1. 0. 1. 0. 1. 0. 0. 0. 0. 0. 0. 0. 0. 0. 0. 0. 0. 0. 0. 0. 0. 0. 0. 0. 0. 0. 0. 0. 0.],4.0,best,1000,100,10,0.9,0.1,0.5,0.1,0.7,0.03,0.77,1,4,,problem_solving
490,0.018078300787509303,0.121598,0.005379933466155325,0.29600000000000004,0.2697739434974796,0.004324483340153713,[0.03894334 0.         0.01983066 0.         0.92139534 0.         0.01983066 0.         0.         0.         0.         0.         0.         0.         0.         0.         0.         0.         0.         0.         0.         0.         0.         0.         0.         0.         0.         0.         0.         0.         0.        ],[1. 0. 1. 0. 1. 0. 1. 0. 0. 0. 0. 0. 0. 0. 0. 0. 0. 0. 0. 0. 0. 0. 0. 0. 0. 0. 0. 0. 0. 0. 0.],4.0,best,1000,100,10,0.9,0.1,0.5,0.1,0.7,0.03,0.77,1,4,,problem_solving
500,0.018078300787509303,0.121598,0.005379933466155325,0.30000000000000004,0.2645751311064591,-0.014824312620573796,[0.03894334 0.         0.01983066 0.         0.92139534 0.         0.01983066 0.         0.         0.         0.         0.         0.         0.         0.         0.         0.         0.         0.         0.         0.         0.         0.         0.         0.         0.         0.         0.         0.         0.         0.        ],[1. 0. 1. 0. 1. 0. 1. 0. 0. 0. 0. 0. 0. 0. 0. 0. 0. 0. 0. 0. 0. 0. 0. 0. 0. 0. 0. 0. 0. 0. 0.],4.0,best,1000,100,10,0.9,0.1,0.5,0.1,0.7,0.03,0.77,1,4,,problem_solving
510,0.018078300787509303,0.121598,0.005379933466155325,0.30400000000000005,0.25947650500447234,0.010140995046550723,[0.03894334 0.         0.01983066 0.         0.92139534 0.         0.01983066 0.         0.         0.         0.         0.         0.         0.         0.         0.         0.         0.         0.         0.         0.         0.         0.         0.         0.         0.         0.         0.         0.         0.         0.        ],[1. 0. 1. 0. 1. 0. 1. 0. 0. 0. 0. 0. 0. 0. 0. 0. 0. 0. 0. 0. 0. 0. 0. 0. 0. 0. 0. 0. 0. 0. 0.],4.0,best,1000,100,10,0.9,0.1,0.5,0.1,0.7,0.03,0.77,1,4,,problem_solving
520,0.018078300787509303,0.121598,0.005379933466155325,0.30800000000000005,0.2544761345020166,0.004957799482155313,[0.03894334 0.         0.01983066 0.         0.92139534 0.         0.01983066 0.         0.         0.         0.         0.         0.         0.         0.         0.         0.         0.         0.         0.         0.         0.         0.         0.         0.         0.         0.         0.         0.         0.         0.        ],[1. 0. 1. 0. 1. 0. 1. 0. 0. 0. 0. 0. 0. 0. 0. 0. 0. 0. 0. 0. 0. 0. 0. 0. 0. 0. 0. 0. 0. 0. 0.],4.0,best,1000,100,10,0.9,0.1,0.5,0.1,0.7,0.03,0.77,1,4,,problem_solving
530,0.018078300787509303,0.121598,0.005379933466155325,0.31200000000000006,0.24957212611589738,-0.004863579000477178,[0.03894334 0.         0.01983066 0.         0.92139534 0.         0.01983066 0.         0.         0.         0.         0.         0.         0.         0.         0.         0.         0.         0.         0.         0.         0.         0.         0.         0.         0.         0.         0.         0.         0.         0.        ],[1. 0. 1. 0. 1. 0. 1. 0. 0. 0. 0. 0. 0. 0. 0. 0. 0. 0. 0. 0. 0. 0. 0. 0. 0. 0. 0. 0. 0. 0. 0.],4.0,best,1000,100,10,0.9,0.1,0.5,0.1,0.7,0.03,0.77,1,4,,problem_solving
540,0.018078300787509303,0.121598,0.005379933466155325,0.316,0.24476262285222591,-0.013848120866252535,[0.03894334 0.         0.01983066 0.         0.92139534 0.         0.01983066 0.         0.         0.         0.         0.         0.         0.         0.         0.         0.         0.         0.         0.         0.         0.         0.         0.         0.         0.         0.         0.         0.         0.         0.        ],[1. 0. 1. 0. 1. 0. 1. 0. 0. 0. 0. 0. 0. 0. 0. 0. 0. 0. 0. 0. 0. 0. 0. 0. 0. 0. 0. 0. 0. 0. 0.],4.0,best,1000,100,10,0.9,0.1,0.5,0.1,0.7,0.03,0.77,1,4,,problem_solving
550,0.018078300787509303,0.121598,0.005379933466155325,0.32,0.24004580350323373,0.00036857834419507586,[0.03894334 0.         0.01983066 0.         0.92139534 0.         0.01983066 0.         0.         0.         0.         0.         0.         0.         0.         0.         0.         0.         0.         0.         0.         0.         0.         0.         0.         0.         0.         0.         0.         0.         0.        ],[1. 0. 1. 0. 1. 0. 1. 0. 0. 0. 0. 0. 0. 0. 0. 0. 0. 0. 0. 0. 0. 0. 0. 0. 0. 0. 0. 0. 0. 0. 0.],4.0,best,1000,100,10,0.9,0.1,0.5,0.1,0.7,0.03,0.77,1,4,,problem_solving
560,0.018078300787509303,0.121598,0.005379933466155325,0.324,0.23541988195763883,-0.0081569868808326,[0.03894334 0.         0.01983066 0.         0.92139534 0.         0.01983066 0.         0.         0.         0.         0.         0.         0.         0.         0.         0.         0.         0.         0.         0.         0.         0.         0.         0.         0.         0.         0.         0.         0.         0.        ],[1. 0. 1. 0. 1. 0. 1. 0. 0. 0. 0. 0. 0. 0. 0. 0. 0. 0. 0. 0. 0. 0. 0. 0. 0. 0. 0. 0. 0. 0. 0.],4.0,best,1000,100,10,0.9,0.1,0.5,0.1,0.7,0.03,0.77,1,4,,problem_solving
570,0.018078300787509303,0.121598,0.005379933466155325,0.328,0.23088310652430125,0.003351512780498708,[0.03894334 0.         0.01983066 0.         0.92139534 0.         0.01983066 0.         0.         0.         0.         0.         0.         0.         0.         0.         0.         0.         0.         0.         0.         0.         0.         0.         0.         0.         0.         0.         0.         0.         0.        ],[1. 0. 1. 0. 1. 0. 1. 0. 0. 0. 0. 0. 0. 0. 0. 0. 0. 0. 0. 0. 0. 0. 0. 0. 0. 0. 0. 0. 0. 0. 0.],4.0,best,1000,100,10,0.9,0.1,0.5,0.1,0.7,0.03,0.77,1,4,,problem_solving
580,0.018078300787509303,0.121598,0.005379933466155325,0.332,0.22643375926891277,0.00720307649177463,[0.03894334 0.         0.01983066 0.         0.92139534 0.         0.01983066 0.         0.         0.         0.         0.         0.         0.         0.         0.         0.         0.         0.         0.         0.         0.         0.         0.         0.         0.         0.         0.         0.         0.         0.        ],[1. 0. 1. 0. 1. 0. 1. 0. 0. 0. 0. 0. 0. 0. 0. 0. 0. 0. 0. 0. 0. 0. 0. 0. 0. 0. 0. 0. 0. 0. 0.],4.0,best,1000,100,10,0.9,0.1,0.5,0.1,0.7,0.03,0.77,1,4,,problem_solving
590,0.018078300787509303,0.121598,0.005379933466155325,0.336,0.22207015536346894,0.004914992259884345,[0.03894334 0.         0.01983066 0.         0.92139534 0.         0.01983066 0.         0.         0.         0.         0.         0.         0.         0.         0.         0.         0.         0.         0.         0.         0.         0.         0.         0.         0.         0.         0.         0.         0.         0.        ],[1. 0. 1. 0. 1. 0. 1. 0. 0. 0. 0. 0. 0. 0. 0. 0. 0. 0. 0. 0. 0. 0. 0. 0. 0. 0. 0. 0. 0. 0. 0.],4.0,best,1000,100,10,0.9,0.1,0.5,0.1,0.7,0.03,0.77,1,4,,problem_solving
600,0.018078300787509303,0.121598,0.005379933466155325,0.34,0.21779064244827798,0.009611735233002164,[0.03894334 0.         0.01983066 0.         0.92139534 0.         0.01983066 0.         0.         0.         0.         0.         0.         0.         0.         0.         0.         0.         0.         0.         0.         0.         0.         0.         0.         0.         0.         0.         0.         0.         0.        ],[1. 0. 1. 0. 1. 0. 1. 0. 0. 0. 0. 0. 0. 0. 0. 0. 0. 0. 0. 0. 0. 0. 0. 0. 0. 0. 0. 0. 0. 0. 0.],4.0,best,1000,100,10,0.9,0.1,0.5,0.1,0.7,0.03,0.77,1,4,,problem_solving
610,0.018078300787509303,0.121598,0.005379933466155325,0.34400000000000003,0.2135936000062639,0.008746534576593974,[0.03894334 0.         0.01983066 0.         0.92139534 0.         0.01983066 0.         0.         0.         0.         0.         0.         0.         0.         0.         0.         0.         0.         0.         0.         0.         0.         0.         0.         0.         0.         0.         0.         0.         0.        ],[1. 0. 1. 0. 1. 0. 1. 0. 0. 0. 0. 0. 0. 0. 0. 0. 0. 0. 0. 0. 0. 0. 0. 0. 0. 0. 0. 0. 0. 0. 0.],4.0,best,1000,100,10,0.9,0.1,0.5,0.1,0.7,0.03,0.77,1,4,,problem_solving
620,0.018078300787509303,0.121598,0.005379933466155325,0.348,0.20947743874932764,-0.0028990048598522035,[0.03894334 0.         0.01983066 0.         0.92139534 0.         0.01983066 0.         0.         0.         0.         0.         0.         0.         0.         0.         0.         0.         0.         0.         0.         0.         0.         0.         0.         0.         0.         0.         0.         0.         0.        ],[1. 0. 1. 0. 1. 0. 1. 0. 0. 0. 0. 0. 0. 0. 0. 0. 0. 0. 0. 0. 0. 0. 0. 0. 0. 0. 0. 0. 0. 0. 0.],4.0,best,1000,100,10,0.9,0.1,0.5,0.1,0.7,0.03,0.77,1,4,,problem_solving
630,0.018078300787509303,0.121598,0.005379933466155325,0.352,0.20544060001653347,0.0020073249996028645,[0.03894334 0.         0.01983066 0.         0.92139534 0.         0.01983066 0.         0.         0.         0.         0.         0.         0.         0.         0.         0.         0.         0.         0.         0.         0.         0.         0.         0.         0.         0.         0.         0.         0.         0.        ],[1. 0. 1. 0. 1. 0. 1. 0. 0. 0. 0. 0. 0. 0. 0. 0. 0. 0. 0. 0. 0. 0. 0. 0. 0. 0. 0. 0. 0. 0. 0.],4.0,best,1000,100,10,0.9,0.1,0.5,0.1,0.7,0.03,0.77,1,4,,problem_solving
640,0.018078300787509303,0.121598,0.005379933466155325,0.356,0.20148155518389335,-0.0008130409823361252,[0.03894334 0.         0.01983066 0.         0.92139534 0.         0.01983066 0.         0.         0.         0.         0.         0.         0.         0.         0.         0.         0.         0.         0.         0.         0.         0.         0.         0.         0.         0.         0.         0.         0.         0.        ],[1. 0. 1. 0. 1. 0. 1. 0. 0. 0. 0. 0. 0. 0. 0. 0. 0. 0. 0. 0. 0. 0. 0. 0. 0. 0. 0. 0. 0. 0. 0.],4.0,best,1000,100,10,0.9,0.1,0.5,0.1,0.7,0.03,0.77,1,4,,problem_solving
650,0.018078300787509303,0.121598,0.005379933466155325,0.36,0.19759880508552483,-0.007074340587121136,[0.03894334 0.         0.01983066 0.         0.92139534 0.         0.01983066 0.         0.         0.         0.         0.         0.         0.         0.         0.         0.         0.         0.         0.         0.         0.         0.         0.         0.         0.         0.         0.         0.         0.         0.        ],[1. 0. 1. 0. 1. 0. 1. 0. 0. 0. 0. 0. 0. 0. 0. 0. 0. 0. 0. 0. 0. 0. 0. 0. 0. 0. 0. 0. 0. 0. 0.],4.0,best,1000,100,10,0.9,0.1,0.5,0.1,0.7,0.03,0.77,1,4,,problem_solving
660,0.018078300787509303,0.121598,0.005379933466155325,0.364,0.19379087944596401,0.0006175039174355368,[0.03894334 0.         0.01983066 0.         0.92139534 0.         0.01983066 0.         0.         0.         0.         0.         0.         0.         0.         0.         0.         0.         0.         0.         0.         0.         0.         0.         0.         0.         0.         0.         0.         0.         0.        ],[1. 0. 1. 0. 1. 0. 1. 0. 0. 0. 0. 0. 0. 0. 0. 0. 0. 0. 0. 0. 0. 0. 0. 0. 0. 0. 0. 0. 0. 0. 0.],4.0,best,1000,100,10,0.9,0.1,0.5,0.1,0.7,0.03,0.77,1,4,,problem_solving
670,0.018078300787509303,0.121598,0.005379933466155325,0.368,0.1900563363234187,0.005074990912744765,[0.03894334 0.         0.01983066 0.         0.92139534 0.         0.01983066 0.         0.         0.         0.         0.         0.         0.         0.         0.         0.         0.         0.         0.         0.         0.         0.         0.         0.         0.         0.         0.         0.         0.         0.        ],[1. 0. 1. 0. 1. 0. 1. 0. 0. 0. 0. 0. 0. 0. 0. 0. 0. 0. 0. 0. 0. 0. 0. 0. 0. 0. 0. 0. 0. 0. 0.],4.0,best,1000,100,10,0.9,0.1,0.5,0.1,0.7,0.03,0.77,1,4,,problem_solving
680,0.018078300787509303,0.121598,0.005379933466155325,0.372,0.18639376156374998,-0.004172807687475292,[0.03894334 0.         0.01983066 0.         0.92139534 0.         0.01983066 0.         0.         0.         0.         0.         0.         0.         0.         0.         0.         0.         0.         0.         0.         0.         0.         0.         0.         0.         0.         0.         0.         0.         0.        ],[1. 0. 1. 0. 1. 0. 1. 0. 0. 0. 0. 0. 0. 0. 0. 0. 0. 0. 0. 0. 0. 0. 0. 0. 0. 0. 0. 0. 0. 0. 0.],4.0,best,1000,100,10,0.9,0.1,0.5,0.1,0.7,0.03,0.77,1,4,,problem_solving
690,0.018078300787509303,0.121598,0.005379933466155325,0.376,0.1828017682649769,0.002067115204515367,[0.03894334 0.         0.01983066 0.         0.92139534 0.         0.01983066 0.         0.         0.         0.         0.         0.         0.         0.         0.         0.         0.         0.         0.         0.         0.         0.         0.         0.         0.         0.         0.         0.         0.         0.        ],[1. 0. 1. 0. 1. 0. 1. 0. 0. 0. 0. 0. 0. 0. 0. 0. 0. 0. 0. 0. 0. 0. 0. 0. 0. 0. 0. 0. 0. 0. 0.],4.0,best,1000,100,10,0.9,0.1,0.5,0.1,0.7,0.03,0.77,1,4,,problem_solving
700,0.018078300787509303,0.121598,0.005379933466155325,0.38,0.17927899625209975,0.004239070682888309,[0.03894334 0.         0.01983066 0.         0.92139534 0.         0.01983066 0.         0.         0.         0.         0.         0.         0.         0.         0.         0.         0.         0.         0.         0.         0.         0.         0.         0.         0.         0.         0.         0.         0.         0.        ],[1. 0. 1. 0. 1. 0. 1. 0. 0. 0. 0. 0. 0. 0. 0. 0. 0. 0. 0. 0. 0. 0. 0. 0. 0. 0. 0. 0. 0. 0. 0.],4.0,best,1000,100,10,0.9,0.1,0.5,0.1,0.7,0.03,0.77,1,4,,problem_solving
710,0.018078300787509303,0.121598,0.005379933466155325,0.384,0.17582411156204497,0.004222443811993926,[0.03894334 0.         0.01983066 0.         0.92139534 0.         0.01983066 0.         0.         0.         0.         0.         0.         0.         0.         0.         0.         0.         0.         0.         0.         0.         0.         0.         0.         0.         0.         0.         0.         0.         0.        ],[1. 0. 1. 0. 1. 0. 1. 0. 0. 0. 0. 0. 0. 0. 0. 0. 0. 0. 0. 0. 0. 0. 0. 0. 0. 0. 0. 0. 0. 0. 0.],4.0,best,1000,100,10,0.9,0.1,0.5,0.1,0.7,0.03,0.77,1,4,,problem_solving
720,0.018078300787509303,0.121598,0.005379933466155325,0.388,0.17243580593853514,0.007349449483896094,[0.03894334 0.         0.01983066 0.         0.92139534 0.         0.01983066 0.         0.         0.         0.         0.         0.         0.         0.         0.         0.         0.         0.         0.         0.         0.         0.         0.         0.         0.         0.         0.         0.         0.         0.        ],[1. 0. 1. 0. 1. 0. 1. 0. 0. 0. 0. 0. 0. 0. 0. 0. 0. 0. 0. 0. 0. 0. 0. 0. 0. 0. 0. 0. 0. 0. 0.],4.0,best,1000,100,10,0.9,0.1,0.5,0.1,0.7,0.03,0.77,1,4,,problem_solving
730,0.018078300787509303,0.121598,0.005379933466155325,0.392,0.16911279633669332,0.0009288961136962315,[0.03894334 0.         0.01983066 0.         0.92139534 0.         0.01983066 0.         0.         0.         0.         0.         0.         0.         0.         0.         0.         0.         0.         0.         0.         0.         0.         0.         0.         0.         0.         0.         0.         0.         0.        ],[1. 0. 1. 0. 1. 0. 1. 0. 0. 0. 0. 0. 0. 0. 0. 0. 0. 0. 0. 0. 0. 0. 0. 0. 0. 0. 0. 0. 0. 0. 0.],4.0,best,1000,100,10,0.9,0.1,0.5,0.1,0.7,0.03,0.77,1,4,,problem_solving
740,0.018078300787509303,0.121598,0.005379933466155325,0.396,0.16585382443719424,-0.0003892989044726592,[0.03894334 0.         0.01983066 0.         0.92139534 0.         0.01983066 0.         0.         0.         0.         0.         0.         0.         0.         0.         0.         0.         0.         0.         0.         0.         0.         0.         0.         0.         0.         0.         0.         0.         0.        ],[1. 0. 1. 0. 1. 0. 1. 0. 0. 0. 0. 0. 0. 0. 0. 0. 0. 0. 0. 0. 0. 0. 0. 0. 0. 0. 0. 0. 0. 0. 0.],4.0,best,1000,100,10,0.9,0.1,0.5,0.1,0.7,0.03,0.77,1,4,,problem_solving
750,0.018078300787509303,0.121598,0.005379933466155325,0.4,0.1626576561697786,0.000296520131675861,[0.03894334 0.         0.01983066 0.         0.92139534 0.         0.01983066 0.         0.         0.         0.         0.         0.         0.         0.         0.         0.         0.         0.         0.         0.         0.         0.         0.         0.         0.         0.         0.         0.         0.         0.        ],[1. 0. 1. 0. 1. 0. 1. 0. 0. 0. 0. 0. 0. 0. 0. 0. 0. 0. 0. 0. 0. 0. 0. 0. 0. 0. 0. 0. 0. 0. 0.],4.0,best,1000,100,10,0.9,0.1,0.5,0.1,0.7,0.03,0.77,1,4,,problem_solving
760,0.018078300787509303,0.121598,0.005379933466155325,0.404,0.15952308124594905,-0.002664869284864302,[0.03894334 0.         0.01983066 0.         0.92139534 0.         0.01983066 0.         0.         0.         0.         0.         0.         0.         0.         0.         0.         0.         0.         0.         0.         0.         0.         0.         0.         0.         0.         0.         0.         0.         0.        ],[1. 0. 1. 0. 1. 0. 1. 0. 0. 0. 0. 0. 0. 0. 0. 0. 0. 0. 0. 0. 0. 0. 0. 0. 0. 0. 0. 0. 0. 0. 0.],4.0,best,1000,100,10,0.9,0.1,0.5,0.1,0.7,0.03,0.77,1,4,,problem_solving
770,0.018078300787509303,0.121598,0.005379933466155325,0.40800000000000003,0.15644891270067235,0.0022588924873888586,[0.03894334 0.         0.01983066 0.         0.92139534 0.         0.01983066 0.         0.         0.         0.         0.         0.         0.         0.         0.         0.         0.         0.         0.         0.         0.         0.         0.         0.         0.         0.         0.         0.         0.         0.        ],[1. 0. 1. 0. 1. 0. 1. 0. 0. 0. 0. 0. 0. 0. 0. 0. 0. 0. 0. 0. 0. 0. 0. 0. 0. 0. 0. 0. 0. 0. 0.],4.0,best,1000,100,10,0.9,0.1,0.5,0.1,0.7,0.03,0.77,1,4,,problem_solving
780,0.018078300787509303,0.121598,0.005379933466155325,0.41200000000000003,0.15343398644291262,0.0034790520406570596,[0.03894334 0.         0.01983066 0.         0.92139534 0.         0.01983066 0.         0.         0.         0.         0.         0.         0.         0.         0.         0.         0.         0.         0.         0.         0.         0.         0.         0.         0.         0.         0.         0.         0.         0.        ],[1. 0. 1. 0. 1. 0. 1. 0. 0. 0. 0. 0. 0. 0. 0. 0. 0. 0. 0. 0. 0. 0. 0. 0. 0. 0. 0. 0. 0. 0. 0.],4.0,best,1000,100,10,0.9,0.1,0.5,0.1,0.7,0.03,0.77,1,4,,problem_solving
790,0.018078300787509303,0.121598,0.005379933466155325,0.41600000000000004,0.1504771608148269,-0.000690844945340394,[0.03894334 0.         0.01983066 0.         0.92139534 0.         0.01983066 0.         0.         0.         0.         0.         0.         0.         0.         0.         0.         0.         0.         0.         0.         0.         0.         0.         0.         0.         0.         0.         0.         0.         0.        ],[1. 0. 1. 0. 1. 0. 1. 0. 0. 0. 0. 0. 0. 0. 0. 0. 0. 0. 0. 0. 0. 0. 0. 0. 0. 0. 0. 0. 0. 0. 0.],4.0,best,1000,100,10,0.9,0.1,0.5,0.1,0.7,0.03,0.77,1,4,,problem_solving
800,0.018078300787509303,0.121598,0.005379933466155325,0.42000000000000004,0.1475773161594552,0.00036136177895650443,[0.03894334 0.         0.01983066 0.         0.92139534 0.         0.01983066 0.         0.         0.         0.         0.         0.         0.         0.         0.         0.         0.         0.         0.         0.         0.         0.         0.         0.         0.         0.         0.         0.         0.         0.        ],[1. 0. 1. 0. 1. 0. 1. 0. 0. 0. 0. 0. 0. 0. 0. 0. 0. 0. 0. 0. 0. 0. 0. 0. 0. 0. 0. 0. 0. 0. 0.],4.0,best,1000,100,10,0.9,0.1,0.5,0.1,0.7,0.03,0.77,1,4,,problem_solving
810,0.018078300787509303,0.121598,0.005379933466155325,0.42400000000000004,0.1447333543967415,-0.0065537315253629,[0.03894334 0.         0.01983066 0.         0.92139534 0.         0.01983066 0.         0.         0.         0.         0.         0.         0.         0.         0.         0.         0.         0.         0.         0.         0.         0.         0.         0.         0.         0.         0.         0.         0.         0.        ],[1. 0. 1. 0. 1. 0. 1. 0. 0. 0. 0. 0. 0. 0. 0. 0. 0. 0. 0. 0. 0. 0. 0. 0. 0. 0. 0. 0. 0. 0. 0.],4.0,best,1000,100,10,0.9,0.1,0.5,0.1,0.7,0.03,0.77,1,4,,problem_solving
820,0.018078300787509303,0.121598,0.005379933466155325,0.42800000000000005,0.1419441986077252,0.00010517062159992553,[0.03894334 0.         0.01983066 0.         0.92139534 0.         0.01983066 0.         0.         0.         0.         0.         0.         0.         0.         0.         0.         0.         0.         0.         0.         0.         0.         0.         0.         0.         0.         0.         0.         0.         0.        ],[1. 0. 1. 0. 1. 0. 1. 0. 0. 0. 0. 0. 0. 0. 0. 0. 0. 0. 0. 0. 0. 0. 0. 0. 0. 0. 0. 0. 0. 0. 0.],4.0,best,1000,100,10,0.9,0.1,0.5,0.1,0.7,0.03,0.77,1,4,,problem_solving
830,0.018078300787509303,0.121598,0.005379933466155325,0.43200000000000005,0.13920879262674613,-0.005338412317138693,[0.03894334 0.         0.01983066 0.         0.92139534 0.         0.01983066 0.         0.         0.         0.         0.         0.         0.         0.         0.         0.         0.         0.         0.         0.         0.         0.         0.         0.         0.         0.         0.         0.         0.         0.        ],[1. 0. 1. 0. 1. 0. 1. 0. 0. 0. 0. 0. 0. 0. 0. 0. 0. 0. 0. 0. 0. 0. 0. 0. 0. 0. 0. 0. 0. 0. 0.],4.0,best,1000,100,10,0.9,0.1,0.5,0.1,0.7,0.03,0.77,1,4,,problem_solving
840,0.018078300787509303,0.121598,0.005379933466155325,0.43600000000000005,0.1365261006415074,0.0014680308443062635,[0.03894334 0.         0.01983066 0.         0.92139534 0.         0.01983066 0.         0.         0.         0.         0.         0.         0.         0.         0.         0.         0.         0.         0.         0.         0.         0.         0.         0.         0.         0.         0.         0.         0.         0.        ],[1. 0. 1. 0. 1. 0. 1. 0. 0. 0. 0. 0. 0. 0. 0. 0. 0. 0. 0. 0. 0. 0. 0. 0. 0. 0. 0. 0. 0. 0. 0.],4.0,best,1000,100,10,0.9,0.1,0.5,0.1,0.7,0.03,0.77,1,4,,problem_solving
850,0.018078300787509303,0.121598,0.005379933466155325,0.44000000000000006,0.1338951068008461,-0.003202134965730709,[0.03894334 0.         0.01983066 0.         0.92139534 0.         0.01983066 0.         0.         0.         0.         0.         0.         0.         0.         0.         0.         0.         0.         0.         0.         0.         0.         0.         0.         0.         0.         0.         0.         0.         0.        ],[1. 0. 1. 0. 1. 0. 1. 0. 0. 0. 0. 0. 0. 0. 0. 0. 0. 0. 0. 0. 0. 0. 0. 0. 0. 0. 0. 0. 0. 0. 0.],4.0,best,1000,100,10,0.9,0.1,0.5,0.1,0.7,0.03,0.77,1,4,,problem_solving
860,0.018078300787509303,0.121598,0.005379933466155325,0.44400000000000006,0.1313148148300622,0.0008351845500777377,[0.03894334 0.         0.01983066 0.         0.92139534 0.         0.01983066 0.         0.         0.         0.         0.         0.         0.         0.         0.         0.         0.         0.         0.         0.         0.         0.         0.         0.         0.         0.         0.         0.         0.         0.        ],[1. 0. 1. 0. 1. 0. 1. 0. 0. 0. 0. 0. 0. 0. 0. 0. 0. 0. 0. 0. 0. 0. 0. 0. 0. 0. 0. 0. 0. 0. 0.],4.0,best,1000,100,10,0.9,0.1,0.5,0.1,0.7,0.03,0.77,1,4,,problem_solving
870,0.018078300787509303,0.121598,0.005379933466155325,0.44800000000000006,0.12878424765366075,-0.0018961997786571705,[0.03894334 0.         0.01983066 0.         0.92139534 0.         0.01983066 0.         0.         0.         0.         0.         0.         0.         0.         0.         0.         0.         0.         0.         0.         0.         0.         0.         0.         0.         0.         0.         0.         0.         0.        ],[1. 0. 1. 0. 1. 0. 1. 0. 0. 0. 0. 0. 0. 0. 0. 0. 0. 0. 0. 0. 0. 0. 0. 0. 0. 0. 0. 0. 0. 0. 0.],4.0,best,1000,100,10,0.9,0.1,0.5,0.1,0.7,0.03,0.77,1,4,,problem_solving
880,0.018078300787509303,0.121598,0.005379933466155325,0.45200000000000007,0.12630244702536408,-0.001684711268114385,[0.03894334 0.         0.01983066 0.         0.92139534 0.         0.01983066 0.         0.         0.         0.         0.         0.         0.         0.         0.         0.         0.         0.         0.         0.         0.         0.         0.         0.         0.         0.         0.         0.         0.         0.        ],[1. 0. 1. 0. 1. 0. 1. 0. 0. 0. 0. 0. 0. 0. 0. 0. 0. 0. 0. 0. 0. 0. 0. 0. 0. 0. 0. 0. 0. 0. 0.],4.0,best,1000,100,10,0.9,0.1,0.5,0.1,0.7,0.03,0.77,1,4,,problem_solving
890,0.018078300787509303,0.121598,0.005379933466155325,0.45600000000000007,0.12386847316525405,-0.0006370865585767501,[0.03894334 0.         0.01983066 0.         0.92139534 0.         0.01983066 0.         0.         0.         0.         0.         0.         0.         0.         0.         0.         0.         0.         0.         0.         0.         0.         0.         0.         0.         0.         0.         0.         0.         0.        ],[1. 0. 1. 0. 1. 0. 1. 0. 0. 0. 0. 0. 0. 0. 0. 0. 0. 0. 0. 0. 0. 0. 0. 0. 0. 0. 0. 0. 0. 0. 0.],4.0,best,1000,100,10,0.9,0.1,0.5,0.1,0.7,0.03,0.77,1,4,,problem_solving
900,0.018078300787509303,0.121598,0.005379933466155325,0.4600000000000001,0.12148140440390671,-0.0009734791196374516,[0.03894334 0.         0.01983066 0.         0.92139534 0.         0.01983066 0.         0.         0.         0.         0.         0.         0.         0.         0.         0.         0.         0.         0.         0.         0.         0.         0.         0.         0.         0.         0.         0.         0.         0.        ],[1. 0. 1. 0. 1. 0. 1. 0. 0. 0. 0. 0. 0. 0. 0. 0. 0. 0. 0. 0. 0. 0. 0. 0. 0. 0. 0. 0. 0. 0. 0.],4.0,best,1000,100,10,0.9,0.1,0.5,0.1,0.7,0.03,0.77,1,4,,problem_solving
910,0.018078300787509303,0.121598,0.005379933466155325,0.46399999999999997,0.11914033683338536,-0.0009286061913198557,[0.03894334 0.         0.01983066 0.         0.92139534 0.         0.01983066 0.         0.         0.         0.         0.         0.         0.         0.         0.         0.         0.         0.         0.         0.         0.         0.         0.         0.         0.         0.         0.         0.         0.         0.        ],[1. 0. 1. 0. 1. 0. 1. 0. 0. 0. 0. 0. 0. 0. 0. 0. 0. 0. 0. 0. 0. 0. 0. 0. 0. 0. 0. 0. 0. 0. 0.],4.0,best,1000,100,10,0.9,0.1,0.5,0.1,0.7,0.03,0.77,1,4,,problem_solving
920,0.018078300787509303,0.121598,0.005379933466155325,0.46799999999999997,0.11684438396495887,-0.0010657367376060488,[0.03894334 0.         0.01983066 0.         0.92139534 0.         0.01983066 0.         0.         0.         0.         0.         0.         0.         0.         0.         0.         0.         0.         0.         0.         0.         0.         0.         0.         0.         0.         0.         0.         0.         0.        ],[1. 0. 1. 0. 1. 0. 1. 0. 0. 0. 0. 0. 0. 0. 0. 0. 0. 0. 0. 0. 0. 0. 0. 0. 0. 0. 0. 0. 0. 0. 0.],4.0,best,1000,100,10,0.9,0.1,0.5,0.1,0.7,0.03,0.77,1,4,,problem_solving
930,0.018078300787509303,0.121598,0.005379933466155325,0.472,0.11459267639341625,0.0011794503021618269,[0.03894334 0.         0.01983066 0.         0.92139534 0.         0.01983066 0.         0.         0.         0.         0.         0.         0.         0.         0.         0.         0.         0.         0.         0.         0.         0.         0.         0.         0.         0.         0.         0.         0.         0.        ],[1. 0. 1. 0. 1. 0. 1. 0. 0. 0. 0. 0. 0. 0. 0. 0. 0. 0. 0. 0. 0. 0. 0. 0. 0. 0. 0. 0. 0. 0. 0.],4.0,best,1000,100,10,0.9,0.1,0.5,0.1,0.7,0.03,0.77,1,4,,problem_solving
940,0.018078300787509303,0.121598,0.005379933466155325,0.476,0.11238436146785019,-0.0007694726253623758,[0.03894334 0.         0.01983066 0.         0.92139534 0.         0.01983066 0.         0.         0.         0.         0.         0.         0.         0.         0.         0.         0.         0.         0.         0.         0.         0.         0.         0.         0.         0.         0.         0.         0.         0.        ],[1. 0. 1. 0. 1. 0. 1. 0. 0. 0. 0. 0. 0. 0. 0. 0. 0. 0. 0. 0. 0. 0. 0. 0. 0. 0. 0. 0. 0. 0. 0.],4.0,best,1000,100,10,0.9,0.1,0.5,0.1,0.7,0.03,0.77,1,4,,problem_solving
950,0.018078300787509303,0.121598,0.005379933466155325,0.48,0.11021860296878504,9.240903963352865e-05,[0.03894334 0.         0.01983066 0.         0.92139534 0.         0.01983066 0.         0.         0.         0.         0.         0.         0.         0.         0.         0.         0.         0.         0.         0.         0.         0.         0.         0.         0.         0.         0.         0.         0.         0.        ],[1. 0. 1. 0. 1. 0. 1. 0. 0. 0. 0. 0. 0. 0. 0. 0. 0. 0. 0. 0. 0. 0. 0. 0. 0. 0. 0. 0. 0. 0. 0.],4.0,best,1000,100,10,0.9,0.1,0.5,0.1,0.7,0.03,0.77,1,4,,problem_solving
960,0.018078300787509303,0.121598,0.005379933466155325,0.484,0.10809458079152667,0.000945788723597161,[0.03894334 0.         0.01983066 0.         0.92139534 0.         0.01983066 0.         0.         0.         0.         0.         0.         0.         0.         0.         0.         0.         0.         0.         0.         0.         0.         0.         0.         0.         0.         0.         0.         0.         0.        ],[1. 0. 1. 0. 1. 0. 1. 0. 0. 0. 0. 0. 0. 0. 0. 0. 0. 0. 0. 0. 0. 0. 0. 0. 0. 0. 0. 0. 0. 0. 0.],4.0,best,1000,100,10,0.9,0.1,0.5,0.1,0.7,0.03,0.77,1,4,,problem_solving
970,0.018078300787509303,0.121598,0.005379933466155325,0.488,0.10601149063561469,-0.00265788968566038,[0.03894334 0.         0.01983066 0.         0.92139534 0.         0.01983066 0.         0.         0.         0.         0.         0.         0.         0.         0.         0.         0.         0.         0.         0.         0.         0.         0.         0.         0.         0.         0.         0.         0.         0.        ],[1. 0. 1. 0. 1. 0. 1. 0. 0. 0. 0. 0. 0. 0. 0. 0. 0. 0. 0. 0. 0. 0. 0. 0. 0. 0. 0. 0. 0. 0. 0.],4.0,best,1000,100,10,0.9,0.1,0.5,0.1,0.7,0.03,0.77,1,4,,problem_solving
980,0.018078300787509303,0.121598,0.005379933466155325,0.492,0.10396854370025903,-0.000337978182730848,[0.03894334 0.         0.01983066 0.         0.92139534 0.         0.01983066 0.         0.         0.         0.         0.         0.         0.         0.         0.         0.         0.         0.         0.         0.         0.         0.         0.         0.         0.         0.         0.         0.         0.         0.        ],[1. 0. 1. 0. 1. 0. 1. 0. 0. 0. 0. 0. 0. 0. 0. 0. 0. 0. 0. 0. 0. 0. 0. 0. 0. 0. 0. 0. 0. 0. 0.],4.0,best,1000,100,10,0.9,0.1,0.5,0.1,0.7,0.03,0.77,1,4,,problem_solving
990,0.018078300787509303,0.121598,0.005379933466155325,0.496,0.10196496638564592,-0.0029907863358454353,[0.03894334 0.         0.01983066 0.         0.92139534 0.         0.01983066 0.         0.         0.         0.         0.         0.         0.         0.         0.         0.         0.         0.         0.         0.         0.         0.         0.         0.         0.         0.         0.         0.         0.         0.        ],[1. 0. 1. 0. 1. 0. 1. 0. 0. 0. 0. 0. 0. 0. 0. 0. 0. 0. 0. 0. 0. 0. 0. 0. 0. 0. 0. 0. 0. 0. 0.],4.0,best,1000,100,10,0.9,0.1,0.5,0.1,0.7,0.03,0.77,1,4,,problem_solving
999,0.018078300787509303,0.121598,0.005379933466155325,0.49960000000000004,0.100194780466086,0.0012341016690266618,[0.03894334 0.         0.01983066 0.         0.92139534 0.         0.01983066 0.         0.         0.         0.         0.         0.         0.         0.         0.         0.         0.         0.         0.         0.         0.         0.         0.         0.         0.         0.         0.         0.         0.         0.        ],[1. 0. 1. 0. 1. 0. 1. 0. 0. 0. 0. 0. 0. 0. 0. 0. 0. 0. 0. 0. 0. 0. 0. 0. 0. 0. 0. 0. 0. 0. 0.],4.0,best,1000,100,10,0.9,0.1,0.5,0.1,0.7,0.03,0.77,1,4,,problem_solving
