iter,cost,risk,return,par,bw,move,X,Z,Q,pop_init,max_iter,pop_size,mem_size,mem_consider,par_min,par_max,bw_min,bw_max,sigma,lambda,port_n,k,seed,tag,local_search
1,0.020439679432793813,0.045298,0.004418641134412374,0.1008,0.8980246687982377,13.857074450060248,[0.         0.         0.         0.01346198 0.         0.         0.         0.         0.         0.         0.         0.         0.         0.         0.         0.01298461 0.         0.         0.96145781 0.         0.         0.01209559 0.         0.         0.         0.         0.         0.         0.         0.         0.        ],[0. 0. 0. 1. 0. 0. 0. 0. 0. 0. 0. 0. 0. 0. 0. 1. 0. 0. 1. 0. 0. 1. 0. 0. 0. 0. 0. 0. 0. 0. 0.],4.0,random,1000,100,30,0.7,0.1,0.9,0.1,0.9,300,0.5,1,4,,problem_solving,30
10,0.020439679432793813,0.045298,0.004418641134412374,0.10800000000000001,0.880440647156254,-394.73553716062844,[0.         0.         0.         0.01346198 0.         0.         0.         0.         0.         0.         0.         0.         0.         0.         0.         0.01298461 0.         0.         0.96145781 0.         0.         0.01209559 0.         0.         0.         0.         0.         0.         0.         0.         0.        ],[0. 0. 0. 1. 0. 0. 0. 0. 0. 0. 0. 0. 0. 0. 0. 1. 0. 0. 1. 0. 0. 1. 0. 0. 0. 0. 0. 0. 0. 0. 0.],4.0,random,1000,100,30,0.7,0.1,0.9,0.1,0.9,300,0.5,1,4,,problem_solving,30
20,0.006687772898836765,0.017502,0.004126454202326469,0.116,0.8613063701832483,34.05353607248957,[0.         0.96515562 0.         0.         0.         0.         0.         0.         0.         0.         0.         0.         0.         0.         0.         0.01217619 0.         0.         0.         0.         0.01237285 0.         0.         0.         0.         0.         0.         0.         0.01029534 0.         0.        ],[0. 1. 0. 0. 0. 0. 0. 0. 0. 0. 0. 0. 0. 0. 0. 1. 0. 0. 0. 0. 1. 0. 0. 0. 0. 0. 0. 0. 1. 0. 0.],4.0,random,1000,100,30,0.7,0.1,0.9,0.1,0.9,300,0.5,1,4,,problem_solving,30
30,0.006687772898836765,0.017502,0.004126454202326469,0.124,0.842587931071048,-303.5372173054452,[0.         0.96515562 0.         0.         0.         0.         0.         0.         0.         0.         0.         0.         0.         0.         0.         0.01217619 0.         0.         0.         0.         0.01237285 0.         0.         0.         0.         0.         0.         0.         0.01029534 0.         0.        ],[0. 1. 0. 0. 0. 0. 0. 0. 0. 0. 0. 0. 0. 0. 0. 1. 0. 0. 0. 0. 1. 0. 0. 0. 0. 0. 0. 0. 1. 0. 0.],4.0,random,1000,100,30,0.7,0.1,0.9,0.1,0.9,300,0.5,1,4,,problem_solving,30
40,0.006687772898836765,0.017502,0.004126454202326469,0.132,0.8242762925758254,243.48004077035742,[0.         0.96515562 0.         0.         0.         0.         0.         0.         0.         0.         0.         0.         0.         0.         0.         0.01217619 0.         0.         0.         0.         0.01237285 0.         0.         0.         0.         0.         0.         0.         0.01029534 0.         0.        ],[0. 1. 0. 0. 0. 0. 0. 0. 0. 0. 0. 0. 0. 0. 0. 1. 0. 0. 0. 0. 1. 0. 0. 0. 0. 0. 0. 0. 1. 0. 0.],4.0,random,1000,100,30,0.7,0.1,0.9,0.1,0.9,300,0.5,1,4,,problem_solving,30
50,0.006687772898836765,0.017502,0.004126454202326469,0.14,0.806362613856686,-32.25981573771626,[0.         0.96515562 0.         0.         0.         0.         0.         0.         0.         0.         0.         0.         0.         0.         0.         0.01217619 0.         0.         0.         0.         0.01237285 0.         0.         0.         0.         0.         0.         0.         0.01029534 0.         0.        ],[0. 1. 0. 0. 0. 0. 0. 0. 0. 0. 0. 0. 0. 0. 0. 1. 0. 0. 0. 0. 1. 0. 0. 0. 0. 0. 0. 0. 1. 0. 0.],4.0,random,1000,100,30,0.7,0.1,0.9,0.1,0.9,300,0.5,1,4,,problem_solving,30
60,0.006687772898836765,0.017502,0.004126454202326469,0.14800000000000002,0.7888382462073213,392.8746935017801,[0.         0.96515562 0.         0.         0.         0.         0.         0.         0.         0.         0.         0.         0.         0.         0.         0.01217619 0.         0.         0.         0.         0.01237285 0.         0.         0.         0.         0.         0.         0.         0.01029534 0.         0.        ],[0. 1. 0. 0. 0. 0. 0. 0. 0. 0. 0. 0. 0. 0. 0. 1. 0. 0. 0. 0. 1. 0. 0. 0. 0. 0. 0. 0. 1. 0. 0.],4.0,random,1000,100,30,0.7,0.1,0.9,0.1,0.9,300,0.5,1,4,,problem_solving,30
70,0.006687772898836765,0.017502,0.004126454202326469,0.156,0.7716947288804205,203.81124362025378,[0.         0.96515562 0.         0.         0.         0.         0.         0.         0.         0.         0.         0.         0.         0.         0.         0.01217619 0.         0.         0.         0.         0.01237285 0.         0.         0.         0.         0.         0.         0.         0.01029534 0.         0.        ],[0. 1. 0. 0. 0. 0. 0. 0. 0. 0. 0. 0. 0. 0. 0. 1. 0. 0. 0. 0. 1. 0. 0. 0. 0. 0. 0. 0. 1. 0. 0.],4.0,random,1000,100,30,0.7,0.1,0.9,0.1,0.9,300,0.5,1,4,,problem_solving,30
80,0.006687772898836765,0.017502,0.004126454202326469,0.164,0.7549237850028305,-191.5445629617206,[0.         0.96515562 0.         0.         0.         0.         0.         0.         0.         0.         0.         0.         0.         0.         0.         0.01217619 0.         0.         0.         0.         0.01237285 0.         0.         0.         0.         0.         0.         0.         0.01029534 0.         0.        ],[0. 1. 0. 0. 0. 0. 0. 0. 0. 0. 0. 0. 0. 0. 0. 1. 0. 0. 0. 0. 1. 0. 0. 0. 0. 0. 0. 0. 1. 0. 0.],4.0,random,1000,100,30,0.7,0.1,0.9,0.1,0.9,300,0.5,1,4,,problem_solving,30
90,0.006687772898836765,0.017502,0.004126454202326469,0.17200000000000001,0.7385173175794899,-163.2035620518346,[0.         0.96515562 0.         0.         0.         0.         0.         0.         0.         0.         0.         0.         0.         0.         0.         0.01217619 0.         0.         0.         0.         0.01237285 0.         0.         0.         0.         0.         0.         0.         0.01029534 0.         0.        ],[0. 1. 0. 0. 0. 0. 0. 0. 0. 0. 0. 0. 0. 0. 0. 1. 0. 0. 0. 0. 1. 0. 0. 0. 0. 0. 0. 0. 1. 0. 0.],4.0,random,1000,100,30,0.7,0.1,0.9,0.1,0.9,300,0.5,1,4,,problem_solving,30
100,0.003631756213127225,0.00963,0.0023664875737455494,0.18,0.7224674055842076,25.111758239639357,[0.         0.         0.         0.         0.         0.01096248 0.         0.         0.         0.         0.         0.         0.         0.         0.         0.         0.         0.         0.0104274  0.         0.         0.         0.         0.         0.01139615 0.         0.         0.96721396 0.         0.         0.        ],[0. 0. 0. 0. 0. 1. 0. 0. 0. 0. 0. 0. 0. 0. 0. 0. 0. 0. 1. 0. 0. 0. 0. 0. 1. 0. 0. 1. 0. 0. 0.],4.0,random,1000,100,30,0.7,0.1,0.9,0.1,0.9,300,0.5,1,4,,problem_solving,30
110,0.003631756213127225,0.00963,0.0023664875737455494,0.188,0.7067663001353996,262.0189301018063,[0.         0.         0.         0.         0.         0.01096248 0.         0.         0.         0.         0.         0.         0.         0.         0.         0.         0.         0.         0.0104274  0.         0.         0.         0.         0.         0.01139615 0.         0.         0.96721396 0.         0.         0.        ],[0. 0. 0. 0. 0. 1. 0. 0. 0. 0. 0. 0. 0. 0. 0. 0. 0. 0. 1. 0. 0. 0. 0. 0. 1. 0. 0. 1. 0. 0. 0.],4.0,random,1000,100,30,0.7,0.1,0.9,0.1,0.9,300,0.5,1,4,,problem_solving,30
120,-0.0003040355715782971,0.009974,0.010582071143156594,0.196,0.6914064207549362,45.69154340447104,[0.01032297 0.         0.         0.         0.9688874  0.         0.         0.         0.         0.         0.         0.         0.         0.01063514 0.         0.         0.01015449 0.         0.         0.         0.         0.         0.         0.         0.         0.         0.         0.         0.         0.         0.        ],[1. 0. 0. 0. 1. 0. 0. 0. 0. 0. 0. 0. 0. 1. 0. 0. 1. 0. 0. 0. 0. 0. 0. 0. 0. 0. 0. 0. 0. 0. 0.],4.0,random,1000,100,30,0.7,0.1,0.9,0.1,0.9,300,0.5,1,4,,problem_solving,30
130,-0.0003040355715782971,0.009974,0.010582071143156594,0.20400000000000001,0.6763803517082948,19.88228214769242,[0.01032297 0.         0.         0.         0.9688874  0.         0.         0.         0.         0.         0.         0.         0.         0.01063514 0.         0.         0.01015449 0.         0.         0.         0.         0.         0.         0.         0.         0.         0.         0.         0.         0.         0.        ],[1. 0. 0. 0. 1. 0. 0. 0. 0. 0. 0. 0. 0. 1. 0. 0. 1. 0. 0. 0. 0. 0. 0. 0. 0. 0. 0. 0. 0. 0. 0.],4.0,random,1000,100,30,0.7,0.1,0.9,0.1,0.9,300,0.5,1,4,,problem_solving,30
140,-0.0003040355715782971,0.009974,0.010582071143156594,0.21200000000000002,0.6616808384242509,-7.955629764783501,[0.01032297 0.         0.         0.         0.9688874  0.         0.         0.         0.         0.         0.         0.         0.         0.01063514 0.         0.         0.01015449 0.         0.         0.         0.         0.         0.         0.         0.         0.         0.         0.         0.         0.         0.        ],[1. 0. 0. 0. 1. 0. 0. 0. 0. 0. 0. 0. 0. 1. 0. 0. 1. 0. 0. 0. 0. 0. 0. 0. 0. 0. 0. 0. 0. 0. 0.],4.0,random,1000,100,30,0.7,0.1,0.9,0.1,0.9,300,0.5,1,4,,problem_solving,30
150,-0.0003040355715782971,0.009974,0.010582071143156594,0.22000000000000003,0.647300783992378,-192.56476881196022,[0.01032297 0.         0.         0.         0.9688874  0.         0.         0.         0.         0.         0.         0.         0.         0.01063514 0.         0.         0.01015449 0.         0.         0.         0.         0.         0.         0.         0.         0.         0.         0.         0.         0.         0.        ],[1. 0. 0. 0. 1. 0. 0. 0. 0. 0. 0. 0. 0. 1. 0. 0. 1. 0. 0. 0. 0. 0. 0. 0. 0. 0. 0. 0. 0. 0. 0.],4.0,random,1000,100,30,0.7,0.1,0.9,0.1,0.9,300,0.5,1,4,,problem_solving,30
160,-0.0003040355715782971,0.009974,0.010582071143156594,0.228,0.6332332457366666,87.6076819430298,[0.01032297 0.         0.         0.         0.9688874  0.         0.         0.         0.         0.         0.         0.         0.         0.01063514 0.         0.         0.01015449 0.         0.         0.         0.         0.         0.         0.         0.         0.         0.         0.         0.         0.         0.        ],[1. 0. 0. 0. 1. 0. 0. 0. 0. 0. 0. 0. 0. 1. 0. 0. 1. 0. 0. 0. 0. 0. 0. 0. 0. 0. 0. 0. 0. 0. 0.],4.0,random,1000,100,30,0.7,0.1,0.9,0.1,0.9,300,0.5,1,4,,problem_solving,30
170,-0.0003040355715782971,0.009974,0.010582071143156594,0.23600000000000002,0.6194714318636066,142.58482583635052,[0.01032297 0.         0.         0.         0.9688874  0.         0.         0.         0.         0.         0.         0.         0.         0.01063514 0.         0.         0.01015449 0.         0.         0.         0.         0.         0.         0.         0.         0.         0.         0.         0.         0.         0.        ],[1. 0. 0. 0. 1. 0. 0. 0. 0. 0. 0. 0. 0. 1. 0. 0. 1. 0. 0. 0. 0. 0. 0. 0. 0. 0. 0. 0. 0. 0. 0.],4.0,random,1000,100,30,0.7,0.1,0.9,0.1,0.9,300,0.5,1,4,,problem_solving,30
180,-0.0003040355715782971,0.009974,0.010582071143156594,0.24400000000000002,0.6060086981831168,-313.9562472103992,[0.01032297 0.         0.         0.         0.9688874  0.         0.         0.         0.         0.         0.         0.         0.         0.01063514 0.         0.         0.01015449 0.         0.         0.         0.         0.         0.         0.         0.         0.         0.         0.         0.         0.         0.        ],[1. 0. 0. 0. 1. 0. 0. 0. 0. 0. 0. 0. 0. 1. 0. 0. 1. 0. 0. 0. 0. 0. 0. 0. 0. 0. 0. 0. 0. 0. 0.],4.0,random,1000,100,30,0.7,0.1,0.9,0.1,0.9,300,0.5,1,4,,problem_solving,30
190,-0.0003040355715782971,0.009974,0.010582071143156594,0.252,0.5928385449007361,293.52319766678863,[0.01032297 0.         0.         0.         0.9688874  0.         0.         0.         0.         0.         0.         0.         0.         0.01063514 0.         0.         0.01015449 0.         0.         0.         0.         0.         0.         0.         0.         0.         0.         0.         0.         0.         0.        ],[1. 0. 0. 0. 1. 0. 0. 0. 0. 0. 0. 0. 0. 1. 0. 0. 1. 0. 0. 0. 0. 0. 0. 0. 0. 0. 0. 0. 0. 0. 0.],4.0,random,1000,100,30,0.7,0.1,0.9,0.1,0.9,300,0.5,1,4,,problem_solving,30
200,-0.0003040355715782971,0.009974,0.010582071143156594,0.26,0.5799546134795289,-227.50581126968083,[0.01032297 0.         0.         0.         0.9688874  0.         0.         0.         0.         0.         0.         0.         0.         0.01063514 0.         0.         0.01015449 0.         0.         0.         0.         0.         0.         0.         0.         0.         0.         0.         0.         0.         0.        ],[1. 0. 0. 0. 1. 0. 0. 0. 0. 0. 0. 0. 0. 1. 0. 0. 1. 0. 0. 0. 0. 0. 0. 0. 0. 0. 0. 0. 0. 0. 0.],4.0,random,1000,100,30,0.7,0.1,0.9,0.1,0.9,300,0.5,1,4,,problem_solving,30
210,-0.0003040355715782971,0.009974,0.010582071143156594,0.268,0.5673506835701907,244.59876115709696,[0.01032297 0.         0.         0.         0.9688874  0.         0.         0.         0.         0.         0.         0.         0.         0.01063514 0.         0.         0.01015449 0.         0.         0.         0.         0.         0.         0.         0.         0.         0.         0.         0.         0.         0.        ],[1. 0. 0. 0. 1. 0. 0. 0. 0. 0. 0. 0. 0. 1. 0. 0. 1. 0. 0. 0. 0. 0. 0. 0. 0. 0. 0. 0. 0. 0. 0.],4.0,random,1000,100,30,0.7,0.1,0.9,0.1,0.9,300,0.5,1,4,,problem_solving,30
220,-0.0003040355715782971,0.009974,0.010582071143156594,0.276,0.5550206700078687,-226.7490449569164,[0.01032297 0.         0.         0.         0.9688874  0.         0.         0.         0.         0.         0.         0.         0.         0.01063514 0.         0.         0.01015449 0.         0.         0.         0.         0.         0.         0.         0.         0.         0.         0.         0.         0.         0.        ],[1. 0. 0. 0. 1. 0. 0. 0. 0. 0. 0. 0. 0. 1. 0. 0. 1. 0. 0. 0. 0. 0. 0. 0. 0. 0. 0. 0. 0. 0. 0.],4.0,random,1000,100,30,0.7,0.1,0.9,0.1,0.9,300,0.5,1,4,,problem_solving,30
230,-0.0003040355715782971,0.009974,0.010582071143156594,0.28400000000000003,0.5429586198742506,277.4222967305054,[0.01032297 0.         0.         0.         0.9688874  0.         0.         0.         0.         0.         0.         0.         0.         0.01063514 0.         0.         0.01015449 0.         0.         0.         0.         0.         0.         0.         0.         0.         0.         0.         0.         0.         0.        ],[1. 0. 0. 0. 1. 0. 0. 0. 0. 0. 0. 0. 0. 1. 0. 0. 1. 0. 0. 0. 0. 0. 0. 0. 0. 0. 0. 0. 0. 0. 0.],4.0,random,1000,100,30,0.7,0.1,0.9,0.1,0.9,300,0.5,1,4,,problem_solving,30
240,-0.0003040355715782971,0.009974,0.010582071143156594,0.29200000000000004,0.531158709623502,-35.041599334686,[0.01032297 0.         0.         0.         0.9688874  0.         0.         0.         0.         0.         0.         0.         0.         0.01063514 0.         0.         0.01015449 0.         0.         0.         0.         0.         0.         0.         0.         0.         0.         0.         0.         0.         0.        ],[1. 0. 0. 0. 1. 0. 0. 0. 0. 0. 0. 0. 0. 1. 0. 0. 1. 0. 0. 0. 0. 0. 0. 0. 0. 0. 0. 0. 0. 0. 0.],4.0,random,1000,100,30,0.7,0.1,0.9,0.1,0.9,300,0.5,1,4,,problem_solving,30
250,-0.0003040355715782971,0.009974,0.010582071143156594,0.30000000000000004,0.5196152422706632,54.88210701810923,[0.01032297 0.         0.         0.         0.9688874  0.         0.         0.         0.         0.         0.         0.         0.         0.01063514 0.         0.         0.01015449 0.         0.         0.         0.         0.         0.         0.         0.         0.         0.         0.         0.         0.         0.        ],[1. 0. 0. 0. 1. 0. 0. 0. 0. 0. 0. 0. 0. 1. 0. 0. 1. 0. 0. 0. 0. 0. 0. 0. 0. 0. 0. 0. 0. 0. 0.],4.0,random,1000,100,30,0.7,0.1,0.9,0.1,0.9,300,0.5,1,4,,problem_solving,30
260,-0.0003040355715782971,0.009974,0.010582071143156594,0.30800000000000005,0.5083226446411516,121.21340770085577,[0.01032297 0.         0.         0.         0.9688874  0.         0.         0.         0.         0.         0.         0.         0.         0.01063514 0.         0.         0.01015449 0.         0.         0.         0.         0.         0.         0.         0.         0.         0.         0.         0.         0.         0.        ],[1. 0. 0. 0. 1. 0. 0. 0. 0. 0. 0. 0. 0. 1. 0. 0. 1. 0. 0. 0. 0. 0. 0. 0. 0. 0. 0. 0. 0. 0. 0.],4.0,random,1000,100,30,0.7,0.1,0.9,0.1,0.9,300,0.5,1,4,,problem_solving,30
270,-0.0003040355715782971,0.009974,0.010582071143156594,0.316,0.4972754646800379,64.19083268306159,[0.01032297 0.         0.         0.         0.9688874  0.         0.         0.         0.         0.         0.         0.         0.         0.01063514 0.         0.         0.01015449 0.         0.         0.         0.         0.         0.         0.         0.         0.         0.         0.         0.         0.         0.        ],[1. 0. 0. 0. 1. 0. 0. 0. 0. 0. 0. 0. 0. 1. 0. 0. 1. 0. 0. 0. 0. 0. 0. 0. 0. 0. 0. 0. 0. 0. 0.],4.0,random,1000,100,30,0.7,0.1,0.9,0.1,0.9,300,0.5,1,4,,problem_solving,30
280,-0.0003040355715782971,0.009974,0.010582071143156594,0.324,0.4864683688197995,-36.69268313165057,[0.01032297 0.         0.         0.         0.9688874  0.         0.         0.         0.         0.         0.         0.         0.         0.01063514 0.         0.         0.01015449 0.         0.         0.         0.         0.         0.         0.         0.         0.         0.         0.         0.         0.         0.        ],[1. 0. 0. 0. 1. 0. 0. 0. 0. 0. 0. 0. 0. 1. 0. 0. 1. 0. 0. 0. 0. 0. 0. 0. 0. 0. 0. 0. 0. 0. 0.],4.0,random,1000,100,30,0.7,0.1,0.9,0.1,0.9,300,0.5,1,4,,problem_solving,30
290,-0.0003040355715782971,0.009974,0.010582071143156594,0.332,0.47589613940527953,-5.5140330751770925,[0.01032297 0.         0.         0.         0.9688874  0.         0.         0.         0.         0.         0.         0.         0.         0.01063514 0.         0.         0.01015449 0.         0.         0.         0.         0.         0.         0.         0.         0.         0.         0.         0.         0.         0.        ],[1. 0. 0. 0. 1. 0. 0. 0. 0. 0. 0. 0. 0. 1. 0. 0. 1. 0. 0. 0. 0. 0. 0. 0. 0. 0. 0. 0. 0. 0. 0.],4.0,random,1000,100,30,0.7,0.1,0.9,0.1,0.9,300,0.5,1,4,,problem_solving,30
300,-0.0003040355715782971,0.009974,0.010582071143156594,0.34,0.46555367217460797,19.74892344124491,[0.01032297 0.         0.         0.         0.9688874  0.         0.         0.         0.         0.         0.         0.         0.         0.01063514 0.         0.         0.01015449 0.         0.         0.         0.         0.         0.         0.         0.         0.         0.         0.         0.         0.         0.        ],[1. 0. 0. 0. 1. 0. 0. 0. 0. 0. 0. 0. 0. 1. 0. 0. 1. 0. 0. 0. 0. 0. 0. 0. 0. 0. 0. 0. 0. 0. 0.],4.0,random,1000,100,30,0.7,0.1,0.9,0.1,0.9,300,0.5,1,4,,problem_solving,30
310,-0.0003040355715782971,0.009974,0.010582071143156594,0.348,0.4554359737948693,-34.41659002457053,[0.01032297 0.         0.         0.         0.9688874  0.         0.         0.         0.         0.         0.         0.         0.         0.01063514 0.         0.         0.01015449 0.         0.         0.         0.         0.         0.         0.         0.         0.         0.         0.         0.         0.         0.        ],[1. 0. 0. 0. 1. 0. 0. 0. 0. 0. 0. 0. 0. 1. 0. 0. 1. 0. 0. 0. 0. 0. 0. 0. 0. 0. 0. 0. 0. 0. 0.],4.0,random,1000,100,30,0.7,0.1,0.9,0.1,0.9,300,0.5,1,4,,problem_solving,30
320,-0.0003040355715782971,0.009974,0.010582071143156594,0.356,0.44553815945132613,-30.544719799652896,[0.01032297 0.         0.         0.         0.9688874  0.         0.         0.         0.         0.         0.         0.         0.         0.01063514 0.         0.         0.01015449 0.         0.         0.         0.         0.         0.         0.         0.         0.         0.         0.         0.         0.         0.        ],[1. 0. 0. 0. 1. 0. 0. 0. 0. 0. 0. 0. 0. 1. 0. 0. 1. 0. 0. 0. 0. 0. 0. 0. 0. 0. 0. 0. 0. 0. 0.],4.0,random,1000,100,30,0.7,0.1,0.9,0.1,0.9,300,0.5,1,4,,problem_solving,30
330,-0.0003040355715782971,0.009974,0.010582071143156594,0.364,0.43585545048903546,163.80430666475033,[0.01032297 0.         0.         0.         0.9688874  0.         0.         0.         0.         0.         0.         0.         0.         0.01063514 0.         0.         0.01015449 0.         0.         0.         0.         0.         0.         0.         0.         0.         0.         0.         0.         0.         0.        ],[1. 0. 0. 0. 1. 0. 0. 0. 0. 0. 0. 0. 0. 1. 0. 0. 1. 0. 0. 0. 0. 0. 0. 0. 0. 0. 0. 0. 0. 0. 0.],4.0,random,1000,100,30,0.7,0.1,0.9,0.1,0.9,300,0.5,1,4,,problem_solving,30
340,-0.0003040355715782971,0.009974,0.010582071143156594,0.372,0.4263831721057189,119.40288343786148,[0.01032297 0.         0.         0.         0.9688874  0.         0.         0.         0.         0.         0.         0.         0.         0.01063514 0.         0.         0.01015449 0.         0.         0.         0.         0.         0.         0.         0.         0.         0.         0.         0.         0.         0.        ],[1. 0. 0. 0. 1. 0. 0. 0. 0. 0. 0. 0. 0. 1. 0. 0. 1. 0. 0. 0. 0. 0. 0. 0. 0. 0. 0. 0. 0. 0. 0.],4.0,random,1000,100,30,0.7,0.1,0.9,0.1,0.9,300,0.5,1,4,,problem_solving,30
350,-0.0003040355715782971,0.009974,0.010582071143156594,0.38,0.41711675109477286,-167.13597746316447,[0.01032297 0.         0.         0.         0.9688874  0.         0.         0.         0.         0.         0.         0.         0.         0.01063514 0.         0.         0.01015449 0.         0.         0.         0.         0.         0.         0.         0.         0.         0.         0.         0.         0.         0.        ],[1. 0. 0. 0. 1. 0. 0. 0. 0. 0. 0. 0. 0. 1. 0. 0. 1. 0. 0. 0. 0. 0. 0. 0. 0. 0. 0. 0. 0. 0. 0.],4.0,random,1000,100,30,0.7,0.1,0.9,0.1,0.9,300,0.5,1,4,,problem_solving,30
360,-0.0003040355715782971,0.009974,0.010582071143156594,0.388,0.40805171363732884,239.2062911336478,[0.01032297 0.         0.         0.         0.9688874  0.         0.         0.         0.         0.         0.         0.         0.         0.01063514 0.         0.         0.01015449 0.         0.         0.         0.         0.         0.         0.         0.         0.         0.         0.         0.         0.         0.        ],[1. 0. 0. 0. 1. 0. 0. 0. 0. 0. 0. 0. 0. 1. 0. 0. 1. 0. 0. 0. 0. 0. 0. 0. 0. 0. 0. 0. 0. 0. 0.],4.0,random,1000,100,30,0.7,0.1,0.9,0.1,0.9,300,0.5,1,4,,problem_solving,30
370,-0.0003040355715782971,0.009974,0.010582071143156594,0.396,0.3991836831422981,62.74978761931181,[0.01032297 0.         0.         0.         0.9688874  0.         0.         0.         0.         0.         0.         0.         0.         0.01063514 0.         0.         0.01015449 0.         0.         0.         0.         0.         0.         0.         0.         0.         0.         0.         0.         0.         0.        ],[1. 0. 0. 0. 1. 0. 0. 0. 0. 0. 0. 0. 0. 1. 0. 0. 1. 0. 0. 0. 0. 0. 0. 0. 0. 0. 0. 0. 0. 0. 0.],4.0,random,1000,100,30,0.7,0.1,0.9,0.1,0.9,300,0.5,1,4,,problem_solving,30
380,-0.0003040355715782971,0.009974,0.010582071143156594,0.404,0.39050837813335776,-184.177684935904,[0.01032297 0.         0.         0.         0.9688874  0.         0.         0.         0.         0.         0.         0.         0.         0.01063514 0.         0.         0.01015449 0.         0.         0.         0.         0.         0.         0.         0.         0.         0.         0.         0.         0.         0.        ],[1. 0. 0. 0. 1. 0. 0. 0. 0. 0. 0. 0. 0. 1. 0. 0. 1. 0. 0. 0. 0. 0. 0. 0. 0. 0. 0. 0. 0. 0. 0.],4.0,random,1000,100,30,0.7,0.1,0.9,0.1,0.9,300,0.5,1,4,,problem_solving,30
390,-0.0003040355715782971,0.009974,0.010582071143156594,0.41200000000000003,0.38202161018185854,-109.20180349157808,[0.01032297 0.         0.         0.         0.9688874  0.         0.         0.         0.         0.         0.         0.         0.         0.01063514 0.         0.         0.01015449 0.         0.         0.         0.         0.         0.         0.         0.         0.         0.         0.         0.         0.         0.        ],[1. 0. 0. 0. 1. 0. 0. 0. 0. 0. 0. 0. 0. 1. 0. 0. 1. 0. 0. 0. 0. 0. 0. 0. 0. 0. 0. 0. 0. 0. 0.],4.0,random,1000,100,30,0.7,0.1,0.9,0.1,0.9,300,0.5,1,4,,problem_solving,30
400,-0.0003040355715782971,0.009974,0.010582071143156594,0.42000000000000004,0.3737192818846553,1.5250259835801177,[0.01032297 0.         0.         0.         0.9688874  0.         0.         0.         0.         0.         0.         0.         0.         0.01063514 0.         0.         0.01015449 0.         0.         0.         0.         0.         0.         0.         0.         0.         0.         0.         0.         0.         0.        ],[1. 0. 0. 0. 1. 0. 0. 0. 0. 0. 0. 0. 0. 1. 0. 0. 1. 0. 0. 0. 0. 0. 0. 0. 0. 0. 0. 0. 0. 0. 0.],4.0,random,1000,100,30,0.7,0.1,0.9,0.1,0.9,300,0.5,1,4,,problem_solving,30
410,-0.0003040355715782971,0.009974,0.010582071143156594,0.42800000000000005,0.3655973848858849,-63.867998502094366,[0.01032297 0.         0.         0.         0.9688874  0.         0.         0.         0.         0.         0.         0.         0.         0.01063514 0.         0.         0.01015449 0.         0.         0.         0.         0.         0.         0.         0.         0.         0.         0.         0.         0.         0.        ],[1. 0. 0. 0. 1. 0. 0. 0. 0. 0. 0. 0. 0. 1. 0. 0. 1. 0. 0. 0. 0. 0. 0. 0. 0. 0. 0. 0. 0. 0. 0.],4.0,random,1000,100,30,0.7,0.1,0.9,0.1,0.9,300,0.5,1,4,,problem_solving,30
420,-0.0003040355715782971,0.009974,0.010582071143156594,0.43600000000000005,0.35765199794173624,1.9032554987041703,[0.01032297 0.         0.         0.         0.9688874  0.         0.         0.         0.         0.         0.         0.         0.         0.01063514 0.         0.         0.01015449 0.         0.         0.         0.         0.         0.         0.         0.         0.         0.         0.         0.         0.         0.        ],[1. 0. 0. 0. 1. 0. 0. 0. 0. 0. 0. 0. 0. 1. 0. 0. 1. 0. 0. 0. 0. 0. 0. 0. 0. 0. 0. 0. 0. 0. 0.],4.0,random,1000,100,30,0.7,0.1,0.9,0.1,0.9,300,0.5,1,4,,problem_solving,30
430,-0.0003040355715782971,0.009974,0.010582071143156594,0.44400000000000006,0.3498792850272772,-38.782966166586476,[0.01032297 0.         0.         0.         0.9688874  0.         0.         0.         0.         0.         0.         0.         0.         0.01063514 0.         0.         0.01015449 0.         0.         0.         0.         0.         0.         0.         0.         0.         0.         0.         0.         0.         0.        ],[1. 0. 0. 0. 1. 0. 0. 0. 0. 0. 0. 0. 0. 1. 0. 0. 1. 0. 0. 0. 0. 0. 0. 0. 0. 0. 0. 0. 0. 0. 0.],4.0,random,1000,100,30,0.7,0.1,0.9,0.1,0.9,300,0.5,1,4,,problem_solving,30
440,-0.0003040355715782971,0.009974,0.010582071143156594,0.45200000000000007,0.34227549348442604,140.3977764770969,[0.01032297 0.         0.         0.         0.9688874  0.         0.         0.         0.         0.         0.         0.         0.         0.01063514 0.         0.         0.01015449 0.         0.         0.         0.         0.         0.         0.         0.         0.         0.         0.         0.         0.         0.        ],[1. 0. 0. 0. 1. 0. 0. 0. 0. 0. 0. 0. 0. 1. 0. 0. 1. 0. 0. 0. 0. 0. 0. 0. 0. 0. 0. 0. 0. 0. 0.],4.0,random,1000,100,30,0.7,0.1,0.9,0.1,0.9,300,0.5,1,4,,problem_solving,30
450,-0.0003040355715782971,0.009974,0.010582071143156594,0.4600000000000001,0.3348369522101714,-111.49058557555058,[0.01032297 0.         0.         0.         0.9688874  0.         0.         0.         0.         0.         0.         0.         0.         0.01063514 0.         0.         0.01015449 0.         0.         0.         0.         0.         0.         0.         0.         0.         0.         0.         0.         0.         0.        ],[1. 0. 0. 0. 1. 0. 0. 0. 0. 0. 0. 0. 0. 1. 0. 0. 1. 0. 0. 0. 0. 0. 0. 0. 0. 0. 0. 0. 0. 0. 0.],4.0,random,1000,100,30,0.7,0.1,0.9,0.1,0.9,300,0.5,1,4,,problem_solving,30
460,-0.0003040355715782971,0.009974,0.010582071143156594,0.46799999999999997,0.3275600698841678,141.79983992294305,[0.01032297 0.         0.         0.         0.9688874  0.         0.         0.         0.         0.         0.         0.         0.         0.01063514 0.         0.         0.01015449 0.         0.         0.         0.         0.         0.         0.         0.         0.         0.         0.         0.         0.         0.        ],[1. 0. 0. 0. 1. 0. 0. 0. 0. 0. 0. 0. 0. 1. 0. 0. 1. 0. 0. 0. 0. 0. 0. 0. 0. 0. 0. 0. 0. 0. 0.],4.0,random,1000,100,30,0.7,0.1,0.9,0.1,0.9,300,0.5,1,4,,problem_solving,30
470,-0.0003040355715782971,0.009974,0.010582071143156594,0.476,0.3204413332348494,-137.8737659074978,[0.01032297 0.         0.         0.         0.9688874  0.         0.         0.         0.         0.         0.         0.         0.         0.01063514 0.         0.         0.01015449 0.         0.         0.         0.         0.         0.         0.         0.         0.         0.         0.         0.         0.         0.        ],[1. 0. 0. 0. 1. 0. 0. 0. 0. 0. 0. 0. 0. 1. 0. 0. 1. 0. 0. 0. 0. 0. 0. 0. 0. 0. 0. 0. 0. 0. 0.],4.0,random,1000,100,30,0.7,0.1,0.9,0.1,0.9,300,0.5,1,4,,problem_solving,30
480,-0.0003040355715782971,0.009974,0.010582071143156594,0.484,0.3134773053432264,-3.697779700944374,[0.01032297 0.         0.         0.         0.9688874  0.         0.         0.         0.         0.         0.         0.         0.         0.01063514 0.         0.         0.01015449 0.         0.         0.         0.         0.         0.         0.         0.         0.         0.         0.         0.         0.         0.        ],[1. 0. 0. 0. 1. 0. 0. 0. 0. 0. 0. 0. 0. 1. 0. 0. 1. 0. 0. 0. 0. 0. 0. 0. 0. 0. 0. 0. 0. 0. 0.],4.0,random,1000,100,30,0.7,0.1,0.9,0.1,0.9,300,0.5,1,4,,problem_solving,30
490,-0.0003040355715782971,0.009974,0.010582071143156594,0.492,0.30666462398354316,-121.26958021701898,[0.01032297 0.         0.         0.         0.9688874  0.         0.         0.         0.         0.         0.         0.         0.         0.01063514 0.         0.         0.01015449 0.         0.         0.         0.         0.         0.         0.         0.         0.         0.         0.         0.         0.         0.        ],[1. 0. 0. 0. 1. 0. 0. 0. 0. 0. 0. 0. 0. 1. 0. 0. 1. 0. 0. 0. 0. 0. 0. 0. 0. 0. 0. 0. 0. 0. 0.],4.0,random,1000,100,30,0.7,0.1,0.9,0.1,0.9,300,0.5,1,4,,problem_solving,30
500,-0.0003040355715782971,0.009974,0.010582071143156594,0.5,0.30000000000000004,-75.96226126944416,[0.01032297 0.         0.         0.         0.9688874  0.         0.         0.         0.         0.         0.         0.         0.         0.01063514 0.         0.         0.01015449 0.         0.         0.         0.         0.         0.         0.         0.         0.         0.         0.         0.         0.         0.        ],[1. 0. 0. 0. 1. 0. 0. 0. 0. 0. 0. 0. 0. 1. 0. 0. 1. 0. 0. 0. 0. 0. 0. 0. 0. 0. 0. 0. 0. 0. 0.],4.0,random,1000,100,30,0.7,0.1,0.9,0.1,0.9,300,0.5,1,4,,problem_solving,30
510,-0.0003040355715782971,0.009974,0.010582071143156594,0.508,0.2934802157187514,-115.46803827592106,[0.01032297 0.         0.         0.         0.9688874  0.         0.         0.         0.         0.         0.         0.         0.         0.01063514 0.         0.         0.01015449 0.         0.         0.         0.         0.         0.         0.         0.         0.         0.         0.         0.         0.         0.        ],[1. 0. 0. 0. 1. 0. 0. 0. 0. 0. 0. 0. 0. 1. 0. 0. 1. 0. 0. 0. 0. 0. 0. 0. 0. 0. 0. 0. 0. 0. 0.],4.0,random,1000,100,30,0.7,0.1,0.9,0.1,0.9,300,0.5,1,4,,problem_solving,30
520,-0.0003040355715782971,0.009974,0.010582071143156594,0.516,0.2871021233944161,111.18632178613662,[0.01032297 0.         0.         0.         0.9688874  0.         0.         0.         0.         0.         0.         0.         0.         0.01063514 0.         0.         0.01015449 0.         0.         0.         0.         0.         0.         0.         0.         0.         0.         0.         0.         0.         0.        ],[1. 0. 0. 0. 1. 0. 0. 0. 0. 0. 0. 0. 0. 1. 0. 0. 1. 0. 0. 0. 0. 0. 0. 0. 0. 0. 0. 0. 0. 0. 0.],4.0,random,1000,100,30,0.7,0.1,0.9,0.1,0.9,300,0.5,1,4,,problem_solving,30
530,-0.0003040355715782971,0.009974,0.010582071143156594,0.524,0.2808626436903494,78.72536269471777,[0.01032297 0.         0.         0.         0.9688874  0.         0.         0.         0.         0.         0.         0.         0.         0.01063514 0.         0.         0.01015449 0.         0.         0.         0.         0.         0.         0.         0.         0.         0.         0.         0.         0.         0.        ],[1. 0. 0. 0. 1. 0. 0. 0. 0. 0. 0. 0. 0. 1. 0. 0. 1. 0. 0. 0. 0. 0. 0. 0. 0. 0. 0. 0. 0. 0. 0.],4.0,random,1000,100,30,0.7,0.1,0.9,0.1,0.9,300,0.5,1,4,,problem_solving,30
540,-0.0003040355715782971,0.009974,0.010582071143156594,0.532,0.27475876419194184,9.410592596832341,[0.01032297 0.         0.         0.         0.9688874  0.         0.         0.         0.         0.         0.         0.         0.         0.01063514 0.         0.         0.01015449 0.         0.         0.         0.         0.         0.         0.         0.         0.         0.         0.         0.         0.         0.        ],[1. 0. 0. 0. 1. 0. 0. 0. 0. 0. 0. 0. 0. 1. 0. 0. 1. 0. 0. 0. 0. 0. 0. 0. 0. 0. 0. 0. 0. 0. 0.],4.0,random,1000,100,30,0.7,0.1,0.9,0.1,0.9,300,0.5,1,4,,problem_solving,30
550,-0.0003040355715782971,0.009974,0.010582071143156594,0.54,0.26878753795222876,-72.15518287931602,[0.01032297 0.         0.         0.         0.9688874  0.         0.         0.         0.         0.         0.         0.         0.         0.01063514 0.         0.         0.01015449 0.         0.         0.         0.         0.         0.         0.         0.         0.         0.         0.         0.         0.         0.        ],[1. 0. 0. 0. 1. 0. 0. 0. 0. 0. 0. 0. 0. 1. 0. 0. 1. 0. 0. 0. 0. 0. 0. 0. 0. 0. 0. 0. 0. 0. 0.],4.0,random,1000,100,30,0.7,0.1,0.9,0.1,0.9,300,0.5,1,4,,problem_solving,30
560,-0.0003040355715782971,0.009974,0.010582071143156594,0.548,0.2629460820691072,-71.89617993454961,[0.01032297 0.         0.         0.         0.9688874  0.         0.         0.         0.         0.         0.         0.         0.         0.01063514 0.         0.         0.01015449 0.         0.         0.         0.         0.         0.         0.         0.         0.         0.         0.         0.         0.         0.        ],[1. 0. 0. 0. 1. 0. 0. 0. 0. 0. 0. 0. 0. 1. 0. 0. 1. 0. 0. 0. 0. 0. 0. 0. 0. 0. 0. 0. 0. 0. 0.],4.0,random,1000,100,30,0.7,0.1,0.9,0.1,0.9,300,0.5,1,4,,problem_solving,30
570,-0.0003040355715782971,0.009974,0.010582071143156594,0.556,0.2572315762934736,20.168685522321834,[0.01032297 0.         0.         0.         0.9688874  0.         0.         0.         0.         0.         0.         0.         0.         0.01063514 0.         0.         0.01015449 0.         0.         0.         0.         0.         0.         0.         0.         0.         0.         0.         0.         0.         0.        ],[1. 0. 0. 0. 1. 0. 0. 0. 0. 0. 0. 0. 0. 1. 0. 0. 1. 0. 0. 0. 0. 0. 0. 0. 0. 0. 0. 0. 0. 0. 0.],4.0,random,1000,100,30,0.7,0.1,0.9,0.1,0.9,300,0.5,1,4,,problem_solving,30
580,-0.0003040355715782971,0.009974,0.010582071143156594,0.5640000000000001,0.2516412616676102,-28.47802736285546,[0.01032297 0.         0.         0.         0.9688874  0.         0.         0.         0.         0.         0.         0.         0.         0.01063514 0.         0.         0.01015449 0.         0.         0.         0.         0.         0.         0.         0.         0.         0.         0.         0.         0.         0.        ],[1. 0. 0. 0. 1. 0. 0. 0. 0. 0. 0. 0. 0. 1. 0. 0. 1. 0. 0. 0. 0. 0. 0. 0. 0. 0. 0. 0. 0. 0. 0.],4.0,random,1000,100,30,0.7,0.1,0.9,0.1,0.9,300,0.5,1,4,,problem_solving,30
590,-0.0003040355715782971,0.009974,0.010582071143156594,0.5720000000000001,0.24617243919316337,36.322576620392816,[0.01032297 0.         0.         0.         0.9688874  0.         0.         0.         0.         0.         0.         0.         0.         0.01063514 0.         0.         0.01015449 0.         0.         0.         0.         0.         0.         0.         0.         0.         0.         0.         0.         0.         0.        ],[1. 0. 0. 0. 1. 0. 0. 0. 0. 0. 0. 0. 0. 1. 0. 0. 1. 0. 0. 0. 0. 0. 0. 0. 0. 0. 0. 0. 0. 0. 0.],4.0,random,1000,100,30,0.7,0.1,0.9,0.1,0.9,300,0.5,1,4,,problem_solving,30
600,-0.0003040355715782971,0.009974,0.010582071143156594,0.5800000000000001,0.2408224685280693,-113.89141629355466,[0.01032297 0.         0.         0.         0.9688874  0.         0.         0.         0.         0.         0.         0.         0.         0.01063514 0.         0.         0.01015449 0.         0.         0.         0.         0.         0.         0.         0.         0.         0.         0.         0.         0.         0.        ],[1. 0. 0. 0. 1. 0. 0. 0. 0. 0. 0. 0. 0. 1. 0. 0. 1. 0. 0. 0. 0. 0. 0. 0. 0. 0. 0. 0. 0. 0. 0.],4.0,random,1000,100,30,0.7,0.1,0.9,0.1,0.9,300,0.5,1,4,,problem_solving,30
610,-0.0003040355715782971,0.009974,0.010582071143156594,0.5880000000000001,0.23558876671179993,97.07214977935173,[0.01032297 0.         0.         0.         0.9688874  0.         0.         0.         0.         0.         0.         0.         0.         0.01063514 0.         0.         0.01015449 0.         0.         0.         0.         0.         0.         0.         0.         0.         0.         0.         0.         0.         0.        ],[1. 0. 0. 0. 1. 0. 0. 0. 0. 0. 0. 0. 0. 1. 0. 0. 1. 0. 0. 0. 0. 0. 0. 0. 0. 0. 0. 0. 0. 0. 0.],4.0,random,1000,100,30,0.7,0.1,0.9,0.1,0.9,300,0.5,1,4,,problem_solving,30
620,-0.0003040355715782971,0.009974,0.010582071143156594,0.596,0.23046880691831206,121.85449488462628,[0.01032297 0.         0.         0.         0.9688874  0.         0.         0.         0.         0.         0.         0.         0.         0.01063514 0.         0.         0.01015449 0.         0.         0.         0.         0.         0.         0.         0.         0.         0.         0.         0.         0.         0.        ],[1. 0. 0. 0. 1. 0. 0. 0. 0. 0. 0. 0. 0. 1. 0. 0. 1. 0. 0. 0. 0. 0. 0. 0. 0. 0. 0. 0. 0. 0. 0.],4.0,random,1000,100,30,0.7,0.1,0.9,0.1,0.9,300,0.5,1,4,,problem_solving,30
630,-0.0003040355715782971,0.009974,0.010582071143156594,0.604,0.22546011723609824,-84.78885030246808,[0.01032297 0.         0.         0.         0.9688874  0.         0.         0.         0.         0.         0.         0.         0.         0.01063514 0.         0.         0.01015449 0.         0.         0.         0.         0.         0.         0.         0.         0.         0.         0.         0.         0.         0.        ],[1. 0. 0. 0. 1. 0. 0. 0. 0. 0. 0. 0. 0. 1. 0. 0. 1. 0. 0. 0. 0. 0. 0. 0. 0. 0. 0. 0. 0. 0. 0.],4.0,random,1000,100,30,0.7,0.1,0.9,0.1,0.9,300,0.5,1,4,,problem_solving,30
640,-0.0003040355715782971,0.009974,0.010582071143156594,0.612,0.22056027947475035,3.607478542593538,[0.01032297 0.         0.         0.         0.9688874  0.         0.         0.         0.         0.         0.         0.         0.         0.01063514 0.         0.         0.01015449 0.         0.         0.         0.         0.         0.         0.         0.         0.         0.         0.         0.         0.         0.        ],[1. 0. 0. 0. 1. 0. 0. 0. 0. 0. 0. 0. 0. 1. 0. 0. 1. 0. 0. 0. 0. 0. 0. 0. 0. 0. 0. 0. 0. 0. 0.],4.0,random,1000,100,30,0.7,0.1,0.9,0.1,0.9,300,0.5,1,4,,problem_solving,30
650,-0.0003040355715782971,0.009974,0.010582071143156594,0.62,0.2157669279974594,-11.099370834453335,[0.01032297 0.         0.         0.         0.9688874  0.         0.         0.         0.         0.         0.         0.         0.         0.01063514 0.         0.         0.01015449 0.         0.         0.         0.         0.         0.         0.         0.         0.         0.         0.         0.         0.         0.        ],[1. 0. 0. 0. 1. 0. 0. 0. 0. 0. 0. 0. 0. 1. 0. 0. 1. 0. 0. 0. 0. 0. 0. 0. 0. 0. 0. 0. 0. 0. 0.],4.0,random,1000,100,30,0.7,0.1,0.9,0.1,0.9,300,0.5,1,4,,problem_solving,30
660,-0.0003040355715782971,0.009974,0.010582071143156594,0.628,0.2110777485788889,8.569369316560739,[0.01032297 0.         0.         0.         0.9688874  0.         0.         0.         0.         0.         0.         0.         0.         0.01063514 0.         0.         0.01015449 0.         0.         0.         0.         0.         0.         0.         0.         0.         0.         0.         0.         0.         0.        ],[1. 0. 0. 0. 1. 0. 0. 0. 0. 0. 0. 0. 0. 1. 0. 0. 1. 0. 0. 0. 0. 0. 0. 0. 0. 0. 0. 0. 0. 0. 0.],4.0,random,1000,100,30,0.7,0.1,0.9,0.1,0.9,300,0.5,1,4,,problem_solving,30
670,-0.0003040355715782971,0.009974,0.010582071143156594,0.636,0.20649047728786893,-60.56495237588944,[0.01032297 0.         0.         0.         0.9688874  0.         0.         0.         0.         0.         0.         0.         0.         0.01063514 0.         0.         0.01015449 0.         0.         0.         0.         0.         0.         0.         0.         0.         0.         0.         0.         0.         0.        ],[1. 0. 0. 0. 1. 0. 0. 0. 0. 0. 0. 0. 0. 1. 0. 0. 1. 0. 0. 0. 0. 0. 0. 0. 0. 0. 0. 0. 0. 0. 0.],4.0,random,1000,100,30,0.7,0.1,0.9,0.1,0.9,300,0.5,1,4,,problem_solving,30
680,-0.0003040355715782971,0.009974,0.010582071143156594,0.644,0.20200289939437233,78.18306594294774,[0.01032297 0.         0.         0.         0.9688874  0.         0.         0.         0.         0.         0.         0.         0.         0.01063514 0.         0.         0.01015449 0.         0.         0.         0.         0.         0.         0.         0.         0.         0.         0.         0.         0.         0.        ],[1. 0. 0. 0. 1. 0. 0. 0. 0. 0. 0. 0. 0. 1. 0. 0. 1. 0. 0. 0. 0. 0. 0. 0. 0. 0. 0. 0. 0. 0. 0.],4.0,random,1000,100,30,0.7,0.1,0.9,0.1,0.9,300,0.5,1,4,,problem_solving,30
690,-0.0003040355715782971,0.009974,0.010582071143156594,0.652,0.1976128483002454,65.67869198720291,[0.01032297 0.         0.         0.         0.9688874  0.         0.         0.         0.         0.         0.         0.         0.         0.01063514 0.         0.         0.01015449 0.         0.         0.         0.         0.         0.         0.         0.         0.         0.         0.         0.         0.         0.        ],[1. 0. 0. 0. 1. 0. 0. 0. 0. 0. 0. 0. 0. 1. 0. 0. 1. 0. 0. 0. 0. 0. 0. 0. 0. 0. 0. 0. 0. 0. 0.],4.0,random,1000,100,30,0.7,0.1,0.9,0.1,0.9,300,0.5,1,4,,problem_solving,30
700,-0.0003040355715782971,0.009974,0.010582071143156594,0.66,0.19331820449317633,-2.0430164313610284,[0.01032297 0.         0.         0.         0.9688874  0.         0.         0.         0.         0.         0.         0.         0.         0.01063514 0.         0.         0.01015449 0.         0.         0.         0.         0.         0.         0.         0.         0.         0.         0.         0.         0.         0.        ],[1. 0. 0. 0. 1. 0. 0. 0. 0. 0. 0. 0. 0. 1. 0. 0. 1. 0. 0. 0. 0. 0. 0. 0. 0. 0. 0. 0. 0. 0. 0.],4.0,random,1000,100,30,0.7,0.1,0.9,0.1,0.9,300,0.5,1,4,,problem_solving,30
710,-0.0003040355715782971,0.009974,0.010582071143156594,0.668,0.18911689452339692,98.41997865073178,[0.01032297 0.         0.         0.         0.9688874  0.         0.         0.         0.         0.         0.         0.         0.         0.01063514 0.         0.         0.01015449 0.         0.         0.         0.         0.         0.         0.         0.         0.         0.         0.         0.         0.         0.        ],[1. 0. 0. 0. 1. 0. 0. 0. 0. 0. 0. 0. 0. 1. 0. 0. 1. 0. 0. 0. 0. 0. 0. 0. 0. 0. 0. 0. 0. 0. 0.],4.0,random,1000,100,30,0.7,0.1,0.9,0.1,0.9,300,0.5,1,4,,problem_solving,30
720,-0.0003040355715782971,0.009974,0.010582071143156594,0.676,0.1850068900026229,8.896911254470373,[0.01032297 0.         0.         0.         0.9688874  0.         0.         0.         0.         0.         0.         0.         0.         0.01063514 0.         0.         0.01015449 0.         0.         0.         0.         0.         0.         0.         0.         0.         0.         0.         0.         0.         0.        ],[1. 0. 0. 0. 1. 0. 0. 0. 0. 0. 0. 0. 0. 1. 0. 0. 1. 0. 0. 0. 0. 0. 0. 0. 0. 0. 0. 0. 0. 0. 0.],4.0,random,1000,100,30,0.7,0.1,0.9,0.1,0.9,300,0.5,1,4,,problem_solving,30
730,-0.0003040355715782971,0.009974,0.010582071143156594,0.684,0.18098620662475023,-20.385944580991843,[0.01032297 0.         0.         0.         0.9688874  0.         0.         0.         0.         0.         0.         0.         0.         0.01063514 0.         0.         0.01015449 0.         0.         0.         0.         0.         0.         0.         0.         0.         0.         0.         0.         0.         0.        ],[1. 0. 0. 0. 1. 0. 0. 0. 0. 0. 0. 0. 0. 1. 0. 0. 1. 0. 0. 0. 0. 0. 0. 0. 0. 0. 0. 0. 0. 0. 0.],4.0,random,1000,100,30,0.7,0.1,0.9,0.1,0.9,300,0.5,1,4,,problem_solving,30
740,-0.0003040355715782971,0.009974,0.010582071143156594,0.6920000000000001,0.177052903207834,6.793402107270956,[0.01032297 0.         0.         0.         0.9688874  0.         0.         0.         0.         0.         0.         0.         0.         0.01063514 0.         0.         0.01015449 0.         0.         0.         0.         0.         0.         0.         0.         0.         0.         0.         0.         0.         0.        ],[1. 0. 0. 0. 1. 0. 0. 0. 0. 0. 0. 0. 0. 1. 0. 0. 1. 0. 0. 0. 0. 0. 0. 0. 0. 0. 0. 0. 0. 0. 0.],4.0,random,1000,100,30,0.7,0.1,0.9,0.1,0.9,300,0.5,1,4,,problem_solving,30
750,-0.0003040355715782971,0.009974,0.010582071143156594,0.7,0.17320508075688776,-30.56196675435462,[0.01032297 0.         0.         0.         0.9688874  0.         0.         0.         0.         0.         0.         0.         0.         0.01063514 0.         0.         0.01015449 0.         0.         0.         0.         0.         0.         0.         0.         0.         0.         0.         0.         0.         0.        ],[1. 0. 0. 0. 1. 0. 0. 0. 0. 0. 0. 0. 0. 1. 0. 0. 1. 0. 0. 0. 0. 0. 0. 0. 0. 0. 0. 0. 0. 0. 0.],4.0,random,1000,100,30,0.7,0.1,0.9,0.1,0.9,300,0.5,1,4,,problem_solving,30
760,-0.0003040355715782971,0.009974,0.010582071143156594,0.708,0.16944088154705061,-11.179577168527507,[0.01032297 0.         0.         0.         0.9688874  0.         0.         0.         0.         0.         0.         0.         0.         0.01063514 0.         0.         0.01015449 0.         0.         0.         0.         0.         0.         0.         0.         0.         0.         0.         0.         0.         0.        ],[1. 0. 0. 0. 1. 0. 0. 0. 0. 0. 0. 0. 0. 1. 0. 0. 1. 0. 0. 0. 0. 0. 0. 0. 0. 0. 0. 0. 0. 0. 0.],4.0,random,1000,100,30,0.7,0.1,0.9,0.1,0.9,300,0.5,1,4,,problem_solving,30
770,-0.0003040355715782971,0.009974,0.010582071143156594,0.716,0.16575848822667935,-28.801575527933736,[0.01032297 0.         0.         0.         0.9688874  0.         0.         0.         0.         0.         0.         0.         0.         0.01063514 0.         0.         0.01015449 0.         0.         0.         0.         0.         0.         0.         0.         0.         0.         0.         0.         0.         0.        ],[1. 0. 0. 0. 1. 0. 0. 0. 0. 0. 0. 0. 0. 1. 0. 0. 1. 0. 0. 0. 0. 0. 0. 0. 0. 0. 0. 0. 0. 0. 0.],4.0,random,1000,100,30,0.7,0.1,0.9,0.1,0.9,300,0.5,1,4,,problem_solving,30
780,-0.0003040355715782971,0.009974,0.010582071143156594,0.724,0.1621561229399332,-58.38691482145653,[0.01032297 0.         0.         0.         0.9688874  0.         0.         0.         0.         0.         0.         0.         0.         0.01063514 0.         0.         0.01015449 0.         0.         0.         0.         0.         0.         0.         0.         0.         0.         0.         0.         0.         0.        ],[1. 0. 0. 0. 1. 0. 0. 0. 0. 0. 0. 0. 0. 1. 0. 0. 1. 0. 0. 0. 0. 0. 0. 0. 0. 0. 0. 0. 0. 0. 0.],4.0,random,1000,100,30,0.7,0.1,0.9,0.1,0.9,300,0.5,1,4,,problem_solving,30
790,-0.0003040355715782971,0.009974,0.010582071143156594,0.732,0.15863204646842655,76.98845053273384,[0.01032297 0.         0.         0.         0.9688874  0.         0.         0.         0.         0.         0.         0.         0.         0.01063514 0.         0.         0.01015449 0.         0.         0.         0.         0.         0.         0.         0.         0.         0.         0.         0.         0.         0.        ],[1. 0. 0. 0. 1. 0. 0. 0. 0. 0. 0. 0. 0. 1. 0. 0. 1. 0. 0. 0. 0. 0. 0. 0. 0. 0. 0. 0. 0. 0. 0.],4.0,random,1000,100,30,0.7,0.1,0.9,0.1,0.9,300,0.5,1,4,,problem_solving,30
800,-0.0003040355715782971,0.009974,0.010582071143156594,0.74,0.15518455739153603,-67.29481587780536,[0.01032297 0.         0.         0.         0.9688874  0.         0.         0.         0.         0.         0.         0.         0.         0.01063514 0.         0.         0.01015449 0.         0.         0.         0.         0.         0.         0.         0.         0.         0.         0.         0.         0.         0.        ],[1. 0. 0. 0. 1. 0. 0. 0. 0. 0. 0. 0. 0. 1. 0. 0. 1. 0. 0. 0. 0. 0. 0. 0. 0. 0. 0. 0. 0. 0. 0.],4.0,random,1000,100,30,0.7,0.1,0.9,0.1,0.9,300,0.5,1,4,,problem_solving,30
810,-0.0003040355715782971,0.009974,0.010582071143156594,0.748,0.15181199126495645,-36.8476292246017,[0.01032297 0.         0.         0.         0.9688874  0.         0.         0.         0.         0.         0.         0.         0.         0.01063514 0.         0.         0.01015449 0.         0.         0.         0.         0.         0.         0.         0.         0.         0.         0.         0.         0.         0.        ],[1. 0. 0. 0. 1. 0. 0. 0. 0. 0. 0. 0. 0. 1. 0. 0. 1. 0. 0. 0. 0. 0. 0. 0. 0. 0. 0. 0. 0. 0. 0.],4.0,random,1000,100,30,0.7,0.1,0.9,0.1,0.9,300,0.5,1,4,,problem_solving,30
820,-0.0003040355715782971,0.009974,0.010582071143156594,0.756,0.14851271981710873,14.171133737397456,[0.01032297 0.         0.         0.         0.9688874  0.         0.         0.         0.         0.         0.         0.         0.         0.01063514 0.         0.         0.01015449 0.         0.         0.         0.         0.         0.         0.         0.         0.         0.         0.         0.         0.         0.        ],[1. 0. 0. 0. 1. 0. 0. 0. 0. 0. 0. 0. 0. 1. 0. 0. 1. 0. 0. 0. 0. 0. 0. 0. 0. 0. 0. 0. 0. 0. 0.],4.0,random,1000,100,30,0.7,0.1,0.9,0.1,0.9,300,0.5,1,4,,problem_solving,30
830,-0.0003040355715782971,0.009974,0.010582071143156594,0.764,0.14528515016301183,-94.07940214012372,[0.01032297 0.         0.         0.         0.9688874  0.         0.         0.         0.         0.         0.         0.         0.         0.01063514 0.         0.         0.01015449 0.         0.         0.         0.         0.         0.         0.         0.         0.         0.         0.         0.         0.         0.        ],[1. 0. 0. 0. 1. 0. 0. 0. 0. 0. 0. 0. 0. 1. 0. 0. 1. 0. 0. 0. 0. 0. 0. 0. 0. 0. 0. 0. 0. 0. 0.],4.0,random,1000,100,30,0.7,0.1,0.9,0.1,0.9,300,0.5,1,4,,problem_solving,30
840,-0.0003040355715782971,0.009974,0.010582071143156594,0.772,0.14212772403523963,-5.33301898209246,[0.01032297 0.         0.         0.         0.9688874  0.         0.         0.         0.         0.         0.         0.         0.         0.01063514 0.         0.         0.01015449 0.         0.         0.         0.         0.         0.         0.         0.         0.         0.         0.         0.         0.         0.        ],[1. 0. 0. 0. 1. 0. 0. 0. 0. 0. 0. 0. 0. 1. 0. 0. 1. 0. 0. 0. 0. 0. 0. 0. 0. 0. 0. 0. 0. 0. 0.],4.0,random,1000,100,30,0.7,0.1,0.9,0.1,0.9,300,0.5,1,4,,problem_solving,30
850,-0.0003040355715782971,0.009974,0.010582071143156594,0.78,0.139038917031591,-54.75733250108715,[0.01032297 0.         0.         0.         0.9688874  0.         0.         0.         0.         0.         0.         0.         0.         0.01063514 0.         0.         0.01015449 0.         0.         0.         0.         0.         0.         0.         0.         0.         0.         0.         0.         0.         0.        ],[1. 0. 0. 0. 1. 0. 0. 0. 0. 0. 0. 0. 0. 1. 0. 0. 1. 0. 0. 0. 0. 0. 0. 0. 0. 0. 0. 0. 0. 0. 0.],4.0,random,1000,100,30,0.7,0.1,0.9,0.1,0.9,300,0.5,1,4,,problem_solving,30
860,-0.0003040355715782971,0.009974,0.010582071143156594,0.788,0.13601723787910963,0.8509491584012323,[0.01032297 0.         0.         0.         0.9688874  0.         0.         0.         0.         0.         0.         0.         0.         0.01063514 0.         0.         0.01015449 0.         0.         0.         0.         0.         0.         0.         0.         0.         0.         0.         0.         0.         0.        ],[1. 0. 0. 0. 1. 0. 0. 0. 0. 0. 0. 0. 0. 1. 0. 0. 1. 0. 0. 0. 0. 0. 0. 0. 0. 0. 0. 0. 0. 0. 0.],4.0,random,1000,100,30,0.7,0.1,0.9,0.1,0.9,300,0.5,1,4,,problem_solving,30
870,-0.0003040355715782971,0.009974,0.010582071143156594,0.796,0.13306122771409937,-84.79160020723283,[0.01032297 0.         0.         0.         0.9688874  0.         0.         0.         0.         0.         0.         0.         0.         0.01063514 0.         0.         0.01015449 0.         0.         0.         0.         0.         0.         0.         0.         0.         0.         0.         0.         0.         0.        ],[1. 0. 0. 0. 1. 0. 0. 0. 0. 0. 0. 0. 0. 1. 0. 0. 1. 0. 0. 0. 0. 0. 0. 0. 0. 0. 0. 0. 0. 0. 0.],4.0,random,1000,100,30,0.7,0.1,0.9,0.1,0.9,300,0.5,1,4,,problem_solving,30
880,-0.0003040355715782971,0.009974,0.010582071143156594,0.804,0.13016945937778596,59.540874178544364,[0.01032297 0.         0.         0.         0.9688874  0.         0.         0.         0.         0.         0.         0.         0.         0.01063514 0.         0.         0.01015449 0.         0.         0.         0.         0.         0.         0.         0.         0.         0.         0.         0.         0.         0.        ],[1. 0. 0. 0. 1. 0. 0. 0. 0. 0. 0. 0. 0. 1. 0. 0. 1. 0. 0. 0. 0. 0. 0. 0. 0. 0. 0. 0. 0. 0. 0.],4.0,random,1000,100,30,0.7,0.1,0.9,0.1,0.9,300,0.5,1,4,,problem_solving,30
890,-0.0003040355715782971,0.009974,0.010582071143156594,0.812,0.1273405367272862,54.691949529587646,[0.01032297 0.         0.         0.         0.9688874  0.         0.         0.         0.         0.         0.         0.         0.         0.01063514 0.         0.         0.01015449 0.         0.         0.         0.         0.         0.         0.         0.         0.         0.         0.         0.         0.         0.        ],[1. 0. 0. 0. 1. 0. 0. 0. 0. 0. 0. 0. 0. 1. 0. 0. 1. 0. 0. 0. 0. 0. 0. 0. 0. 0. 0. 0. 0. 0. 0.],4.0,random,1000,100,30,0.7,0.1,0.9,0.1,0.9,300,0.5,1,4,,problem_solving,30
900,-0.0003040355715782971,0.009974,0.010582071143156594,0.8200000000000001,0.12457309396155179,5.01622484415573,[0.01032297 0.         0.         0.         0.9688874  0.         0.         0.         0.         0.         0.         0.         0.         0.01063514 0.         0.         0.01015449 0.         0.         0.         0.         0.         0.         0.         0.         0.         0.         0.         0.         0.         0.        ],[1. 0. 0. 0. 1. 0. 0. 0. 0. 0. 0. 0. 0. 1. 0. 0. 1. 0. 0. 0. 0. 0. 0. 0. 0. 0. 0. 0. 0. 0. 0.],4.0,random,1000,100,30,0.7,0.1,0.9,0.1,0.9,300,0.5,1,4,,problem_solving,30
910,-0.0003040355715782971,0.009974,0.010582071143156594,0.828,0.12186579496196166,10.088835326339122,[0.01032297 0.         0.         0.         0.9688874  0.         0.         0.         0.         0.         0.         0.         0.         0.01063514 0.         0.         0.01015449 0.         0.         0.         0.         0.         0.         0.         0.         0.         0.         0.         0.         0.         0.        ],[1. 0. 0. 0. 1. 0. 0. 0. 0. 0. 0. 0. 0. 1. 0. 0. 1. 0. 0. 0. 0. 0. 0. 0. 0. 0. 0. 0. 0. 0. 0.],4.0,random,1000,100,30,0.7,0.1,0.9,0.1,0.9,300,0.5,1,4,,problem_solving,30
920,-0.0003040355715782971,0.009974,0.010582071143156594,0.836,0.11921733264724545,18.702605116897693,[0.01032297 0.         0.         0.         0.9688874  0.         0.         0.         0.         0.         0.         0.         0.         0.01063514 0.         0.         0.01015449 0.         0.         0.         0.         0.         0.         0.         0.         0.         0.         0.         0.         0.         0.        ],[1. 0. 0. 0. 1. 0. 0. 0. 0. 0. 0. 0. 0. 1. 0. 0. 1. 0. 0. 0. 0. 0. 0. 0. 0. 0. 0. 0. 0. 0. 0.],4.0,random,1000,100,30,0.7,0.1,0.9,0.1,0.9,300,0.5,1,4,,problem_solving,30
930,-0.0003040355715782971,0.009974,0.010582071143156594,0.844,0.11662642834242573,-5.578260680245002,[0.01032297 0.         0.         0.         0.9688874  0.         0.         0.         0.         0.         0.         0.         0.         0.01063514 0.         0.         0.01015449 0.         0.         0.         0.         0.         0.         0.         0.         0.         0.         0.         0.         0.         0.        ],[1. 0. 0. 0. 1. 0. 0. 0. 0. 0. 0. 0. 0. 1. 0. 0. 1. 0. 0. 0. 0. 0. 0. 0. 0. 0. 0. 0. 0. 0. 0.],4.0,random,1000,100,30,0.7,0.1,0.9,0.1,0.9,300,0.5,1,4,,problem_solving,30
940,-0.0003040355715782971,0.009974,0.010582071143156594,0.852,0.11409183116147535,4.532264040487263,[0.01032297 0.         0.         0.         0.9688874  0.         0.         0.         0.         0.         0.         0.         0.         0.01063514 0.         0.         0.01015449 0.         0.         0.         0.         0.         0.         0.         0.         0.         0.         0.         0.         0.         0.        ],[1. 0. 0. 0. 1. 0. 0. 0. 0. 0. 0. 0. 0. 1. 0. 0. 1. 0. 0. 0. 0. 0. 0. 0. 0. 0. 0. 0. 0. 0. 0.],4.0,random,1000,100,30,0.7,0.1,0.9,0.1,0.9,300,0.5,1,4,,problem_solving,30
950,-0.0003040355715782971,0.009974,0.010582071143156594,0.86,0.11161231740339052,-17.830524147915348,[0.01032297 0.         0.         0.         0.9688874  0.         0.         0.         0.         0.         0.         0.         0.         0.01063514 0.         0.         0.01015449 0.         0.         0.         0.         0.         0.         0.         0.         0.         0.         0.         0.         0.         0.        ],[1. 0. 0. 0. 1. 0. 0. 0. 0. 0. 0. 0. 0. 1. 0. 0. 1. 0. 0. 0. 0. 0. 0. 0. 0. 0. 0. 0. 0. 0. 0.],4.0,random,1000,100,30,0.7,0.1,0.9,0.1,0.9,300,0.5,1,4,,problem_solving,30
960,-0.0003040355715782971,0.009974,0.010582071143156594,0.868,0.10918668996138928,-55.45073476147868,[0.01032297 0.         0.         0.         0.9688874  0.         0.         0.         0.         0.         0.         0.         0.         0.01063514 0.         0.         0.01015449 0.         0.         0.         0.         0.         0.         0.         0.         0.         0.         0.         0.         0.         0.        ],[1. 0. 0. 0. 1. 0. 0. 0. 0. 0. 0. 0. 0. 1. 0. 0. 1. 0. 0. 0. 0. 0. 0. 0. 0. 0. 0. 0. 0. 0. 0.],4.0,random,1000,100,30,0.7,0.1,0.9,0.1,0.9,300,0.5,1,4,,problem_solving,30
970,-0.0003040355715782971,0.009974,0.010582071143156594,0.876,0.10681377774494985,44.64491862436237,[0.01032297 0.         0.         0.         0.9688874  0.         0.         0.         0.         0.         0.         0.         0.         0.01063514 0.         0.         0.01015449 0.         0.         0.         0.         0.         0.         0.         0.         0.         0.         0.         0.         0.         0.        ],[1. 0. 0. 0. 1. 0. 0. 0. 0. 0. 0. 0. 0. 1. 0. 0. 1. 0. 0. 0. 0. 0. 0. 0. 0. 0. 0. 0. 0. 0. 0.],4.0,random,1000,100,30,0.7,0.1,0.9,0.1,0.9,300,0.5,1,4,,problem_solving,30
980,-0.0003040355715782971,0.009974,0.010582071143156594,0.884,0.10449243511440878,53.064417123041046,[0.01032297 0.         0.         0.         0.9688874  0.         0.         0.         0.         0.         0.         0.         0.         0.01063514 0.         0.         0.01015449 0.         0.         0.         0.         0.         0.         0.         0.         0.         0.         0.         0.         0.         0.        ],[1. 0. 0. 0. 1. 0. 0. 0. 0. 0. 0. 0. 0. 1. 0. 0. 1. 0. 0. 0. 0. 0. 0. 0. 0. 0. 0. 0. 0. 0. 0.],4.0,random,1000,100,30,0.7,0.1,0.9,0.1,0.9,300,0.5,1,4,,problem_solving,30
990,-0.0003040355715782971,0.009974,0.010582071143156594,0.892,0.10222154132784776,0.8475653349426732,[0.01032297 0.         0.         0.         0.9688874  0.         0.         0.         0.         0.         0.         0.         0.         0.01063514 0.         0.         0.01015449 0.         0.         0.         0.         0.         0.         0.         0.         0.         0.         0.         0.         0.         0.        ],[1. 0. 0. 0. 1. 0. 0. 0. 0. 0. 0. 0. 0. 1. 0. 0. 1. 0. 0. 0. 0. 0. 0. 0. 0. 0. 0. 0. 0. 0. 0.],4.0,random,1000,100,30,0.7,0.1,0.9,0.1,0.9,300,0.5,1,4,,problem_solving,30
999,-0.0003040355715782971,0.009974,0.010582071143156594,0.8992,0.10021996402441886,-54.559560356475394,[0.01032297 0.         0.         0.         0.9688874  0.         0.         0.         0.         0.         0.         0.         0.         0.01063514 0.         0.         0.01015449 0.         0.         0.         0.         0.         0.         0.         0.         0.         0.         0.         0.         0.         0.        ],[1. 0. 0. 0. 1. 0. 0. 0. 0. 0. 0. 0. 0. 1. 0. 0. 1. 0. 0. 0. 0. 0. 0. 0. 0. 0. 0. 0. 0. 0. 0.],4.0,random,1000,100,30,0.7,0.1,0.9,0.1,0.9,300,0.5,1,4,,problem_solving,30
