iter,cost,risk,return,par,bw,move,X,Z,Q,pop_init,max_iter,pop_size,mem_size,mem_consider,par_min,par_max,bw_min,bw_max,sigma,lambda,port_n,k,seed,tag,local_search
1,-0.006323698929527352,0.095516,0.008402060132170767,0.50004,0.8999471007548476,1.9023628867157611,[0.         0.         0.         0.         0.91485947 0.         0.02068132 0.         0.         0.         0.0157736  0.         0.         0.         0.         0.         0.         0.         0.01473032 0.         0.         0.01473032 0.01922498 0.         0.         0.         0.         0.         0.         0.         0.        ],[0. 0. 0. 0. 1. 0. 1. 0. 0. 0. 1. 0. 0. 0. 0. 0. 0. 0. 1. 0. 0. 1. 1. 0. 0. 0. 0. 0. 0. 0. 0.],6.0,best,10000,100000,100,0.9,0.5,0.9,0.5,0.9,1,0.02,1,6,,problem_solving,10
100,-0.009158682655891703,0.143976,0.006965884323637601,0.504,0.894725436791504,-0.2589402007849662,[0.         0.         0.0323244  0.01466739 0.88242091 0.         0.         0.         0.0232167  0.         0.         0.         0.         0.         0.         0.         0.         0.         0.         0.         0.         0.         0.         0.         0.02075934 0.02661125 0.         0.         0.         0.         0.        ],[0. 0. 1. 1. 1. 0. 0. 0. 1. 0. 0. 0. 0. 0. 0. 0. 0. 0. 0. 0. 0. 0. 0. 0. 1. 1. 0. 0. 0. 0. 0.],6.0,best,10000,100000,100,0.9,0.5,0.9,0.5,0.9,1,0.02,1,6,,problem_solving,10
200,-0.009158682655891703,0.143976,0.006965884323637601,0.508,0.8894817858241639,0.27429362661259504,[0.         0.         0.0323244  0.01466739 0.88242091 0.         0.         0.         0.0232167  0.         0.         0.         0.         0.         0.         0.         0.         0.         0.         0.         0.         0.         0.         0.         0.02075934 0.02661125 0.         0.         0.         0.         0.        ],[0. 0. 1. 1. 1. 0. 0. 0. 1. 0. 0. 0. 0. 0. 0. 0. 0. 0. 0. 0. 0. 0. 0. 0. 1. 1. 0. 0. 0. 0. 0.],6.0,best,10000,100000,100,0.9,0.5,0.9,0.5,0.9,1,0.02,1,6,,problem_solving,10
300,-0.009241976747402595,0.124336,0.007743098743749828,0.512,0.8842688659329022,0.5277117812799066,[0.         0.         0.         0.         0.89306724 0.         0.         0.         0.         0.01359888 0.         0.         0.         0.         0.         0.01359888 0.         0.         0.         0.         0.         0.         0.         0.         0.02470361 0.03507231 0.         0.         0.         0.01995908 0.        ],[0. 0. 0. 0. 1. 0. 0. 0. 0. 1. 0. 0. 0. 0. 0. 1. 0. 0. 0. 0. 0. 0. 0. 0. 1. 1. 0. 0. 0. 1. 0.],6.0,best,10000,100000,100,0.9,0.5,0.9,0.5,0.9,1,0.02,1,6,,problem_solving,10
400,-0.009242942191133415,0.147643,0.00701970292522312,0.516,0.879086497014382,-1.9745632327166707,[0.         0.         0.         0.01601243 0.89333945 0.         0.         0.03287434 0.         0.         0.02574892 0.         0.         0.         0.         0.         0.01601243 0.         0.         0.         0.         0.         0.         0.         0.         0.         0.         0.01601243 0.         0.         0.        ],[0. 0. 0. 1. 1. 0. 0. 1. 0. 0. 1. 0. 0. 0. 0. 0. 1. 0. 0. 0. 0. 0. 0. 0. 0. 0. 0. 1. 0. 0. 0.],6.0,best,10000,100000,100,0.9,0.5,0.9,0.5,0.9,1,0.02,1,6,,problem_solving,10
500,-0.009242942191133415,0.147643,0.00701970292522312,0.52,0.8739345000207845,-1.0437664757834486,[0.         0.         0.         0.01601243 0.89333945 0.         0.         0.03287434 0.         0.         0.02574892 0.         0.         0.         0.         0.         0.01601243 0.         0.         0.         0.         0.         0.         0.         0.         0.         0.         0.01601243 0.         0.         0.        ],[0. 0. 0. 1. 1. 0. 0. 1. 0. 0. 1. 0. 0. 0. 0. 0. 1. 0. 0. 0. 0. 0. 0. 0. 0. 0. 0. 1. 0. 0. 0.],6.0,best,10000,100000,100,0.9,0.5,0.9,0.5,0.9,1,0.02,1,6,,problem_solving,10
600,-0.009338845250168794,0.133539,0.007361817731116832,0.524,0.8688126969536234,0.5291832828567667,[0.         0.01456306 0.01456306 0.         0.91009561 0.         0.         0.         0.         0.         0.03165214 0.         0.         0.         0.         0.         0.01456306 0.         0.         0.         0.         0.         0.         0.         0.         0.         0.01456306 0.         0.         0.         0.        ],[0. 1. 1. 0. 1. 0. 0. 0. 0. 0. 1. 0. 0. 0. 0. 0. 1. 0. 0. 0. 0. 0. 0. 0. 0. 0. 1. 0. 0. 0. 0.],6.0,best,10000,100000,100,0.9,0.5,0.9,0.5,0.9,1,0.02,1,6,,problem_solving,10
700,-0.009338845250168794,0.133539,0.007361817731116832,0.528,0.8637209108575947,0.2708850332558864,[0.         0.01456306 0.01456306 0.         0.91009561 0.         0.         0.         0.         0.         0.03165214 0.         0.         0.         0.         0.         0.01456306 0.         0.         0.         0.         0.         0.         0.         0.         0.         0.01456306 0.         0.         0.         0.        ],[0. 1. 1. 0. 1. 0. 0. 0. 0. 0. 1. 0. 0. 0. 0. 0. 1. 0. 0. 0. 0. 0. 0. 0. 0. 0. 1. 0. 0. 0. 0.],6.0,best,10000,100000,100,0.9,0.5,0.9,0.5,0.9,1,0.02,1,6,,problem_solving,10
800,-0.00937274894630869,0.119923,0.007275713747099056,0.532,0.8586589658144633,0.5504288309097856,[0.0134019  0.         0.         0.0267365  0.89362697 0.         0.         0.         0.03316137 0.         0.         0.         0.         0.         0.         0.         0.         0.         0.         0.         0.         0.         0.         0.         0.         0.         0.         0.         0.0148265  0.         0.01824676],[1. 0. 0. 1. 1. 0. 0. 0. 1. 0. 0. 0. 0. 0. 0. 0. 0. 0. 0. 0. 0. 0. 0. 0. 0. 0. 0. 0. 1. 0. 1.],6.0,best,10000,100000,100,0.9,0.5,0.9,0.5,0.9,1,0.02,1,6,,problem_solving,10
900,-0.00937274894630869,0.119923,0.007275713747099056,0.536,0.8536266869369854,1.044807424793203,[0.0134019  0.         0.         0.0267365  0.89362697 0.         0.         0.         0.03316137 0.         0.         0.         0.         0.         0.         0.         0.         0.         0.         0.         0.         0.         0.         0.         0.         0.         0.         0.         0.0148265  0.         0.01824676],[1. 0. 0. 1. 1. 0. 0. 0. 1. 0. 0. 0. 0. 0. 0. 0. 0. 0. 0. 0. 0. 0. 0. 0. 0. 0. 0. 0. 1. 0. 1.],6.0,best,10000,100000,100,0.9,0.5,0.9,0.5,0.9,1,0.02,1,6,,problem_solving,10
1000,-0.00937274894630869,0.119923,0.007275713747099056,0.54,0.8486239003628652,1.1903438136801994,[0.0134019  0.         0.         0.0267365  0.89362697 0.         0.         0.         0.03316137 0.         0.         0.         0.         0.         0.         0.         0.         0.         0.         0.         0.         0.         0.         0.         0.         0.         0.         0.         0.0148265  0.         0.01824676],[1. 0. 0. 1. 1. 0. 0. 0. 1. 0. 0. 0. 0. 0. 0. 0. 0. 0. 0. 0. 0. 0. 0. 0. 0. 0. 0. 0. 1. 0. 1.],6.0,best,10000,100000,100,0.9,0.5,0.9,0.5,0.9,1,0.02,1,6,,problem_solving,10
1100,-0.00937274894630869,0.119923,0.007275713747099056,0.544,0.8436504332487491,-0.2871815552966205,[0.0134019  0.         0.         0.0267365  0.89362697 0.         0.         0.         0.03316137 0.         0.         0.         0.         0.         0.         0.         0.         0.         0.         0.         0.         0.         0.         0.         0.         0.         0.         0.         0.0148265  0.         0.01824676],[1. 0. 0. 1. 1. 0. 0. 0. 1. 0. 0. 0. 0. 0. 0. 0. 0. 0. 0. 0. 0. 0. 0. 0. 0. 0. 0. 0. 1. 0. 1.],6.0,best,10000,100000,100,0.9,0.5,0.9,0.5,0.9,1,0.02,1,6,,problem_solving,10
1200,-0.00937274894630869,0.119923,0.007275713747099056,0.548,0.838706113764254,0.21925116504871775,[0.0134019  0.         0.         0.0267365  0.89362697 0.         0.         0.         0.03316137 0.         0.         0.         0.         0.         0.         0.         0.         0.         0.         0.         0.         0.         0.         0.         0.         0.         0.         0.         0.0148265  0.         0.01824676],[1. 0. 0. 1. 1. 0. 0. 0. 1. 0. 0. 0. 0. 0. 0. 0. 0. 0. 0. 0. 0. 0. 0. 0. 0. 0. 0. 0. 1. 0. 1.],6.0,best,10000,100000,100,0.9,0.5,0.9,0.5,0.9,1,0.02,1,6,,problem_solving,10
1300,-0.00937274894630869,0.119923,0.007275713747099056,0.552,0.83379077108603,-0.4138852757548951,[0.0134019  0.         0.         0.0267365  0.89362697 0.         0.         0.         0.03316137 0.         0.         0.         0.         0.         0.         0.         0.         0.         0.         0.         0.         0.         0.         0.         0.         0.         0.         0.         0.0148265  0.         0.01824676],[1. 0. 0. 1. 1. 0. 0. 0. 1. 0. 0. 0. 0. 0. 0. 0. 0. 0. 0. 0. 0. 0. 0. 0. 0. 0. 0. 0. 1. 0. 1.],6.0,best,10000,100000,100,0.9,0.5,0.9,0.5,0.9,1,0.02,1,6,,problem_solving,10
1400,-0.00937274894630869,0.119923,0.007275713747099056,0.556,0.828904235391859,-0.5953313810481357,[0.0134019  0.         0.         0.0267365  0.89362697 0.         0.         0.         0.03316137 0.         0.         0.         0.         0.         0.         0.         0.         0.         0.         0.         0.         0.         0.         0.         0.         0.         0.         0.         0.0148265  0.         0.01824676],[1. 0. 0. 1. 1. 0. 0. 0. 1. 0. 0. 0. 0. 0. 0. 0. 0. 0. 0. 0. 0. 0. 0. 0. 0. 0. 0. 0. 1. 0. 1.],6.0,best,10000,100000,100,0.9,0.5,0.9,0.5,0.9,1,0.02,1,6,,problem_solving,10
1500,-0.00937274894630869,0.119923,0.007275713747099056,0.56,0.8240463378547873,0.06323337499358452,[0.0134019  0.         0.         0.0267365  0.89362697 0.         0.         0.         0.03316137 0.         0.         0.         0.         0.         0.         0.         0.         0.         0.         0.         0.         0.         0.         0.         0.         0.         0.         0.         0.0148265  0.         0.01824676],[1. 0. 0. 1. 1. 0. 0. 0. 1. 0. 0. 0. 0. 0. 0. 0. 0. 0. 0. 0. 0. 0. 0. 0. 0. 0. 0. 0. 1. 0. 1.],6.0,best,10000,100000,100,0.9,0.5,0.9,0.5,0.9,1,0.02,1,6,,problem_solving,10
1600,-0.009411001926568331,0.114448,0.0064474496607584,0.5640000000000001,0.8192169106372932,-0.5428440851008192,[0.         0.         0.         0.         0.91761026 0.         0.01411668 0.         0.         0.01411668 0.         0.         0.         0.01699065 0.         0.         0.         0.         0.01858287 0.         0.         0.         0.         0.         0.01858287 0.         0.         0.         0.         0.         0.        ],[0. 0. 0. 0. 1. 0. 1. 0. 0. 1. 0. 0. 0. 1. 0. 0. 0. 0. 1. 0. 0. 0. 0. 0. 1. 0. 0. 0. 0. 0. 0.],6.0,best,10000,100000,100,0.9,0.5,0.9,0.5,0.9,1,0.02,1,6,,problem_solving,10
1700,-0.009411001926568331,0.114448,0.0064474496607584,0.5680000000000001,0.8144157868854872,-0.3745430389134871,[0.         0.         0.         0.         0.91761026 0.         0.01411668 0.         0.         0.01411668 0.         0.         0.         0.01699065 0.         0.         0.         0.         0.01858287 0.         0.         0.         0.         0.         0.01858287 0.         0.         0.         0.         0.         0.        ],[0. 0. 0. 0. 1. 0. 1. 0. 0. 1. 0. 0. 0. 1. 0. 0. 0. 0. 1. 0. 0. 0. 0. 0. 1. 0. 0. 0. 0. 0. 0.],6.0,best,10000,100000,100,0.9,0.5,0.9,0.5,0.9,1,0.02,1,6,,problem_solving,10
1800,-0.00961421782437482,0.151271,0.007189176385616334,0.5720000000000001,0.8096428007233489,0.21702455573582433,[0.         0.         0.         0.         0.9181444  0.         0.         0.         0.01490626 0.         0.         0.         0.         0.         0.01490626 0.         0.         0.01490626 0.         0.         0.         0.01626334 0.         0.         0.         0.         0.         0.         0.02087347 0.         0.        ],[0. 0. 0. 0. 1. 0. 0. 0. 1. 0. 0. 0. 0. 0. 1. 0. 0. 1. 0. 0. 0. 1. 0. 0. 0. 0. 0. 0. 1. 0. 0.],6.0,best,10000,100000,100,0.9,0.5,0.9,0.5,0.9,1,0.02,1,6,,problem_solving,10
1900,-0.009657171041319183,0.105133,0.006125867183121408,0.5760000000000001,0.8048977872469943,1.1475907094414752,[0.         0.         0.         0.         0.92578462 0.         0.         0.         0.         0.         0.         0.         0.         0.         0.         0.01331602 0.         0.         0.         0.         0.         0.         0.         0.01331602 0.01509165 0.01331602 0.         0.         0.         0.         0.01917566],[0. 0. 0. 0. 1. 0. 0. 0. 0. 0. 0. 0. 0. 0. 0. 1. 0. 0. 0. 0. 0. 0. 0. 1. 1. 1. 0. 0. 0. 0. 1.],6.0,best,10000,100000,100,0.9,0.5,0.9,0.5,0.9,1,0.02,1,6,,problem_solving,10
2000,-0.009657171041319183,0.105133,0.006125867183121408,0.58,0.80018058251898,-1.2858321026419792,[0.         0.         0.         0.         0.92578462 0.         0.         0.         0.         0.         0.         0.         0.         0.         0.         0.01331602 0.         0.         0.         0.         0.         0.         0.         0.01331602 0.01509165 0.01331602 0.         0.         0.         0.         0.01917566],[0. 0. 0. 0. 1. 0. 0. 0. 0. 0. 0. 0. 0. 0. 0. 1. 0. 0. 0. 0. 0. 0. 0. 1. 1. 1. 0. 0. 0. 0. 1.],6.0,best,10000,100000,100,0.9,0.5,0.9,0.5,0.9,1,0.02,1,6,,problem_solving,10
2100,-0.009657171041319183,0.105133,0.006125867183121408,0.584,0.7954910235626383,0.48590788719963174,[0.         0.         0.         0.         0.92578462 0.         0.         0.         0.         0.         0.         0.         0.         0.         0.         0.01331602 0.         0.         0.         0.         0.         0.         0.         0.01331602 0.01509165 0.01331602 0.         0.         0.         0.         0.01917566],[0. 0. 0. 0. 1. 0. 0. 0. 0. 0. 0. 0. 0. 0. 0. 1. 0. 0. 0. 0. 0. 0. 0. 1. 1. 1. 0. 0. 0. 0. 1.],6.0,best,10000,100000,100,0.9,0.5,0.9,0.5,0.9,1,0.02,1,6,,problem_solving,10
2200,-0.009657171041319183,0.105133,0.006125867183121408,0.588,0.7908289483564468,-1.4533718251336518,[0.         0.         0.         0.         0.92578462 0.         0.         0.         0.         0.         0.         0.         0.         0.         0.         0.01331602 0.         0.         0.         0.         0.         0.         0.         0.01331602 0.01509165 0.01331602 0.         0.         0.         0.         0.01917566],[0. 0. 0. 0. 1. 0. 0. 0. 0. 0. 0. 0. 0. 0. 0. 1. 0. 0. 0. 0. 0. 0. 0. 1. 1. 1. 0. 0. 0. 0. 1.],6.0,best,10000,100000,100,0.9,0.5,0.9,0.5,0.9,1,0.02,1,6,,problem_solving,10
2300,-0.009657171041319183,0.105133,0.006125867183121408,0.592,0.7861941958284306,0.3925326745175371,[0.         0.         0.         0.         0.92578462 0.         0.         0.         0.         0.         0.         0.         0.         0.         0.         0.01331602 0.         0.         0.         0.         0.         0.         0.         0.01331602 0.01509165 0.01331602 0.         0.         0.         0.         0.01917566],[0. 0. 0. 0. 1. 0. 0. 0. 0. 0. 0. 0. 0. 0. 0. 1. 0. 0. 0. 0. 0. 0. 0. 1. 1. 1. 0. 0. 0. 0. 1.],6.0,best,10000,100000,100,0.9,0.5,0.9,0.5,0.9,1,0.02,1,6,,problem_solving,10
2400,-0.009657171041319183,0.105133,0.006125867183121408,0.596,0.7815866058505976,-0.011816197574420857,[0.         0.         0.         0.         0.92578462 0.         0.         0.         0.         0.         0.         0.         0.         0.         0.         0.01331602 0.         0.         0.         0.         0.         0.         0.         0.01331602 0.01509165 0.01331602 0.         0.         0.         0.         0.01917566],[0. 0. 0. 0. 1. 0. 0. 0. 0. 0. 0. 0. 0. 0. 0. 1. 0. 0. 0. 0. 0. 0. 0. 1. 1. 1. 0. 0. 0. 0. 1.],6.0,best,10000,100000,100,0.9,0.5,0.9,0.5,0.9,1,0.02,1,6,,problem_solving,10
2500,-0.009657171041319183,0.105133,0.006125867183121408,0.6,0.7770060192334055,0.519504002599446,[0.         0.         0.         0.         0.92578462 0.         0.         0.         0.         0.         0.         0.         0.         0.         0.         0.01331602 0.         0.         0.         0.         0.         0.         0.         0.01331602 0.01509165 0.01331602 0.         0.         0.         0.         0.01917566],[0. 0. 0. 0. 1. 0. 0. 0. 0. 0. 0. 0. 0. 0. 0. 1. 0. 0. 0. 0. 0. 0. 0. 1. 1. 1. 0. 0. 0. 0. 1.],6.0,best,10000,100000,100,0.9,0.5,0.9,0.5,0.9,1,0.02,1,6,,problem_solving,10
2600,-0.009657171041319183,0.105133,0.006125867183121408,0.604,0.7724522777202627,-0.9724199045138316,[0.         0.         0.         0.         0.92578462 0.         0.         0.         0.         0.         0.         0.         0.         0.         0.         0.01331602 0.         0.         0.         0.         0.         0.         0.         0.01331602 0.01509165 0.01331602 0.         0.         0.         0.         0.01917566],[0. 0. 0. 0. 1. 0. 0. 0. 0. 0. 0. 0. 0. 0. 0. 1. 0. 0. 0. 0. 0. 0. 0. 1. 1. 1. 0. 0. 0. 0. 1.],6.0,best,10000,100000,100,0.9,0.5,0.9,0.5,0.9,1,0.02,1,6,,problem_solving,10
2700,-0.009657171041319183,0.105133,0.006125867183121408,0.608,0.7679252239820602,0.030499990822665853,[0.         0.         0.         0.         0.92578462 0.         0.         0.         0.         0.         0.         0.         0.         0.         0.         0.01331602 0.         0.         0.         0.         0.         0.         0.         0.01331602 0.01509165 0.01331602 0.         0.         0.         0.         0.01917566],[0. 0. 0. 0. 1. 0. 0. 0. 0. 0. 0. 0. 0. 0. 0. 1. 0. 0. 0. 0. 0. 0. 0. 1. 1. 1. 0. 0. 0. 0. 1.],6.0,best,10000,100000,100,0.9,0.5,0.9,0.5,0.9,1,0.02,1,6,,problem_solving,10
2800,-0.009657171041319183,0.105133,0.006125867183121408,0.612,0.7634247016117359,-0.03021036901334151,[0.         0.         0.         0.         0.92578462 0.         0.         0.         0.         0.         0.         0.         0.         0.         0.         0.01331602 0.         0.         0.         0.         0.         0.         0.         0.01331602 0.01509165 0.01331602 0.         0.         0.         0.         0.01917566],[0. 0. 0. 0. 1. 0. 0. 0. 0. 0. 0. 0. 0. 0. 0. 1. 0. 0. 0. 0. 0. 0. 0. 1. 1. 1. 0. 0. 0. 0. 1.],6.0,best,10000,100000,100,0.9,0.5,0.9,0.5,0.9,1,0.02,1,6,,problem_solving,10
2900,-0.009657171041319183,0.105133,0.006125867183121408,0.616,0.758950555118871,0.0034738020885129797,[0.         0.         0.         0.         0.92578462 0.         0.         0.         0.         0.         0.         0.         0.         0.         0.         0.01331602 0.         0.         0.         0.         0.         0.         0.         0.01331602 0.01509165 0.01331602 0.         0.         0.         0.         0.01917566],[0. 0. 0. 0. 1. 0. 0. 0. 0. 0. 0. 0. 0. 0. 0. 1. 0. 0. 0. 0. 0. 0. 0. 1. 1. 1. 0. 0. 0. 0. 1.],6.0,best,10000,100000,100,0.9,0.5,0.9,0.5,0.9,1,0.02,1,6,,problem_solving,10
3000,-0.009657171041319183,0.105133,0.006125867183121408,0.62,0.754502629924318,0.8944126504614304,[0.         0.         0.         0.         0.92578462 0.         0.         0.         0.         0.         0.         0.         0.         0.         0.         0.01331602 0.         0.         0.         0.         0.         0.         0.         0.01331602 0.01509165 0.01331602 0.         0.         0.         0.         0.01917566],[0. 0. 0. 0. 1. 0. 0. 0. 0. 0. 0. 0. 0. 0. 0. 1. 0. 0. 0. 0. 0. 0. 0. 1. 1. 1. 0. 0. 0. 0. 1.],6.0,best,10000,100000,100,0.9,0.5,0.9,0.5,0.9,1,0.02,1,6,,problem_solving,10
3100,-0.009657171041319183,0.105133,0.006125867183121408,0.624,0.7500807723548599,0.3577430195136831,[0.         0.         0.         0.         0.92578462 0.         0.         0.         0.         0.         0.         0.         0.         0.         0.         0.01331602 0.         0.         0.         0.         0.         0.         0.         0.01331602 0.01509165 0.01331602 0.         0.         0.         0.         0.01917566],[0. 0. 0. 0. 1. 0. 0. 0. 0. 0. 0. 0. 0. 0. 0. 1. 0. 0. 0. 0. 0. 0. 0. 1. 1. 1. 0. 0. 0. 0. 1.],6.0,best,10000,100000,100,0.9,0.5,0.9,0.5,0.9,1,0.02,1,6,,problem_solving,10
3200,-0.009657171041319183,0.105133,0.006125867183121408,0.628,0.7456848296379007,-0.47613788210207275,[0.         0.         0.         0.         0.92578462 0.         0.         0.         0.         0.         0.         0.         0.         0.         0.         0.01331602 0.         0.         0.         0.         0.         0.         0.         0.01331602 0.01509165 0.01331602 0.         0.         0.         0.         0.01917566],[0. 0. 0. 0. 1. 0. 0. 0. 0. 0. 0. 0. 0. 0. 0. 1. 0. 0. 0. 0. 0. 0. 0. 1. 1. 1. 0. 0. 0. 0. 1.],6.0,best,10000,100000,100,0.9,0.5,0.9,0.5,0.9,1,0.02,1,6,,problem_solving,10
3300,-0.009657171041319183,0.105133,0.006125867183121408,0.632,0.7413146498961878,-1.035608103539284,[0.         0.         0.         0.         0.92578462 0.         0.         0.         0.         0.         0.         0.         0.         0.         0.         0.01331602 0.         0.         0.         0.         0.         0.         0.         0.01331602 0.01509165 0.01331602 0.         0.         0.         0.         0.01917566],[0. 0. 0. 0. 1. 0. 0. 0. 0. 0. 0. 0. 0. 0. 0. 1. 0. 0. 0. 0. 0. 0. 0. 1. 1. 1. 0. 0. 0. 0. 1.],6.0,best,10000,100000,100,0.9,0.5,0.9,0.5,0.9,1,0.02,1,6,,problem_solving,10
3400,-0.009657171041319183,0.105133,0.006125867183121408,0.636,0.7369700821425638,0.9587953506439452,[0.         0.         0.         0.         0.92578462 0.         0.         0.         0.         0.         0.         0.         0.         0.         0.         0.01331602 0.         0.         0.         0.         0.         0.         0.         0.01331602 0.01509165 0.01331602 0.         0.         0.         0.         0.01917566],[0. 0. 0. 0. 1. 0. 0. 0. 0. 0. 0. 0. 0. 0. 0. 1. 0. 0. 0. 0. 0. 0. 0. 1. 1. 1. 0. 0. 0. 0. 1.],6.0,best,10000,100000,100,0.9,0.5,0.9,0.5,0.9,1,0.02,1,6,,problem_solving,10
3500,-0.009657171041319183,0.105133,0.006125867183121408,0.64,0.7326509762747511,-1.1379788795900716,[0.         0.         0.         0.         0.92578462 0.         0.         0.         0.         0.         0.         0.         0.         0.         0.         0.01331602 0.         0.         0.         0.         0.         0.         0.         0.01331602 0.01509165 0.01331602 0.         0.         0.         0.         0.01917566],[0. 0. 0. 0. 1. 0. 0. 0. 0. 0. 0. 0. 0. 0. 0. 1. 0. 0. 0. 0. 0. 0. 0. 1. 1. 1. 0. 0. 0. 0. 1.],6.0,best,10000,100000,100,0.9,0.5,0.9,0.5,0.9,1,0.02,1,6,,problem_solving,10
3600,-0.009657171041319183,0.105133,0.006125867183121408,0.644,0.7283571830701648,0.7111613040231356,[0.         0.         0.         0.         0.92578462 0.         0.         0.         0.         0.         0.         0.         0.         0.         0.         0.01331602 0.         0.         0.         0.         0.         0.         0.         0.01331602 0.01509165 0.01331602 0.         0.         0.         0.         0.01917566],[0. 0. 0. 0. 1. 0. 0. 0. 0. 0. 0. 0. 0. 0. 0. 1. 0. 0. 0. 0. 0. 0. 0. 1. 1. 1. 0. 0. 0. 0. 1.],6.0,best,10000,100000,100,0.9,0.5,0.9,0.5,0.9,1,0.02,1,6,,problem_solving,10
3700,-0.009657171041319183,0.105133,0.006125867183121408,0.648,0.7240885541807586,-0.17770560590616866,[0.         0.         0.         0.         0.92578462 0.         0.         0.         0.         0.         0.         0.         0.         0.         0.         0.01331602 0.         0.         0.         0.         0.         0.         0.         0.01331602 0.01509165 0.01331602 0.         0.         0.         0.         0.01917566],[0. 0. 0. 0. 1. 0. 0. 0. 0. 0. 0. 0. 0. 0. 0. 1. 0. 0. 0. 0. 0. 0. 0. 1. 1. 1. 0. 0. 0. 0. 1.],6.0,best,10000,100000,100,0.9,0.5,0.9,0.5,0.9,1,0.02,1,6,,problem_solving,10
3800,-0.009657171041319183,0.105133,0.006125867183121408,0.652,0.7198449421278975,-1.4007923532615947,[0.         0.         0.         0.         0.92578462 0.         0.         0.         0.         0.         0.         0.         0.         0.         0.         0.01331602 0.         0.         0.         0.         0.         0.         0.         0.01331602 0.01509165 0.01331602 0.         0.         0.         0.         0.01917566],[0. 0. 0. 0. 1. 0. 0. 0. 0. 0. 0. 0. 0. 0. 0. 1. 0. 0. 0. 0. 0. 0. 0. 1. 1. 1. 0. 0. 0. 0. 1.],6.0,best,10000,100000,100,0.9,0.5,0.9,0.5,0.9,1,0.02,1,6,,problem_solving,10
3900,-0.009657171041319183,0.105133,0.006125867183121408,0.656,0.7156262002972644,-0.4745403677043078,[0.         0.         0.         0.         0.92578462 0.         0.         0.         0.         0.         0.         0.         0.         0.         0.         0.01331602 0.         0.         0.         0.         0.         0.         0.         0.01331602 0.01509165 0.01331602 0.         0.         0.         0.         0.01917566],[0. 0. 0. 0. 1. 0. 0. 0. 0. 0. 0. 0. 0. 0. 0. 1. 0. 0. 0. 0. 0. 0. 0. 1. 1. 1. 0. 0. 0. 0. 1.],6.0,best,10000,100000,100,0.9,0.5,0.9,0.5,0.9,1,0.02,1,6,,problem_solving,10
4000,-0.009657171041319183,0.105133,0.006125867183121408,0.66,0.7114321829337936,-0.4321596037544763,[0.         0.         0.         0.         0.92578462 0.         0.         0.         0.         0.         0.         0.         0.         0.         0.         0.01331602 0.         0.         0.         0.         0.         0.         0.         0.01331602 0.01509165 0.01331602 0.         0.         0.         0.         0.01917566],[0. 0. 0. 0. 1. 0. 0. 0. 0. 0. 0. 0. 0. 0. 0. 1. 0. 0. 0. 0. 0. 0. 0. 1. 1. 1. 0. 0. 0. 0. 1.],6.0,best,10000,100000,100,0.9,0.5,0.9,0.5,0.9,1,0.02,1,6,,problem_solving,10
4100,-0.009657171041319183,0.105133,0.006125867183121408,0.664,0.707262745136635,0.04915203578313338,[0.         0.         0.         0.         0.92578462 0.         0.         0.         0.         0.         0.         0.         0.         0.         0.         0.01331602 0.         0.         0.         0.         0.         0.         0.         0.01331602 0.01509165 0.01331602 0.         0.         0.         0.         0.01917566],[0. 0. 0. 0. 1. 0. 0. 0. 0. 0. 0. 0. 0. 0. 0. 1. 0. 0. 0. 0. 0. 0. 0. 1. 1. 1. 0. 0. 0. 0. 1.],6.0,best,10000,100000,100,0.9,0.5,0.9,0.5,0.9,1,0.02,1,6,,problem_solving,10
4200,-0.009657171041319183,0.105133,0.006125867183121408,0.668,0.7031177428541489,0.1683499457527605,[0.         0.         0.         0.         0.92578462 0.         0.         0.         0.         0.         0.         0.         0.         0.         0.         0.01331602 0.         0.         0.         0.         0.         0.         0.         0.01331602 0.01509165 0.01331602 0.         0.         0.         0.         0.01917566],[0. 0. 0. 0. 1. 0. 0. 0. 0. 0. 0. 0. 0. 0. 0. 1. 0. 0. 0. 0. 0. 0. 0. 1. 1. 1. 0. 0. 0. 0. 1.],6.0,best,10000,100000,100,0.9,0.5,0.9,0.5,0.9,1,0.02,1,6,,problem_solving,10
4300,-0.009657171041319183,0.105133,0.006125867183121408,0.672,0.6989970328789274,-0.6828079173832249,[0.         0.         0.         0.         0.92578462 0.         0.         0.         0.         0.         0.         0.         0.         0.         0.         0.01331602 0.         0.         0.         0.         0.         0.         0.         0.01331602 0.01509165 0.01331602 0.         0.         0.         0.         0.01917566],[0. 0. 0. 0. 1. 0. 0. 0. 0. 0. 0. 0. 0. 0. 0. 1. 0. 0. 0. 0. 0. 0. 0. 1. 1. 1. 0. 0. 0. 0. 1.],6.0,best,10000,100000,100,0.9,0.5,0.9,0.5,0.9,1,0.02,1,6,,problem_solving,10
4400,-0.009657171041319183,0.105133,0.006125867183121408,0.676,0.6949004728428485,-0.10074774455624981,[0.         0.         0.         0.         0.92578462 0.         0.         0.         0.         0.         0.         0.         0.         0.         0.         0.01331602 0.         0.         0.         0.         0.         0.         0.         0.01331602 0.01509165 0.01331602 0.         0.         0.         0.         0.01917566],[0. 0. 0. 0. 1. 0. 0. 0. 0. 0. 0. 0. 0. 0. 0. 1. 0. 0. 0. 0. 0. 0. 0. 1. 1. 1. 0. 0. 0. 0. 1.],6.0,best,10000,100000,100,0.9,0.5,0.9,0.5,0.9,1,0.02,1,6,,problem_solving,10
4500,-0.009657171041319183,0.105133,0.006125867183121408,0.68,0.6908279212121557,0.5374486342672611,[0.         0.         0.         0.         0.92578462 0.         0.         0.         0.         0.         0.         0.         0.         0.         0.         0.01331602 0.         0.         0.         0.         0.         0.         0.         0.01331602 0.01509165 0.01331602 0.         0.         0.         0.         0.01917566],[0. 0. 0. 0. 1. 0. 0. 0. 0. 0. 0. 0. 0. 0. 0. 1. 0. 0. 0. 0. 0. 0. 0. 1. 1. 1. 0. 0. 0. 0. 1.],6.0,best,10000,100000,100,0.9,0.5,0.9,0.5,0.9,1,0.02,1,6,,problem_solving,10
4600,-0.009657171041319183,0.105133,0.006125867183121408,0.684,0.6867792372825697,0.22622940038821748,[0.         0.         0.         0.         0.92578462 0.         0.         0.         0.         0.         0.         0.         0.         0.         0.         0.01331602 0.         0.         0.         0.         0.         0.         0.         0.01331602 0.01509165 0.01331602 0.         0.         0.         0.         0.01917566],[0. 0. 0. 0. 1. 0. 0. 0. 0. 0. 0. 0. 0. 0. 0. 1. 0. 0. 0. 0. 0. 0. 0. 1. 1. 1. 0. 0. 0. 0. 1.],6.0,best,10000,100000,100,0.9,0.5,0.9,0.5,0.9,1,0.02,1,6,,problem_solving,10
4700,-0.009657171041319183,0.105133,0.006125867183121408,0.6880000000000001,0.6827542811744257,-0.07990068055942277,[0.         0.         0.         0.         0.92578462 0.         0.         0.         0.         0.         0.         0.         0.         0.         0.         0.01331602 0.         0.         0.         0.         0.         0.         0.         0.01331602 0.01509165 0.01331602 0.         0.         0.         0.         0.01917566],[0. 0. 0. 0. 1. 0. 0. 0. 0. 0. 0. 0. 0. 0. 0. 1. 0. 0. 0. 0. 0. 0. 0. 1. 1. 1. 0. 0. 0. 0. 1.],6.0,best,10000,100000,100,0.9,0.5,0.9,0.5,0.9,1,0.02,1,6,,problem_solving,10
4800,-0.009657171041319183,0.105133,0.006125867183121408,0.692,0.6787529138278414,0.3443042009997014,[0.         0.         0.         0.         0.92578462 0.         0.         0.         0.         0.         0.         0.         0.         0.         0.         0.01331602 0.         0.         0.         0.         0.         0.         0.         0.01331602 0.01509165 0.01331602 0.         0.         0.         0.         0.01917566],[0. 0. 0. 0. 1. 0. 0. 0. 0. 0. 0. 0. 0. 0. 0. 1. 0. 0. 0. 0. 0. 0. 0. 1. 1. 1. 0. 0. 0. 0. 1.],6.0,best,10000,100000,100,0.9,0.5,0.9,0.5,0.9,1,0.02,1,6,,problem_solving,10
4900,-0.009657171041319183,0.105133,0.006125867183121408,0.696,0.6747749969979128,0.440767472986866,[0.         0.         0.         0.         0.92578462 0.         0.         0.         0.         0.         0.         0.         0.         0.         0.         0.01331602 0.         0.         0.         0.         0.         0.         0.         0.01331602 0.01509165 0.01331602 0.         0.         0.         0.         0.01917566],[0. 0. 0. 0. 1. 0. 0. 0. 0. 0. 0. 0. 0. 0. 0. 1. 0. 0. 0. 0. 0. 0. 0. 1. 1. 1. 0. 0. 0. 0. 1.],6.0,best,10000,100000,100,0.9,0.5,0.9,0.5,0.9,1,0.02,1,6,,problem_solving,10
5000,-0.009657171041319183,0.105133,0.006125867183121408,0.7,0.6708203932499369,-0.7002098667619719,[0.         0.         0.         0.         0.92578462 0.         0.         0.         0.         0.         0.         0.         0.         0.         0.         0.01331602 0.         0.         0.         0.         0.         0.         0.         0.01331602 0.01509165 0.01331602 0.         0.         0.         0.         0.01917566],[0. 0. 0. 0. 1. 0. 0. 0. 0. 0. 0. 0. 0. 0. 0. 1. 0. 0. 0. 0. 0. 0. 0. 1. 1. 1. 0. 0. 0. 0. 1.],6.0,best,10000,100000,100,0.9,0.5,0.9,0.5,0.9,1,0.02,1,6,,problem_solving,10
5100,-0.009657171041319183,0.105133,0.006125867183121408,0.704,0.6668889659546647,-0.34301754388369327,[0.         0.         0.         0.         0.92578462 0.         0.         0.         0.         0.         0.         0.         0.         0.         0.         0.01331602 0.         0.         0.         0.         0.         0.         0.         0.01331602 0.01509165 0.01331602 0.         0.         0.         0.         0.01917566],[0. 0. 0. 0. 1. 0. 0. 0. 0. 0. 0. 0. 0. 0. 0. 1. 0. 0. 0. 0. 0. 0. 0. 1. 1. 1. 0. 0. 0. 0. 1.],6.0,best,10000,100000,100,0.9,0.5,0.9,0.5,0.9,1,0.02,1,6,,problem_solving,10
5200,-0.009657171041319183,0.105133,0.006125867183121408,0.708,0.6629805792835798,-1.258733362433295,[0.         0.         0.         0.         0.92578462 0.         0.         0.         0.         0.         0.         0.         0.         0.         0.         0.01331602 0.         0.         0.         0.         0.         0.         0.         0.01331602 0.01509165 0.01331602 0.         0.         0.         0.         0.01917566],[0. 0. 0. 0. 1. 0. 0. 0. 0. 0. 0. 0. 0. 0. 0. 1. 0. 0. 0. 0. 0. 0. 0. 1. 1. 1. 0. 0. 0. 0. 1.],6.0,best,10000,100000,100,0.9,0.5,0.9,0.5,0.9,1,0.02,1,6,,problem_solving,10
5300,-0.009657171041319183,0.105133,0.006125867183121408,0.712,0.6590950982042058,-0.5508921889764294,[0.         0.         0.         0.         0.92578462 0.         0.         0.         0.         0.         0.         0.         0.         0.         0.         0.01331602 0.         0.         0.         0.         0.         0.         0.         0.01331602 0.01509165 0.01331602 0.         0.         0.         0.         0.01917566],[0. 0. 0. 0. 1. 0. 0. 0. 0. 0. 0. 0. 0. 0. 0. 1. 0. 0. 0. 0. 0. 0. 0. 1. 1. 1. 0. 0. 0. 0. 1.],6.0,best,10000,100000,100,0.9,0.5,0.9,0.5,0.9,1,0.02,1,6,,problem_solving,10
5400,-0.009657171041319183,0.105133,0.006125867183121408,0.716,0.6552323884754414,-1.1234844144491751,[0.         0.         0.         0.         0.92578462 0.         0.         0.         0.         0.         0.         0.         0.         0.         0.         0.01331602 0.         0.         0.         0.         0.         0.         0.         0.01331602 0.01509165 0.01331602 0.         0.         0.         0.         0.01917566],[0. 0. 0. 0. 1. 0. 0. 0. 0. 0. 0. 0. 0. 0. 0. 1. 0. 0. 0. 0. 0. 0. 0. 1. 1. 1. 0. 0. 0. 0. 1.],6.0,best,10000,100000,100,0.9,0.5,0.9,0.5,0.9,1,0.02,1,6,,problem_solving,10
5500,-0.009657171041319183,0.105133,0.006125867183121408,0.72,0.651392316642922,0.047481339774123436,[0.         0.         0.         0.         0.92578462 0.         0.         0.         0.         0.         0.         0.         0.         0.         0.         0.01331602 0.         0.         0.         0.         0.         0.         0.         0.01331602 0.01509165 0.01331602 0.         0.         0.         0.         0.01917566],[0. 0. 0. 0. 1. 0. 0. 0. 0. 0. 0. 0. 0. 0. 0. 1. 0. 0. 0. 0. 0. 0. 0. 1. 1. 1. 0. 0. 0. 0. 1.],6.0,best,10000,100000,100,0.9,0.5,0.9,0.5,0.9,1,0.02,1,6,,problem_solving,10
5600,-0.009657171041319183,0.105133,0.006125867183121408,0.724,0.6475747500344088,1.109756943433703,[0.         0.         0.         0.         0.92578462 0.         0.         0.         0.         0.         0.         0.         0.         0.         0.         0.01331602 0.         0.         0.         0.         0.         0.         0.         0.01331602 0.01509165 0.01331602 0.         0.         0.         0.         0.01917566],[0. 0. 0. 0. 1. 0. 0. 0. 0. 0. 0. 0. 0. 0. 0. 1. 0. 0. 0. 0. 0. 0. 0. 1. 1. 1. 0. 0. 0. 0. 1.],6.0,best,10000,100000,100,0.9,0.5,0.9,0.5,0.9,1,0.02,1,6,,problem_solving,10
5700,-0.009657171041319183,0.105133,0.006125867183121408,0.728,0.643779556755206,-0.24788973699821232,[0.         0.         0.         0.         0.92578462 0.         0.         0.         0.         0.         0.         0.         0.         0.         0.         0.01331602 0.         0.         0.         0.         0.         0.         0.         0.01331602 0.01509165 0.01331602 0.         0.         0.         0.         0.01917566],[0. 0. 0. 0. 1. 0. 0. 0. 0. 0. 0. 0. 0. 0. 0. 1. 0. 0. 0. 0. 0. 0. 0. 1. 1. 1. 0. 0. 0. 0. 1.],6.0,best,10000,100000,100,0.9,0.5,0.9,0.5,0.9,1,0.02,1,6,,problem_solving,10
5800,-0.009657171041319183,0.105133,0.006125867183121408,0.732,0.6400066056836028,-1.7627059868895016,[0.         0.         0.         0.         0.92578462 0.         0.         0.         0.         0.         0.         0.         0.         0.         0.         0.01331602 0.         0.         0.         0.         0.         0.         0.         0.01331602 0.01509165 0.01331602 0.         0.         0.         0.         0.01917566],[0. 0. 0. 0. 1. 0. 0. 0. 0. 0. 0. 0. 0. 0. 0. 1. 0. 0. 0. 0. 0. 0. 0. 1. 1. 1. 0. 0. 0. 0. 1.],6.0,best,10000,100000,100,0.9,0.5,0.9,0.5,0.9,1,0.02,1,6,,problem_solving,10
5900,-0.009657171041319183,0.105133,0.006125867183121408,0.736,0.6362557664663436,-0.27520317582519027,[0.         0.         0.         0.         0.92578462 0.         0.         0.         0.         0.         0.         0.         0.         0.         0.         0.01331602 0.         0.         0.         0.         0.         0.         0.         0.01331602 0.01509165 0.01331602 0.         0.         0.         0.         0.01917566],[0. 0. 0. 0. 1. 0. 0. 0. 0. 0. 0. 0. 0. 0. 0. 1. 0. 0. 0. 0. 0. 0. 0. 1. 1. 1. 0. 0. 0. 0. 1.],6.0,best,10000,100000,100,0.9,0.5,0.9,0.5,0.9,1,0.02,1,6,,problem_solving,10
6000,-0.009657171041319183,0.105133,0.006125867183121408,0.74,0.6325269095141249,1.3440429553431215,[0.         0.         0.         0.         0.92578462 0.         0.         0.         0.         0.         0.         0.         0.         0.         0.         0.01331602 0.         0.         0.         0.         0.         0.         0.         0.01331602 0.01509165 0.01331602 0.         0.         0.         0.         0.01917566],[0. 0. 0. 0. 1. 0. 0. 0. 0. 0. 0. 0. 0. 0. 0. 1. 0. 0. 0. 0. 0. 0. 0. 1. 1. 1. 0. 0. 0. 0. 1.],6.0,best,10000,100000,100,0.9,0.5,0.9,0.5,0.9,1,0.02,1,6,,problem_solving,10
6100,-0.009657171041319183,0.105133,0.006125867183121408,0.744,0.6288199059971172,-0.29164717752591435,[0.         0.         0.         0.         0.92578462 0.         0.         0.         0.         0.         0.         0.         0.         0.         0.         0.01331602 0.         0.         0.         0.         0.         0.         0.         0.01331602 0.01509165 0.01331602 0.         0.         0.         0.         0.01917566],[0. 0. 0. 0. 1. 0. 0. 0. 0. 0. 0. 0. 0. 0. 0. 1. 0. 0. 0. 0. 0. 0. 0. 1. 1. 1. 0. 0. 0. 0. 1.],6.0,best,10000,100000,100,0.9,0.5,0.9,0.5,0.9,1,0.02,1,6,,problem_solving,10
6200,-0.009657171041319183,0.105133,0.006125867183121408,0.748,0.6251346278405147,-1.5845801976873435,[0.         0.         0.         0.         0.92578462 0.         0.         0.         0.         0.         0.         0.         0.         0.         0.         0.01331602 0.         0.         0.         0.         0.         0.         0.         0.01331602 0.01509165 0.01331602 0.         0.         0.         0.         0.01917566],[0. 0. 0. 0. 1. 0. 0. 0. 0. 0. 0. 0. 0. 0. 0. 1. 0. 0. 0. 0. 0. 0. 0. 1. 1. 1. 0. 0. 0. 0. 1.],6.0,best,10000,100000,100,0.9,0.5,0.9,0.5,0.9,1,0.02,1,6,,problem_solving,10
6300,-0.009657171041319183,0.105133,0.006125867183121408,0.752,0.6214709477201097,-0.5049408029811207,[0.         0.         0.         0.         0.92578462 0.         0.         0.         0.         0.         0.         0.         0.         0.         0.         0.01331602 0.         0.         0.         0.         0.         0.         0.         0.01331602 0.01509165 0.01331602 0.         0.         0.         0.         0.01917566],[0. 0. 0. 0. 1. 0. 0. 0. 0. 0. 0. 0. 0. 0. 0. 1. 0. 0. 0. 0. 0. 0. 0. 1. 1. 1. 0. 0. 0. 0. 1.],6.0,best,10000,100000,100,0.9,0.5,0.9,0.5,0.9,1,0.02,1,6,,problem_solving,10
6400,-0.009657171041319183,0.105133,0.006125867183121408,0.756,0.6178287390578946,-0.59335370175152,[0.         0.         0.         0.         0.92578462 0.         0.         0.         0.         0.         0.         0.         0.         0.         0.         0.01331602 0.         0.         0.         0.         0.         0.         0.         0.01331602 0.01509165 0.01331602 0.         0.         0.         0.         0.01917566],[0. 0. 0. 0. 1. 0. 0. 0. 0. 0. 0. 0. 0. 0. 0. 1. 0. 0. 0. 0. 0. 0. 0. 1. 1. 1. 0. 0. 0. 0. 1.],6.0,best,10000,100000,100,0.9,0.5,0.9,0.5,0.9,1,0.02,1,6,,problem_solving,10
6500,-0.009657171041319183,0.105133,0.006125867183121408,0.76,0.6142078760176876,-0.24511473100632108,[0.         0.         0.         0.         0.92578462 0.         0.         0.         0.         0.         0.         0.         0.         0.         0.         0.01331602 0.         0.         0.         0.         0.         0.         0.         0.01331602 0.01509165 0.01331602 0.         0.         0.         0.         0.01917566],[0. 0. 0. 0. 1. 0. 0. 0. 0. 0. 0. 0. 0. 0. 0. 1. 0. 0. 0. 0. 0. 0. 0. 1. 1. 1. 0. 0. 0. 0. 1.],6.0,best,10000,100000,100,0.9,0.5,0.9,0.5,0.9,1,0.02,1,6,,problem_solving,10
6600,-0.009657171041319183,0.105133,0.006125867183121408,0.764,0.6106082335007861,-1.1648600605904007,[0.         0.         0.         0.         0.92578462 0.         0.         0.         0.         0.         0.         0.         0.         0.         0.         0.01331602 0.         0.         0.         0.         0.         0.         0.         0.01331602 0.01509165 0.01331602 0.         0.         0.         0.         0.01917566],[0. 0. 0. 0. 1. 0. 0. 0. 0. 0. 0. 0. 0. 0. 0. 1. 0. 0. 0. 0. 0. 0. 0. 1. 1. 1. 0. 0. 0. 0. 1.],6.0,best,10000,100000,100,0.9,0.5,0.9,0.5,0.9,1,0.02,1,6,,problem_solving,10
6700,-0.009657171041319183,0.105133,0.006125867183121408,0.768,0.6070296871416437,0.4123733398980833,[0.         0.         0.         0.         0.92578462 0.         0.         0.         0.         0.         0.         0.         0.         0.         0.         0.01331602 0.         0.         0.         0.         0.         0.         0.         0.01331602 0.01509165 0.01331602 0.         0.         0.         0.         0.01917566],[0. 0. 0. 0. 1. 0. 0. 0. 0. 0. 0. 0. 0. 0. 0. 1. 0. 0. 0. 0. 0. 0. 0. 1. 1. 1. 0. 0. 0. 0. 1.],6.0,best,10000,100000,100,0.9,0.5,0.9,0.5,0.9,1,0.02,1,6,,problem_solving,10
6800,-0.009657171041319183,0.105133,0.006125867183121408,0.772,0.6034721133035746,0.09547420382541918,[0.         0.         0.         0.         0.92578462 0.         0.         0.         0.         0.         0.         0.         0.         0.         0.         0.01331602 0.         0.         0.         0.         0.         0.         0.         0.01331602 0.01509165 0.01331602 0.         0.         0.         0.         0.01917566],[0. 0. 0. 0. 1. 0. 0. 0. 0. 0. 0. 0. 0. 0. 0. 1. 0. 0. 0. 0. 0. 0. 0. 1. 1. 1. 0. 0. 0. 0. 1.],6.0,best,10000,100000,100,0.9,0.5,0.9,0.5,0.9,1,0.02,1,6,,problem_solving,10
6900,-0.009733805138424804,0.137622,0.007386014620032464,0.776,0.5999353890744809,0.5688943437112581,[0.         0.         0.         0.         0.92230908 0.         0.         0.         0.01643839 0.01393413 0.01945013 0.         0.         0.         0.         0.         0.         0.         0.         0.01393413 0.         0.         0.         0.         0.         0.         0.         0.         0.01393413 0.         0.        ],[0. 0. 0. 0. 1. 0. 0. 0. 1. 1. 1. 0. 0. 0. 0. 0. 0. 0. 0. 1. 0. 0. 0. 0. 0. 0. 0. 0. 1. 0. 0.],6.0,best,10000,100000,100,0.9,0.5,0.9,0.5,0.9,1,0.02,1,6,,problem_solving,10
7000,-0.009733805138424804,0.137622,0.007386014620032464,0.78,0.5964193922626064,0.6135433847947139,[0.         0.         0.         0.         0.92230908 0.         0.         0.         0.01643839 0.01393413 0.01945013 0.         0.         0.         0.         0.         0.         0.         0.         0.01393413 0.         0.         0.         0.         0.         0.         0.         0.         0.01393413 0.         0.        ],[0. 0. 0. 0. 1. 0. 0. 0. 1. 1. 1. 0. 0. 0. 0. 0. 0. 0. 0. 1. 0. 0. 0. 0. 0. 0. 0. 0. 1. 0. 0.],6.0,best,10000,100000,100,0.9,0.5,0.9,0.5,0.9,1,0.02,1,6,,problem_solving,10
7100,-0.009733805138424804,0.137622,0.007386014620032464,0.784,0.5929240013923155,-0.8270168893105251,[0.         0.         0.         0.         0.92230908 0.         0.         0.         0.01643839 0.01393413 0.01945013 0.         0.         0.         0.         0.         0.         0.         0.         0.01393413 0.         0.         0.         0.         0.         0.         0.         0.         0.01393413 0.         0.        ],[0. 0. 0. 0. 1. 0. 0. 0. 1. 1. 1. 0. 0. 0. 0. 0. 0. 0. 0. 1. 0. 0. 0. 0. 0. 0. 0. 0. 1. 0. 0.],6.0,best,10000,100000,100,0.9,0.5,0.9,0.5,0.9,1,0.02,1,6,,problem_solving,10
7200,-0.009733805138424804,0.137622,0.007386014620032464,0.788,0.5894490956998952,-0.128758623977315,[0.         0.         0.         0.         0.92230908 0.         0.         0.         0.01643839 0.01393413 0.01945013 0.         0.         0.         0.         0.         0.         0.         0.         0.01393413 0.         0.         0.         0.         0.         0.         0.         0.         0.01393413 0.         0.        ],[0. 0. 0. 0. 1. 0. 0. 0. 1. 1. 1. 0. 0. 0. 0. 0. 0. 0. 0. 1. 0. 0. 0. 0. 0. 0. 0. 0. 1. 0. 0.],6.0,best,10000,100000,100,0.9,0.5,0.9,0.5,0.9,1,0.02,1,6,,problem_solving,10
7300,-0.009733805138424804,0.137622,0.007386014620032464,0.792,0.5859945551293843,0.30407281519249835,[0.         0.         0.         0.         0.92230908 0.         0.         0.         0.01643839 0.01393413 0.01945013 0.         0.         0.         0.         0.         0.         0.         0.         0.01393413 0.         0.         0.         0.         0.         0.         0.         0.         0.01393413 0.         0.        ],[0. 0. 0. 0. 1. 0. 0. 0. 1. 1. 1. 0. 0. 0. 0. 0. 0. 0. 0. 1. 0. 0. 0. 0. 0. 0. 0. 0. 1. 0. 0.],6.0,best,10000,100000,100,0.9,0.5,0.9,0.5,0.9,1,0.02,1,6,,problem_solving,10
7400,-0.009733805138424804,0.137622,0.007386014620032464,0.796,0.5825602603284237,0.36916019705975067,[0.         0.         0.         0.         0.92230908 0.         0.         0.         0.01643839 0.01393413 0.01945013 0.         0.         0.         0.         0.         0.         0.         0.         0.01393413 0.         0.         0.         0.         0.         0.         0.         0.         0.01393413 0.         0.        ],[0. 0. 0. 0. 1. 0. 0. 0. 1. 1. 1. 0. 0. 0. 0. 0. 0. 0. 0. 1. 0. 0. 0. 0. 0. 0. 0. 0. 1. 0. 0.],6.0,best,10000,100000,100,0.9,0.5,0.9,0.5,0.9,1,0.02,1,6,,problem_solving,10
7500,-0.009733805138424804,0.137622,0.007386014620032464,0.8,0.5791460926441345,-0.5559839067819269,[0.         0.         0.         0.         0.92230908 0.         0.         0.         0.01643839 0.01393413 0.01945013 0.         0.         0.         0.         0.         0.         0.         0.         0.01393413 0.         0.         0.         0.         0.         0.         0.         0.         0.01393413 0.         0.        ],[0. 0. 0. 0. 1. 0. 0. 0. 1. 1. 1. 0. 0. 0. 0. 0. 0. 0. 0. 1. 0. 0. 0. 0. 0. 0. 0. 0. 1. 0. 0.],6.0,best,10000,100000,100,0.9,0.5,0.9,0.5,0.9,1,0.02,1,6,,problem_solving,10
7600,-0.009733805138424804,0.137622,0.007386014620032464,0.804,0.5757519341190179,0.385111318057807,[0.         0.         0.         0.         0.92230908 0.         0.         0.         0.01643839 0.01393413 0.01945013 0.         0.         0.         0.         0.         0.         0.         0.         0.01393413 0.         0.         0.         0.         0.         0.         0.         0.         0.01393413 0.         0.        ],[0. 0. 0. 0. 1. 0. 0. 0. 1. 1. 1. 0. 0. 0. 0. 0. 0. 0. 0. 1. 0. 0. 0. 0. 0. 0. 0. 0. 1. 0. 0.],6.0,best,10000,100000,100,0.9,0.5,0.9,0.5,0.9,1,0.02,1,6,,problem_solving,10
7700,-0.009733805138424804,0.137622,0.007386014620032464,0.808,0.5723776674868795,0.3182717980787452,[0.         0.         0.         0.         0.92230908 0.         0.         0.         0.01643839 0.01393413 0.01945013 0.         0.         0.         0.         0.         0.         0.         0.         0.01393413 0.         0.         0.         0.         0.         0.         0.         0.         0.01393413 0.         0.        ],[0. 0. 0. 0. 1. 0. 0. 0. 1. 1. 1. 0. 0. 0. 0. 0. 0. 0. 0. 1. 0. 0. 0. 0. 0. 0. 0. 0. 1. 0. 0.],6.0,best,10000,100000,100,0.9,0.5,0.9,0.5,0.9,1,0.02,1,6,,problem_solving,10
7800,-0.009733805138424804,0.137622,0.007386014620032464,0.812,0.5690231761687783,0.15991196553349504,[0.         0.         0.         0.         0.92230908 0.         0.         0.         0.01643839 0.01393413 0.01945013 0.         0.         0.         0.         0.         0.         0.         0.         0.01393413 0.         0.         0.         0.         0.         0.         0.         0.         0.01393413 0.         0.        ],[0. 0. 0. 0. 1. 0. 0. 0. 1. 1. 1. 0. 0. 0. 0. 0. 0. 0. 0. 1. 0. 0. 0. 0. 0. 0. 0. 0. 1. 0. 0.],6.0,best,10000,100000,100,0.9,0.5,0.9,0.5,0.9,1,0.02,1,6,,problem_solving,10
7900,-0.009733805138424804,0.137622,0.007386014620032464,0.8160000000000001,0.5656883442689989,-0.31590345385116536,[0.         0.         0.         0.         0.92230908 0.         0.         0.         0.01643839 0.01393413 0.01945013 0.         0.         0.         0.         0.         0.         0.         0.         0.01393413 0.         0.         0.         0.         0.         0.         0.         0.         0.01393413 0.         0.        ],[0. 0. 0. 0. 1. 0. 0. 0. 1. 1. 1. 0. 0. 0. 0. 0. 0. 0. 0. 1. 0. 0. 0. 0. 0. 0. 0. 0. 1. 0. 0.],6.0,best,10000,100000,100,0.9,0.5,0.9,0.5,0.9,1,0.02,1,6,,problem_solving,10
8000,-0.009733805138424804,0.137622,0.007386014620032464,0.8200000000000001,0.5623730565710474,-0.6033723714236523,[0.         0.         0.         0.         0.92230908 0.         0.         0.         0.01643839 0.01393413 0.01945013 0.         0.         0.         0.         0.         0.         0.         0.         0.01393413 0.         0.         0.         0.         0.         0.         0.         0.         0.01393413 0.         0.        ],[0. 0. 0. 0. 1. 0. 0. 0. 1. 1. 1. 0. 0. 0. 0. 0. 0. 0. 0. 1. 0. 0. 0. 0. 0. 0. 0. 0. 1. 0. 0.],6.0,best,10000,100000,100,0.9,0.5,0.9,0.5,0.9,1,0.02,1,6,,problem_solving,10
8100,-0.009733805138424804,0.137622,0.007386014620032464,0.8240000000000001,0.5590771985336705,0.35766022289760874,[0.         0.         0.         0.         0.92230908 0.         0.         0.         0.01643839 0.01393413 0.01945013 0.         0.         0.         0.         0.         0.         0.         0.         0.01393413 0.         0.         0.         0.         0.         0.         0.         0.         0.01393413 0.         0.        ],[0. 0. 0. 0. 1. 0. 0. 0. 1. 1. 1. 0. 0. 0. 0. 0. 0. 0. 0. 1. 0. 0. 0. 0. 0. 0. 0. 0. 1. 0. 0.],6.0,best,10000,100000,100,0.9,0.5,0.9,0.5,0.9,1,0.02,1,6,,problem_solving,10
8200,-0.009733805138424804,0.137622,0.007386014620032464,0.8280000000000001,0.5558006562868987,0.19631505764179646,[0.         0.         0.         0.         0.92230908 0.         0.         0.         0.01643839 0.01393413 0.01945013 0.         0.         0.         0.         0.         0.         0.         0.         0.01393413 0.         0.         0.         0.         0.         0.         0.         0.         0.01393413 0.         0.        ],[0. 0. 0. 0. 1. 0. 0. 0. 1. 1. 1. 0. 0. 0. 0. 0. 0. 0. 0. 1. 0. 0. 0. 0. 0. 0. 0. 0. 1. 0. 0.],6.0,best,10000,100000,100,0.9,0.5,0.9,0.5,0.9,1,0.02,1,6,,problem_solving,10
8300,-0.009733805138424804,0.137622,0.007386014620032464,0.8320000000000001,0.5525433166281111,0.7562315523602822,[0.         0.         0.         0.         0.92230908 0.         0.         0.         0.01643839 0.01393413 0.01945013 0.         0.         0.         0.         0.         0.         0.         0.         0.01393413 0.         0.         0.         0.         0.         0.         0.         0.         0.01393413 0.         0.        ],[0. 0. 0. 0. 1. 0. 0. 0. 1. 1. 1. 0. 0. 0. 0. 0. 0. 0. 0. 1. 0. 0. 0. 0. 0. 0. 0. 0. 1. 0. 0.],6.0,best,10000,100000,100,0.9,0.5,0.9,0.5,0.9,1,0.02,1,6,,problem_solving,10
8400,-0.009733805138424804,0.137622,0.007386014620032464,0.8360000000000001,0.5493050670181255,-1.6142761425069765,[0.         0.         0.         0.         0.92230908 0.         0.         0.         0.01643839 0.01393413 0.01945013 0.         0.         0.         0.         0.         0.         0.         0.         0.01393413 0.         0.         0.         0.         0.         0.         0.         0.         0.01393413 0.         0.        ],[0. 0. 0. 0. 1. 0. 0. 0. 1. 1. 1. 0. 0. 0. 0. 0. 0. 0. 0. 1. 0. 0. 0. 0. 0. 0. 0. 0. 1. 0. 0.],6.0,best,10000,100000,100,0.9,0.5,0.9,0.5,0.9,1,0.02,1,6,,problem_solving,10
8500,-0.009733805138424804,0.137622,0.007386014620032464,0.8400000000000001,0.5460857955773097,0.8626498437100081,[0.         0.         0.         0.         0.92230908 0.         0.         0.         0.01643839 0.01393413 0.01945013 0.         0.         0.         0.         0.         0.         0.         0.         0.01393413 0.         0.         0.         0.         0.         0.         0.         0.         0.01393413 0.         0.        ],[0. 0. 0. 0. 1. 0. 0. 0. 1. 1. 1. 0. 0. 0. 0. 0. 0. 0. 0. 1. 0. 0. 0. 0. 0. 0. 0. 0. 1. 0. 0.],6.0,best,10000,100000,100,0.9,0.5,0.9,0.5,0.9,1,0.02,1,6,,problem_solving,10
8600,-0.009733805138424804,0.137622,0.007386014620032464,0.8440000000000001,0.542885391081716,0.6531185151754453,[0.         0.         0.         0.         0.92230908 0.         0.         0.         0.01643839 0.01393413 0.01945013 0.         0.         0.         0.         0.         0.         0.         0.         0.01393413 0.         0.         0.         0.         0.         0.         0.         0.         0.01393413 0.         0.        ],[0. 0. 0. 0. 1. 0. 0. 0. 1. 1. 1. 0. 0. 0. 0. 0. 0. 0. 0. 1. 0. 0. 0. 0. 0. 0. 0. 0. 1. 0. 0.],6.0,best,10000,100000,100,0.9,0.5,0.9,0.5,0.9,1,0.02,1,6,,problem_solving,10
8700,-0.009733805138424804,0.137622,0.007386014620032464,0.8480000000000001,0.5397037429592386,-0.2006043222410821,[0.         0.         0.         0.         0.92230908 0.         0.         0.         0.01643839 0.01393413 0.01945013 0.         0.         0.         0.         0.         0.         0.         0.         0.01393413 0.         0.         0.         0.         0.         0.         0.         0.         0.01393413 0.         0.        ],[0. 0. 0. 0. 1. 0. 0. 0. 1. 1. 1. 0. 0. 0. 0. 0. 0. 0. 0. 1. 0. 0. 0. 0. 0. 0. 0. 0. 1. 0. 0.],6.0,best,10000,100000,100,0.9,0.5,0.9,0.5,0.9,1,0.02,1,6,,problem_solving,10
8800,-0.009733805138424804,0.137622,0.007386014620032464,0.8520000000000001,0.5365407412857937,0.06974187259016354,[0.         0.         0.         0.         0.92230908 0.         0.         0.         0.01643839 0.01393413 0.01945013 0.         0.         0.         0.         0.         0.         0.         0.         0.01393413 0.         0.         0.         0.         0.         0.         0.         0.         0.01393413 0.         0.        ],[0. 0. 0. 0. 1. 0. 0. 0. 1. 1. 1. 0. 0. 0. 0. 0. 0. 0. 0. 1. 0. 0. 0. 0. 0. 0. 0. 0. 1. 0. 0.],6.0,best,10000,100000,100,0.9,0.5,0.9,0.5,0.9,1,0.02,1,6,,problem_solving,10
8900,-0.009733805138424804,0.137622,0.007386014620032464,0.8560000000000001,0.5333962767815211,-0.9519128792866136,[0.         0.         0.         0.         0.92230908 0.         0.         0.         0.01643839 0.01393413 0.01945013 0.         0.         0.         0.         0.         0.         0.         0.         0.01393413 0.         0.         0.         0.         0.         0.         0.         0.         0.01393413 0.         0.        ],[0. 0. 0. 0. 1. 0. 0. 0. 1. 1. 1. 0. 0. 0. 0. 0. 0. 0. 0. 1. 0. 0. 0. 0. 0. 0. 0. 0. 1. 0. 0.],6.0,best,10000,100000,100,0.9,0.5,0.9,0.5,0.9,1,0.02,1,6,,problem_solving,10
9000,-0.009733805138424804,0.137622,0.007386014620032464,0.8600000000000001,0.5302702408070095,-0.5751803079625393,[0.         0.         0.         0.         0.92230908 0.         0.         0.         0.01643839 0.01393413 0.01945013 0.         0.         0.         0.         0.         0.         0.         0.         0.01393413 0.         0.         0.         0.         0.         0.         0.         0.         0.01393413 0.         0.        ],[0. 0. 0. 0. 1. 0. 0. 0. 1. 1. 1. 0. 0. 0. 0. 0. 0. 0. 0. 1. 0. 0. 0. 0. 0. 0. 0. 0. 1. 0. 0.],6.0,best,10000,100000,100,0.9,0.5,0.9,0.5,0.9,1,0.02,1,6,,problem_solving,10
9100,-0.009733805138424804,0.137622,0.007386014620032464,0.8640000000000001,0.5271625253595416,-0.016094805927111374,[0.         0.         0.         0.         0.92230908 0.         0.         0.         0.01643839 0.01393413 0.01945013 0.         0.         0.         0.         0.         0.         0.         0.         0.01393413 0.         0.         0.         0.         0.         0.         0.         0.         0.01393413 0.         0.        ],[0. 0. 0. 0. 1. 0. 0. 0. 1. 1. 1. 0. 0. 0. 0. 0. 0. 0. 0. 1. 0. 0. 0. 0. 0. 0. 0. 0. 1. 0. 0.],6.0,best,10000,100000,100,0.9,0.5,0.9,0.5,0.9,1,0.02,1,6,,problem_solving,10
9200,-0.009733805138424804,0.137622,0.007386014620032464,0.8680000000000001,0.5240730230693647,0.3651855375654101,[0.         0.         0.         0.         0.92230908 0.         0.         0.         0.01643839 0.01393413 0.01945013 0.         0.         0.         0.         0.         0.         0.         0.         0.01393413 0.         0.         0.         0.         0.         0.         0.         0.         0.01393413 0.         0.        ],[0. 0. 0. 0. 1. 0. 0. 0. 1. 1. 1. 0. 0. 0. 0. 0. 0. 0. 0. 1. 0. 0. 0. 0. 0. 0. 0. 0. 1. 0. 0.],6.0,best,10000,100000,100,0.9,0.5,0.9,0.5,0.9,1,0.02,1,6,,problem_solving,10
9300,-0.009733805138424804,0.137622,0.007386014620032464,0.8720000000000001,0.5210016271959791,-0.5544635679103415,[0.         0.         0.         0.         0.92230908 0.         0.         0.         0.01643839 0.01393413 0.01945013 0.         0.         0.         0.         0.         0.         0.         0.         0.01393413 0.         0.         0.         0.         0.         0.         0.         0.         0.01393413 0.         0.        ],[0. 0. 0. 0. 1. 0. 0. 0. 1. 1. 1. 0. 0. 0. 0. 0. 0. 0. 0. 1. 0. 0. 0. 0. 0. 0. 0. 0. 1. 0. 0.],6.0,best,10000,100000,100,0.9,0.5,0.9,0.5,0.9,1,0.02,1,6,,problem_solving,10
9400,-0.009733805138424804,0.137622,0.007386014620032464,0.8760000000000001,0.5179482316244518,-1.0442378078949044,[0.         0.         0.         0.         0.92230908 0.         0.         0.         0.01643839 0.01393413 0.01945013 0.         0.         0.         0.         0.         0.         0.         0.         0.01393413 0.         0.         0.         0.         0.         0.         0.         0.         0.01393413 0.         0.        ],[0. 0. 0. 0. 1. 0. 0. 0. 1. 1. 1. 0. 0. 0. 0. 0. 0. 0. 0. 1. 0. 0. 0. 0. 0. 0. 0. 0. 1. 0. 0.],6.0,best,10000,100000,100,0.9,0.5,0.9,0.5,0.9,1,0.02,1,6,,problem_solving,10
9500,-0.009733805138424804,0.137622,0.007386014620032464,0.88,0.5149127308617497,0.7708040769816683,[0.         0.         0.         0.         0.92230908 0.         0.         0.         0.01643839 0.01393413 0.01945013 0.         0.         0.         0.         0.         0.         0.         0.         0.01393413 0.         0.         0.         0.         0.         0.         0.         0.         0.01393413 0.         0.        ],[0. 0. 0. 0. 1. 0. 0. 0. 1. 1. 1. 0. 0. 0. 0. 0. 0. 0. 0. 1. 0. 0. 0. 0. 0. 0. 0. 0. 1. 0. 0.],6.0,best,10000,100000,100,0.9,0.5,0.9,0.5,0.9,1,0.02,1,6,,problem_solving,10
9600,-0.009733805138424804,0.137622,0.007386014620032464,0.884,0.5118950200330946,-0.8336548414551093,[0.         0.         0.         0.         0.92230908 0.         0.         0.         0.01643839 0.01393413 0.01945013 0.         0.         0.         0.         0.         0.         0.         0.         0.01393413 0.         0.         0.         0.         0.         0.         0.         0.         0.01393413 0.         0.        ],[0. 0. 0. 0. 1. 0. 0. 0. 1. 1. 1. 0. 0. 0. 0. 0. 0. 0. 0. 1. 0. 0. 0. 0. 0. 0. 0. 0. 1. 0. 0.],6.0,best,10000,100000,100,0.9,0.5,0.9,0.5,0.9,1,0.02,1,6,,problem_solving,10
9700,-0.009733805138424804,0.137622,0.007386014620032464,0.888,0.5088949948783402,0.16416515163383594,[0.         0.         0.         0.         0.92230908 0.         0.         0.         0.01643839 0.01393413 0.01945013 0.         0.         0.         0.         0.         0.         0.         0.         0.01393413 0.         0.         0.         0.         0.         0.         0.         0.         0.01393413 0.         0.        ],[0. 0. 0. 0. 1. 0. 0. 0. 1. 1. 1. 0. 0. 0. 0. 0. 0. 0. 0. 1. 0. 0. 0. 0. 0. 0. 0. 0. 1. 0. 0.],6.0,best,10000,100000,100,0.9,0.5,0.9,0.5,0.9,1,0.02,1,6,,problem_solving,10
9800,-0.009733805138424804,0.137622,0.007386014620032464,0.892,0.5059125517483702,0.2485839197537738,[0.         0.         0.         0.         0.92230908 0.         0.         0.         0.01643839 0.01393413 0.01945013 0.         0.         0.         0.         0.         0.         0.         0.         0.01393413 0.         0.         0.         0.         0.         0.         0.         0.         0.01393413 0.         0.        ],[0. 0. 0. 0. 1. 0. 0. 0. 1. 1. 1. 0. 0. 0. 0. 0. 0. 0. 0. 1. 0. 0. 0. 0. 0. 0. 0. 0. 1. 0. 0.],6.0,best,10000,100000,100,0.9,0.5,0.9,0.5,0.9,1,0.02,1,6,,problem_solving,10
9900,-0.009733805138424804,0.137622,0.007386014620032464,0.896,0.5029475876015165,-0.6362506655498319,[0.         0.         0.         0.         0.92230908 0.         0.         0.         0.01643839 0.01393413 0.01945013 0.         0.         0.         0.         0.         0.         0.         0.         0.01393413 0.         0.         0.         0.         0.         0.         0.         0.         0.01393413 0.         0.        ],[0. 0. 0. 0. 1. 0. 0. 0. 1. 1. 1. 0. 0. 0. 0. 0. 0. 0. 0. 1. 0. 0. 0. 0. 0. 0. 0. 0. 1. 0. 0.],6.0,best,10000,100000,100,0.9,0.5,0.9,0.5,0.9,1,0.02,1,6,,problem_solving,10
9999,-0.009733805138424804,0.137622,0.007386014620032464,0.8999600000000001,0.500029390196995,0.19704846785700444,[0.         0.         0.         0.         0.92230908 0.         0.         0.         0.01643839 0.01393413 0.01945013 0.         0.         0.         0.         0.         0.         0.         0.         0.01393413 0.         0.         0.         0.         0.         0.         0.         0.         0.01393413 0.         0.        ],[0. 0. 0. 0. 1. 0. 0. 0. 1. 1. 1. 0. 0. 0. 0. 0. 0. 0. 0. 1. 0. 0. 0. 0. 0. 0. 0. 0. 1. 0. 0.],6.0,best,10000,100000,100,0.9,0.5,0.9,0.5,0.9,1,0.02,1,6,,problem_solving,10
