iter,cost,risk,return,par,bw,move,X,Z,Q,pop_init,max_iter,pop_size,mem_size,mem_consider,par_min,par_max,bw_min,bw_max,sigma,lambda,port_n,k,seed,tag,local_search
1,0.009903503880999878,0.130941,0.00393999011797406,0.504,0.894725436791504,-1.15115397653043,[0.         0.         0.01133859 0.         0.         0.         0.         0.         0.         0.         0.         0.02593025 0.         0.         0.01262861 0.         0.         0.         0.         0.         0.         0.         0.         0.         0.         0.95010255 0.         0.         0.         0.         0.        ],[0. 0. 1. 0. 0. 0. 0. 0. 0. 0. 0. 1. 0. 0. 1. 0. 0. 0. 0. 0. 0. 0. 0. 0. 0. 1. 0. 0. 0. 0. 0.],4.0,best,100,1000,100,0.9,0.5,0.9,0.5,0.9,5,0.74,1,4,,problem_solving,10
2,0.009903503880999878,0.130941,0.00393999011797406,0.508,0.8894817858241639,-3.1575507729686088,[0.         0.         0.01133859 0.         0.         0.         0.         0.         0.         0.         0.         0.02593025 0.         0.         0.01262861 0.         0.         0.         0.         0.         0.         0.         0.         0.         0.         0.95010255 0.         0.         0.         0.         0.        ],[0. 0. 1. 0. 0. 0. 0. 0. 0. 0. 0. 1. 0. 0. 1. 0. 0. 0. 0. 0. 0. 0. 0. 0. 0. 1. 0. 0. 0. 0. 0.],4.0,best,100,1000,100,0.9,0.5,0.9,0.5,0.9,5,0.74,1,4,,problem_solving,10
3,0.009903503880999878,0.130941,0.00393999011797406,0.512,0.8842688659329022,-1.759566459528867,[0.         0.         0.01133859 0.         0.         0.         0.         0.         0.         0.         0.         0.02593025 0.         0.         0.01262861 0.         0.         0.         0.         0.         0.         0.         0.         0.         0.         0.95010255 0.         0.         0.         0.         0.        ],[0. 0. 1. 0. 0. 0. 0. 0. 0. 0. 0. 1. 0. 0. 1. 0. 0. 0. 0. 0. 0. 0. 0. 0. 0. 1. 0. 0. 0. 0. 0.],4.0,best,100,1000,100,0.9,0.5,0.9,0.5,0.9,5,0.74,1,4,,problem_solving,10
4,0.009903503880999878,0.130941,0.00393999011797406,0.516,0.879086497014382,2.758978043856769,[0.         0.         0.01133859 0.         0.         0.         0.         0.         0.         0.         0.         0.02593025 0.         0.         0.01262861 0.         0.         0.         0.         0.         0.         0.         0.         0.         0.         0.95010255 0.         0.         0.         0.         0.        ],[0. 0. 1. 0. 0. 0. 0. 0. 0. 0. 0. 1. 0. 0. 1. 0. 0. 0. 0. 0. 0. 0. 0. 0. 0. 1. 0. 0. 0. 0. 0.],4.0,best,100,1000,100,0.9,0.5,0.9,0.5,0.9,5,0.74,1,4,,problem_solving,10
5,0.009903503880999878,0.130941,0.00393999011797406,0.52,0.8739345000207845,0.6523361496220724,[0.         0.         0.01133859 0.         0.         0.         0.         0.         0.         0.         0.         0.02593025 0.         0.         0.01262861 0.         0.         0.         0.         0.         0.         0.         0.         0.         0.         0.95010255 0.         0.         0.         0.         0.        ],[0. 0. 1. 0. 0. 0. 0. 0. 0. 0. 0. 1. 0. 0. 1. 0. 0. 0. 0. 0. 0. 0. 0. 0. 0. 1. 0. 0. 0. 0. 0.],4.0,best,100,1000,100,0.9,0.5,0.9,0.5,0.9,5,0.74,1,4,,problem_solving,10
6,0.009903503880999878,0.130941,0.00393999011797406,0.524,0.8688126969536234,1.6002028133908806,[0.         0.         0.01133859 0.         0.         0.         0.         0.         0.         0.         0.         0.02593025 0.         0.         0.01262861 0.         0.         0.         0.         0.         0.         0.         0.         0.         0.         0.95010255 0.         0.         0.         0.         0.        ],[0. 0. 1. 0. 0. 0. 0. 0. 0. 0. 0. 1. 0. 0. 1. 0. 0. 0. 0. 0. 0. 0. 0. 0. 0. 1. 0. 0. 0. 0. 0.],4.0,best,100,1000,100,0.9,0.5,0.9,0.5,0.9,5,0.74,1,4,,problem_solving,10
7,0.009903503880999878,0.130941,0.00393999011797406,0.528,0.8637209108575947,-1.802232244272183,[0.         0.         0.01133859 0.         0.         0.         0.         0.         0.         0.         0.         0.02593025 0.         0.         0.01262861 0.         0.         0.         0.         0.         0.         0.         0.         0.         0.         0.95010255 0.         0.         0.         0.         0.        ],[0. 0. 1. 0. 0. 0. 0. 0. 0. 0. 0. 1. 0. 0. 1. 0. 0. 0. 0. 0. 0. 0. 0. 0. 0. 1. 0. 0. 0. 0. 0.],4.0,best,100,1000,100,0.9,0.5,0.9,0.5,0.9,5,0.74,1,4,,problem_solving,10
8,0.009903503880999878,0.130941,0.00393999011797406,0.532,0.8586589658144633,-0.3538749626700489,[0.         0.         0.01133859 0.         0.         0.         0.         0.         0.         0.         0.         0.02593025 0.         0.         0.01262861 0.         0.         0.         0.         0.         0.         0.         0.         0.         0.         0.95010255 0.         0.         0.         0.         0.        ],[0. 0. 1. 0. 0. 0. 0. 0. 0. 0. 0. 1. 0. 0. 1. 0. 0. 0. 0. 0. 0. 0. 0. 0. 0. 1. 0. 0. 0. 0. 0.],4.0,best,100,1000,100,0.9,0.5,0.9,0.5,0.9,5,0.74,1,4,,problem_solving,10
9,0.009903503880999878,0.130941,0.00393999011797406,0.536,0.8536266869369854,-0.8947512854529437,[0.         0.         0.01133859 0.         0.         0.         0.         0.         0.         0.         0.         0.02593025 0.         0.         0.01262861 0.         0.         0.         0.         0.         0.         0.         0.         0.         0.         0.95010255 0.         0.         0.         0.         0.        ],[0. 0. 1. 0. 0. 0. 0. 0. 0. 0. 0. 1. 0. 0. 1. 0. 0. 0. 0. 0. 0. 0. 0. 0. 0. 1. 0. 0. 0. 0. 0.],4.0,best,100,1000,100,0.9,0.5,0.9,0.5,0.9,5,0.74,1,4,,problem_solving,10
10,0.009903503880999878,0.130941,0.00393999011797406,0.54,0.8486239003628652,-0.7270688774893108,[0.         0.         0.01133859 0.         0.         0.         0.         0.         0.         0.         0.         0.02593025 0.         0.         0.01262861 0.         0.         0.         0.         0.         0.         0.         0.         0.         0.         0.95010255 0.         0.         0.         0.         0.        ],[0. 0. 1. 0. 0. 0. 0. 0. 0. 0. 0. 1. 0. 0. 1. 0. 0. 0. 0. 0. 0. 0. 0. 0. 0. 1. 0. 0. 0. 0. 0.],4.0,best,100,1000,100,0.9,0.5,0.9,0.5,0.9,5,0.74,1,4,,problem_solving,10
11,0.009903503880999878,0.130941,0.00393999011797406,0.544,0.8436504332487491,7.123284988468924,[0.         0.         0.01133859 0.         0.         0.         0.         0.         0.         0.         0.         0.02593025 0.         0.         0.01262861 0.         0.         0.         0.         0.         0.         0.         0.         0.         0.         0.95010255 0.         0.         0.         0.         0.        ],[0. 0. 1. 0. 0. 0. 0. 0. 0. 0. 0. 1. 0. 0. 1. 0. 0. 0. 0. 0. 0. 0. 0. 0. 0. 1. 0. 0. 0. 0. 0.],4.0,best,100,1000,100,0.9,0.5,0.9,0.5,0.9,5,0.74,1,4,,problem_solving,10
12,0.009903503880999878,0.130941,0.00393999011797406,0.548,0.838706113764254,-4.374334226137758,[0.         0.         0.01133859 0.         0.         0.         0.         0.         0.         0.         0.         0.02593025 0.         0.         0.01262861 0.         0.         0.         0.         0.         0.         0.         0.         0.         0.         0.95010255 0.         0.         0.         0.         0.        ],[0. 0. 1. 0. 0. 0. 0. 0. 0. 0. 0. 1. 0. 0. 1. 0. 0. 0. 0. 0. 0. 0. 0. 0. 0. 1. 0. 0. 0. 0. 0.],4.0,best,100,1000,100,0.9,0.5,0.9,0.5,0.9,5,0.74,1,4,,problem_solving,10
13,0.009903503880999878,0.130941,0.00393999011797406,0.552,0.83379077108603,2.007197407864737,[0.         0.         0.01133859 0.         0.         0.         0.         0.         0.         0.         0.         0.02593025 0.         0.         0.01262861 0.         0.         0.         0.         0.         0.         0.         0.         0.         0.         0.95010255 0.         0.         0.         0.         0.        ],[0. 0. 1. 0. 0. 0. 0. 0. 0. 0. 0. 1. 0. 0. 1. 0. 0. 0. 0. 0. 0. 0. 0. 0. 0. 1. 0. 0. 0. 0. 0.],4.0,best,100,1000,100,0.9,0.5,0.9,0.5,0.9,5,0.74,1,4,,problem_solving,10
14,0.009903503880999878,0.130941,0.00393999011797406,0.556,0.828904235391859,2.730137651862887,[0.         0.         0.01133859 0.         0.         0.         0.         0.         0.         0.         0.         0.02593025 0.         0.         0.01262861 0.         0.         0.         0.         0.         0.         0.         0.         0.         0.         0.95010255 0.         0.         0.         0.         0.        ],[0. 0. 1. 0. 0. 0. 0. 0. 0. 0. 0. 1. 0. 0. 1. 0. 0. 0. 0. 0. 0. 0. 0. 0. 0. 1. 0. 0. 0. 0. 0.],4.0,best,100,1000,100,0.9,0.5,0.9,0.5,0.9,5,0.74,1,4,,problem_solving,10
15,0.009903503880999878,0.130941,0.00393999011797406,0.56,0.8240463378547873,-1.5524688100754014,[0.         0.         0.01133859 0.         0.         0.         0.         0.         0.         0.         0.         0.02593025 0.         0.         0.01262861 0.         0.         0.         0.         0.         0.         0.         0.         0.         0.         0.95010255 0.         0.         0.         0.         0.        ],[0. 0. 1. 0. 0. 0. 0. 0. 0. 0. 0. 1. 0. 0. 1. 0. 0. 0. 0. 0. 0. 0. 0. 0. 0. 1. 0. 0. 0. 0. 0.],4.0,best,100,1000,100,0.9,0.5,0.9,0.5,0.9,5,0.74,1,4,,problem_solving,10
16,0.009903503880999878,0.130941,0.00393999011797406,0.5640000000000001,0.8192169106372932,2.700478582631341,[0.         0.         0.01133859 0.         0.         0.         0.         0.         0.         0.         0.         0.02593025 0.         0.         0.01262861 0.         0.         0.         0.         0.         0.         0.         0.         0.         0.         0.95010255 0.         0.         0.         0.         0.        ],[0. 0. 1. 0. 0. 0. 0. 0. 0. 0. 0. 1. 0. 0. 1. 0. 0. 0. 0. 0. 0. 0. 0. 0. 0. 1. 0. 0. 0. 0. 0.],4.0,best,100,1000,100,0.9,0.5,0.9,0.5,0.9,5,0.74,1,4,,problem_solving,10
17,0.009903503880999878,0.130941,0.00393999011797406,0.5680000000000001,0.8144157868854872,1.8579306796902877,[0.         0.         0.01133859 0.         0.         0.         0.         0.         0.         0.         0.         0.02593025 0.         0.         0.01262861 0.         0.         0.         0.         0.         0.         0.         0.         0.         0.         0.95010255 0.         0.         0.         0.         0.        ],[0. 0. 1. 0. 0. 0. 0. 0. 0. 0. 0. 1. 0. 0. 1. 0. 0. 0. 0. 0. 0. 0. 0. 0. 0. 1. 0. 0. 0. 0. 0.],4.0,best,100,1000,100,0.9,0.5,0.9,0.5,0.9,5,0.74,1,4,,problem_solving,10
18,0.009903503880999878,0.130941,0.00393999011797406,0.5720000000000001,0.8096428007233489,5.742257614912563,[0.         0.         0.01133859 0.         0.         0.         0.         0.         0.         0.         0.         0.02593025 0.         0.         0.01262861 0.         0.         0.         0.         0.         0.         0.         0.         0.         0.         0.95010255 0.         0.         0.         0.         0.        ],[0. 0. 1. 0. 0. 0. 0. 0. 0. 0. 0. 1. 0. 0. 1. 0. 0. 0. 0. 0. 0. 0. 0. 0. 0. 1. 0. 0. 0. 0. 0.],4.0,best,100,1000,100,0.9,0.5,0.9,0.5,0.9,5,0.74,1,4,,problem_solving,10
19,0.009903503880999878,0.130941,0.00393999011797406,0.576,0.8048977872469943,0.28265385833808654,[0.         0.         0.01133859 0.         0.         0.         0.         0.         0.         0.         0.         0.02593025 0.         0.         0.01262861 0.         0.         0.         0.         0.         0.         0.         0.         0.         0.         0.95010255 0.         0.         0.         0.         0.        ],[0. 0. 1. 0. 0. 0. 0. 0. 0. 0. 0. 1. 0. 0. 1. 0. 0. 0. 0. 0. 0. 0. 0. 0. 0. 1. 0. 0. 0. 0. 0.],4.0,best,100,1000,100,0.9,0.5,0.9,0.5,0.9,5,0.74,1,4,,problem_solving,10
20,0.009903503880999878,0.130941,0.00393999011797406,0.58,0.80018058251898,4.728356361411429,[0.         0.         0.01133859 0.         0.         0.         0.         0.         0.         0.         0.         0.02593025 0.         0.         0.01262861 0.         0.         0.         0.         0.         0.         0.         0.         0.         0.         0.95010255 0.         0.         0.         0.         0.        ],[0. 0. 1. 0. 0. 0. 0. 0. 0. 0. 0. 1. 0. 0. 1. 0. 0. 0. 0. 0. 0. 0. 0. 0. 0. 1. 0. 0. 0. 0. 0.],4.0,best,100,1000,100,0.9,0.5,0.9,0.5,0.9,5,0.74,1,4,,problem_solving,10
21,0.009903503880999878,0.130941,0.00393999011797406,0.584,0.7954910235626382,-9.487371148795814,[0.         0.         0.01133859 0.         0.         0.         0.         0.         0.         0.         0.         0.02593025 0.         0.         0.01262861 0.         0.         0.         0.         0.         0.         0.         0.         0.         0.         0.95010255 0.         0.         0.         0.         0.        ],[0. 0. 1. 0. 0. 0. 0. 0. 0. 0. 0. 1. 0. 0. 1. 0. 0. 0. 0. 0. 0. 0. 0. 0. 0. 1. 0. 0. 0. 0. 0.],4.0,best,100,1000,100,0.9,0.5,0.9,0.5,0.9,5,0.74,1,4,,problem_solving,10
22,0.009903503880999878,0.130941,0.00393999011797406,0.588,0.7908289483564468,-0.21950404976492338,[0.         0.         0.01133859 0.         0.         0.         0.         0.         0.         0.         0.         0.02593025 0.         0.         0.01262861 0.         0.         0.         0.         0.         0.         0.         0.         0.         0.         0.95010255 0.         0.         0.         0.         0.        ],[0. 0. 1. 0. 0. 0. 0. 0. 0. 0. 0. 1. 0. 0. 1. 0. 0. 0. 0. 0. 0. 0. 0. 0. 0. 1. 0. 0. 0. 0. 0.],4.0,best,100,1000,100,0.9,0.5,0.9,0.5,0.9,5,0.74,1,4,,problem_solving,10
23,0.009903503880999878,0.130941,0.00393999011797406,0.592,0.7861941958284306,-2.436463526068892,[0.         0.         0.01133859 0.         0.         0.         0.         0.         0.         0.         0.         0.02593025 0.         0.         0.01262861 0.         0.         0.         0.         0.         0.         0.         0.         0.         0.         0.95010255 0.         0.         0.         0.         0.        ],[0. 0. 1. 0. 0. 0. 0. 0. 0. 0. 0. 1. 0. 0. 1. 0. 0. 0. 0. 0. 0. 0. 0. 0. 0. 1. 0. 0. 0. 0. 0.],4.0,best,100,1000,100,0.9,0.5,0.9,0.5,0.9,5,0.74,1,4,,problem_solving,10
24,0.009903503880999878,0.130941,0.00393999011797406,0.596,0.7815866058505976,3.6369498754154375,[0.         0.         0.01133859 0.         0.         0.         0.         0.         0.         0.         0.         0.02593025 0.         0.         0.01262861 0.         0.         0.         0.         0.         0.         0.         0.         0.         0.         0.95010255 0.         0.         0.         0.         0.        ],[0. 0. 1. 0. 0. 0. 0. 0. 0. 0. 0. 1. 0. 0. 1. 0. 0. 0. 0. 0. 0. 0. 0. 0. 0. 1. 0. 0. 0. 0. 0.],4.0,best,100,1000,100,0.9,0.5,0.9,0.5,0.9,5,0.74,1,4,,problem_solving,10
25,0.009903503880999878,0.130941,0.00393999011797406,0.6,0.7770060192334055,0.7083958690230158,[0.         0.         0.01133859 0.         0.         0.         0.         0.         0.         0.         0.         0.02593025 0.         0.         0.01262861 0.         0.         0.         0.         0.         0.         0.         0.         0.         0.         0.95010255 0.         0.         0.         0.         0.        ],[0. 0. 1. 0. 0. 0. 0. 0. 0. 0. 0. 1. 0. 0. 1. 0. 0. 0. 0. 0. 0. 0. 0. 0. 0. 1. 0. 0. 0. 0. 0.],4.0,best,100,1000,100,0.9,0.5,0.9,0.5,0.9,5,0.74,1,4,,problem_solving,10
26,0.009903503880999878,0.130941,0.00393999011797406,0.604,0.7724522777202626,-2.4799540248577303,[0.         0.         0.01133859 0.         0.         0.         0.         0.         0.         0.         0.         0.02593025 0.         0.         0.01262861 0.         0.         0.         0.         0.         0.         0.         0.         0.         0.         0.95010255 0.         0.         0.         0.         0.        ],[0. 0. 1. 0. 0. 0. 0. 0. 0. 0. 0. 1. 0. 0. 1. 0. 0. 0. 0. 0. 0. 0. 0. 0. 0. 1. 0. 0. 0. 0. 0.],4.0,best,100,1000,100,0.9,0.5,0.9,0.5,0.9,5,0.74,1,4,,problem_solving,10
27,0.009903503880999878,0.130941,0.00393999011797406,0.608,0.7679252239820602,0.5044780601687205,[0.         0.         0.01133859 0.         0.         0.         0.         0.         0.         0.         0.         0.02593025 0.         0.         0.01262861 0.         0.         0.         0.         0.         0.         0.         0.         0.         0.         0.95010255 0.         0.         0.         0.         0.        ],[0. 0. 1. 0. 0. 0. 0. 0. 0. 0. 0. 1. 0. 0. 1. 0. 0. 0. 0. 0. 0. 0. 0. 0. 0. 1. 0. 0. 0. 0. 0.],4.0,best,100,1000,100,0.9,0.5,0.9,0.5,0.9,5,0.74,1,4,,problem_solving,10
28,0.009903503880999878,0.130941,0.00393999011797406,0.612,0.7634247016117359,2.285921884212089,[0.         0.         0.01133859 0.         0.         0.         0.         0.         0.         0.         0.         0.02593025 0.         0.         0.01262861 0.         0.         0.         0.         0.         0.         0.         0.         0.         0.         0.95010255 0.         0.         0.         0.         0.        ],[0. 0. 1. 0. 0. 0. 0. 0. 0. 0. 0. 1. 0. 0. 1. 0. 0. 0. 0. 0. 0. 0. 0. 0. 0. 1. 0. 0. 0. 0. 0.],4.0,best,100,1000,100,0.9,0.5,0.9,0.5,0.9,5,0.74,1,4,,problem_solving,10
29,0.009903503880999878,0.130941,0.00393999011797406,0.616,0.758950555118871,1.0425979759800408,[0.         0.         0.01133859 0.         0.         0.         0.         0.         0.         0.         0.         0.02593025 0.         0.         0.01262861 0.         0.         0.         0.         0.         0.         0.         0.         0.         0.         0.95010255 0.         0.         0.         0.         0.        ],[0. 0. 1. 0. 0. 0. 0. 0. 0. 0. 0. 1. 0. 0. 1. 0. 0. 0. 0. 0. 0. 0. 0. 0. 0. 1. 0. 0. 0. 0. 0.],4.0,best,100,1000,100,0.9,0.5,0.9,0.5,0.9,5,0.74,1,4,,problem_solving,10
30,0.009903503880999878,0.130941,0.00393999011797406,0.62,0.754502629924318,-2.8174479416199785,[0.         0.         0.01133859 0.         0.         0.         0.         0.         0.         0.         0.         0.02593025 0.         0.         0.01262861 0.         0.         0.         0.         0.         0.         0.         0.         0.         0.         0.95010255 0.         0.         0.         0.         0.        ],[0. 0. 1. 0. 0. 0. 0. 0. 0. 0. 0. 1. 0. 0. 1. 0. 0. 0. 0. 0. 0. 0. 0. 0. 0. 1. 0. 0. 0. 0. 0.],4.0,best,100,1000,100,0.9,0.5,0.9,0.5,0.9,5,0.74,1,4,,problem_solving,10
31,0.009903503880999878,0.130941,0.00393999011797406,0.624,0.7500807723548599,-2.1654711664331,[0.         0.         0.01133859 0.         0.         0.         0.         0.         0.         0.         0.         0.02593025 0.         0.         0.01262861 0.         0.         0.         0.         0.         0.         0.         0.         0.         0.         0.95010255 0.         0.         0.         0.         0.        ],[0. 0. 1. 0. 0. 0. 0. 0. 0. 0. 0. 1. 0. 0. 1. 0. 0. 0. 0. 0. 0. 0. 0. 0. 0. 1. 0. 0. 0. 0. 0.],4.0,best,100,1000,100,0.9,0.5,0.9,0.5,0.9,5,0.74,1,4,,problem_solving,10
32,0.009903503880999878,0.130941,0.00393999011797406,0.628,0.7456848296379007,-5.339762256043859,[0.         0.         0.01133859 0.         0.         0.         0.         0.         0.         0.         0.         0.02593025 0.         0.         0.01262861 0.         0.         0.         0.         0.         0.         0.         0.         0.         0.         0.95010255 0.         0.         0.         0.         0.        ],[0. 0. 1. 0. 0. 0. 0. 0. 0. 0. 0. 1. 0. 0. 1. 0. 0. 0. 0. 0. 0. 0. 0. 0. 0. 1. 0. 0. 0. 0. 0.],4.0,best,100,1000,100,0.9,0.5,0.9,0.5,0.9,5,0.74,1,4,,problem_solving,10
33,0.009903503880999878,0.130941,0.00393999011797406,0.632,0.7413146498961878,1.1087646194618352,[0.         0.         0.01133859 0.         0.         0.         0.         0.         0.         0.         0.         0.02593025 0.         0.         0.01262861 0.         0.         0.         0.         0.         0.         0.         0.         0.         0.         0.95010255 0.         0.         0.         0.         0.        ],[0. 0. 1. 0. 0. 0. 0. 0. 0. 0. 0. 1. 0. 0. 1. 0. 0. 0. 0. 0. 0. 0. 0. 0. 0. 1. 0. 0. 0. 0. 0.],4.0,best,100,1000,100,0.9,0.5,0.9,0.5,0.9,5,0.74,1,4,,problem_solving,10
34,0.009903503880999878,0.130941,0.00393999011797406,0.636,0.7369700821425638,-2.3436845839772995,[0.         0.         0.01133859 0.         0.         0.         0.         0.         0.         0.         0.         0.02593025 0.         0.         0.01262861 0.         0.         0.         0.         0.         0.         0.         0.         0.         0.         0.95010255 0.         0.         0.         0.         0.        ],[0. 0. 1. 0. 0. 0. 0. 0. 0. 0. 0. 1. 0. 0. 1. 0. 0. 0. 0. 0. 0. 0. 0. 0. 0. 1. 0. 0. 0. 0. 0.],4.0,best,100,1000,100,0.9,0.5,0.9,0.5,0.9,5,0.74,1,4,,problem_solving,10
35,0.009903503880999878,0.130941,0.00393999011797406,0.64,0.7326509762747511,1.2185940439958334,[0.         0.         0.01133859 0.         0.         0.         0.         0.         0.         0.         0.         0.02593025 0.         0.         0.01262861 0.         0.         0.         0.         0.         0.         0.         0.         0.         0.         0.95010255 0.         0.         0.         0.         0.        ],[0. 0. 1. 0. 0. 0. 0. 0. 0. 0. 0. 1. 0. 0. 1. 0. 0. 0. 0. 0. 0. 0. 0. 0. 0. 1. 0. 0. 0. 0. 0.],4.0,best,100,1000,100,0.9,0.5,0.9,0.5,0.9,5,0.74,1,4,,problem_solving,10
36,0.009903503880999878,0.130941,0.00393999011797406,0.644,0.7283571830701648,-1.4258585622150315,[0.         0.         0.01133859 0.         0.         0.         0.         0.         0.         0.         0.         0.02593025 0.         0.         0.01262861 0.         0.         0.         0.         0.         0.         0.         0.         0.         0.         0.95010255 0.         0.         0.         0.         0.        ],[0. 0. 1. 0. 0. 0. 0. 0. 0. 0. 0. 1. 0. 0. 1. 0. 0. 0. 0. 0. 0. 0. 0. 0. 0. 1. 0. 0. 0. 0. 0.],4.0,best,100,1000,100,0.9,0.5,0.9,0.5,0.9,5,0.74,1,4,,problem_solving,10
37,0.009903503880999878,0.130941,0.00393999011797406,0.648,0.7240885541807586,-7.698996519344973,[0.         0.         0.01133859 0.         0.         0.         0.         0.         0.         0.         0.         0.02593025 0.         0.         0.01262861 0.         0.         0.         0.         0.         0.         0.         0.         0.         0.         0.95010255 0.         0.         0.         0.         0.        ],[0. 0. 1. 0. 0. 0. 0. 0. 0. 0. 0. 1. 0. 0. 1. 0. 0. 0. 0. 0. 0. 0. 0. 0. 0. 1. 0. 0. 0. 0. 0.],4.0,best,100,1000,100,0.9,0.5,0.9,0.5,0.9,5,0.74,1,4,,problem_solving,10
38,0.009903503880999878,0.130941,0.00393999011797406,0.652,0.7198449421278975,-6.402289667426537,[0.         0.         0.01133859 0.         0.         0.         0.         0.         0.         0.         0.         0.02593025 0.         0.         0.01262861 0.         0.         0.         0.         0.         0.         0.         0.         0.         0.         0.95010255 0.         0.         0.         0.         0.        ],[0. 0. 1. 0. 0. 0. 0. 0. 0. 0. 0. 1. 0. 0. 1. 0. 0. 0. 0. 0. 0. 0. 0. 0. 0. 1. 0. 0. 0. 0. 0.],4.0,best,100,1000,100,0.9,0.5,0.9,0.5,0.9,5,0.74,1,4,,problem_solving,10
39,0.009903503880999878,0.130941,0.00393999011797406,0.656,0.7156262002972644,3.9951601260855476,[0.         0.         0.01133859 0.         0.         0.         0.         0.         0.         0.         0.         0.02593025 0.         0.         0.01262861 0.         0.         0.         0.         0.         0.         0.         0.         0.         0.         0.95010255 0.         0.         0.         0.         0.        ],[0. 0. 1. 0. 0. 0. 0. 0. 0. 0. 0. 1. 0. 0. 1. 0. 0. 0. 0. 0. 0. 0. 0. 0. 0. 1. 0. 0. 0. 0. 0.],4.0,best,100,1000,100,0.9,0.5,0.9,0.5,0.9,5,0.74,1,4,,problem_solving,10
40,0.009903503880999878,0.130941,0.00393999011797406,0.66,0.7114321829337936,1.1482691034099592,[0.         0.         0.01133859 0.         0.         0.         0.         0.         0.         0.         0.         0.02593025 0.         0.         0.01262861 0.         0.         0.         0.         0.         0.         0.         0.         0.         0.         0.95010255 0.         0.         0.         0.         0.        ],[0. 0. 1. 0. 0. 0. 0. 0. 0. 0. 0. 1. 0. 0. 1. 0. 0. 0. 0. 0. 0. 0. 0. 0. 0. 1. 0. 0. 0. 0. 0.],4.0,best,100,1000,100,0.9,0.5,0.9,0.5,0.9,5,0.74,1,4,,problem_solving,10
41,0.009520982681134554,0.11991,0.0020378389146241582,0.664,0.707262745136635,-6.179183756987509,[0.         0.         0.         0.         0.         0.         0.         0.         0.         0.02260079 0.         0.         0.         0.         0.         0.         0.         0.         0.         0.         0.         0.         0.         0.         0.         0.94965186 0.         0.         0.01661614 0.         0.01113121],[0. 0. 0. 0. 0. 0. 0. 0. 0. 1. 0. 0. 0. 0. 0. 0. 0. 0. 0. 0. 0. 0. 0. 0. 0. 1. 0. 0. 1. 0. 1.],4.0,best,100,1000,100,0.9,0.5,0.9,0.5,0.9,5,0.74,1,4,,problem_solving,10
42,0.009520982681134554,0.11991,0.0020378389146241582,0.668,0.7031177428541489,3.4819199418577966,[0.         0.         0.         0.         0.         0.         0.         0.         0.         0.02260079 0.         0.         0.         0.         0.         0.         0.         0.         0.         0.         0.         0.         0.         0.         0.         0.94965186 0.         0.         0.01661614 0.         0.01113121],[0. 0. 0. 0. 0. 0. 0. 0. 0. 1. 0. 0. 0. 0. 0. 0. 0. 0. 0. 0. 0. 0. 0. 0. 0. 1. 0. 0. 1. 0. 1.],4.0,best,100,1000,100,0.9,0.5,0.9,0.5,0.9,5,0.74,1,4,,problem_solving,10
43,0.009520982681134554,0.11991,0.0020378389146241582,0.672,0.6989970328789274,-1.192125236616872,[0.         0.         0.         0.         0.         0.         0.         0.         0.         0.02260079 0.         0.         0.         0.         0.         0.         0.         0.         0.         0.         0.         0.         0.         0.         0.         0.94965186 0.         0.         0.01661614 0.         0.01113121],[0. 0. 0. 0. 0. 0. 0. 0. 0. 1. 0. 0. 0. 0. 0. 0. 0. 0. 0. 0. 0. 0. 0. 0. 0. 1. 0. 0. 1. 0. 1.],4.0,best,100,1000,100,0.9,0.5,0.9,0.5,0.9,5,0.74,1,4,,problem_solving,10
44,0.009520982681134554,0.11991,0.0020378389146241582,0.6759999999999999,0.6949004728428485,4.4255551746078785,[0.         0.         0.         0.         0.         0.         0.         0.         0.         0.02260079 0.         0.         0.         0.         0.         0.         0.         0.         0.         0.         0.         0.         0.         0.         0.         0.94965186 0.         0.         0.01661614 0.         0.01113121],[0. 0. 0. 0. 0. 0. 0. 0. 0. 1. 0. 0. 0. 0. 0. 0. 0. 0. 0. 0. 0. 0. 0. 0. 0. 1. 0. 0. 1. 0. 1.],4.0,best,100,1000,100,0.9,0.5,0.9,0.5,0.9,5,0.74,1,4,,problem_solving,10
45,0.009520982681134554,0.11991,0.0020378389146241582,0.6799999999999999,0.6908279212121557,2.835178707331507,[0.         0.         0.         0.         0.         0.         0.         0.         0.         0.02260079 0.         0.         0.         0.         0.         0.         0.         0.         0.         0.         0.         0.         0.         0.         0.         0.94965186 0.         0.         0.01661614 0.         0.01113121],[0. 0. 0. 0. 0. 0. 0. 0. 0. 1. 0. 0. 0. 0. 0. 0. 0. 0. 0. 0. 0. 0. 0. 0. 0. 1. 0. 0. 1. 0. 1.],4.0,best,100,1000,100,0.9,0.5,0.9,0.5,0.9,5,0.74,1,4,,problem_solving,10
46,0.006887756747807154,0.117863,0.004577585519001845,0.6839999999999999,0.6867792372825696,-0.6345396699960922,[0.         0.         0.         0.         0.95427999 0.01300951 0.         0.         0.         0.         0.         0.         0.         0.         0.         0.         0.         0.         0.         0.         0.         0.         0.         0.01970098 0.         0.         0.         0.01300951 0.         0.         0.        ],[0. 0. 0. 0. 1. 1. 0. 0. 0. 0. 0. 0. 0. 0. 0. 0. 0. 0. 0. 0. 0. 0. 0. 1. 0. 0. 0. 1. 0. 0. 0.],4.0,best,100,1000,100,0.9,0.5,0.9,0.5,0.9,5,0.74,1,4,,problem_solving,10
47,0.006887756747807154,0.117863,0.004577585519001845,0.688,0.6827542811744257,-0.6096178555454916,[0.         0.         0.         0.         0.95427999 0.01300951 0.         0.         0.         0.         0.         0.         0.         0.         0.         0.         0.         0.         0.         0.         0.         0.         0.         0.01970098 0.         0.         0.         0.01300951 0.         0.         0.        ],[0. 0. 0. 0. 1. 1. 0. 0. 0. 0. 0. 0. 0. 0. 0. 0. 0. 0. 0. 0. 0. 0. 0. 1. 0. 0. 0. 1. 0. 0. 0.],4.0,best,100,1000,100,0.9,0.5,0.9,0.5,0.9,5,0.74,1,4,,problem_solving,10
48,0.006887756747807154,0.117863,0.004577585519001845,0.692,0.6787529138278414,2.8730008752239566,[0.         0.         0.         0.         0.95427999 0.01300951 0.         0.         0.         0.         0.         0.         0.         0.         0.         0.         0.         0.         0.         0.         0.         0.         0.         0.01970098 0.         0.         0.         0.01300951 0.         0.         0.        ],[0. 0. 0. 0. 1. 1. 0. 0. 0. 0. 0. 0. 0. 0. 0. 0. 0. 0. 0. 0. 0. 0. 0. 1. 0. 0. 0. 1. 0. 0. 0.],4.0,best,100,1000,100,0.9,0.5,0.9,0.5,0.9,5,0.74,1,4,,problem_solving,10
49,0.006887756747807154,0.117863,0.004577585519001845,0.696,0.6747749969979128,0.8982720852640953,[0.         0.         0.         0.         0.95427999 0.01300951 0.         0.         0.         0.         0.         0.         0.         0.         0.         0.         0.         0.         0.         0.         0.         0.         0.         0.01970098 0.         0.         0.         0.01300951 0.         0.         0.        ],[0. 0. 0. 0. 1. 1. 0. 0. 0. 0. 0. 0. 0. 0. 0. 0. 0. 0. 0. 0. 0. 0. 0. 1. 0. 0. 0. 1. 0. 0. 0.],4.0,best,100,1000,100,0.9,0.5,0.9,0.5,0.9,5,0.74,1,4,,problem_solving,10
50,0.006887756747807154,0.117863,0.004577585519001845,0.7,0.6708203932499369,-2.1927239925828244,[0.         0.         0.         0.         0.95427999 0.01300951 0.         0.         0.         0.         0.         0.         0.         0.         0.         0.         0.         0.         0.         0.         0.         0.         0.         0.01970098 0.         0.         0.         0.01300951 0.         0.         0.        ],[0. 0. 0. 0. 1. 1. 0. 0. 0. 0. 0. 0. 0. 0. 0. 0. 0. 0. 0. 0. 0. 0. 0. 1. 0. 0. 0. 1. 0. 0. 0.],4.0,best,100,1000,100,0.9,0.5,0.9,0.5,0.9,5,0.74,1,4,,problem_solving,10
51,0.006887756747807154,0.117863,0.004577585519001845,0.704,0.6668889659546647,-6.730342961900798,[0.         0.         0.         0.         0.95427999 0.01300951 0.         0.         0.         0.         0.         0.         0.         0.         0.         0.         0.         0.         0.         0.         0.         0.         0.         0.01970098 0.         0.         0.         0.01300951 0.         0.         0.        ],[0. 0. 0. 0. 1. 1. 0. 0. 0. 0. 0. 0. 0. 0. 0. 0. 0. 0. 0. 0. 0. 0. 0. 1. 0. 0. 0. 1. 0. 0. 0.],4.0,best,100,1000,100,0.9,0.5,0.9,0.5,0.9,5,0.74,1,4,,problem_solving,10
52,0.006887756747807154,0.117863,0.004577585519001845,0.708,0.6629805792835798,0.7632923990354812,[0.         0.         0.         0.         0.95427999 0.01300951 0.         0.         0.         0.         0.         0.         0.         0.         0.         0.         0.         0.         0.         0.         0.         0.         0.         0.01970098 0.         0.         0.         0.01300951 0.         0.         0.        ],[0. 0. 0. 0. 1. 1. 0. 0. 0. 0. 0. 0. 0. 0. 0. 0. 0. 0. 0. 0. 0. 0. 0. 1. 0. 0. 0. 1. 0. 0. 0.],4.0,best,100,1000,100,0.9,0.5,0.9,0.5,0.9,5,0.74,1,4,,problem_solving,10
53,0.006887756747807154,0.117863,0.004577585519001845,0.712,0.6590950982042058,2.93416754365813,[0.         0.         0.         0.         0.95427999 0.01300951 0.         0.         0.         0.         0.         0.         0.         0.         0.         0.         0.         0.         0.         0.         0.         0.         0.         0.01970098 0.         0.         0.         0.01300951 0.         0.         0.        ],[0. 0. 0. 0. 1. 1. 0. 0. 0. 0. 0. 0. 0. 0. 0. 0. 0. 0. 0. 0. 0. 0. 0. 1. 0. 0. 0. 1. 0. 0. 0.],4.0,best,100,1000,100,0.9,0.5,0.9,0.5,0.9,5,0.74,1,4,,problem_solving,10
54,0.006887756747807154,0.117863,0.004577585519001845,0.716,0.6552323884754414,2.2370196720995583,[0.         0.         0.         0.         0.95427999 0.01300951 0.         0.         0.         0.         0.         0.         0.         0.         0.         0.         0.         0.         0.         0.         0.         0.         0.         0.01970098 0.         0.         0.         0.01300951 0.         0.         0.        ],[0. 0. 0. 0. 1. 1. 0. 0. 0. 0. 0. 0. 0. 0. 0. 0. 0. 0. 0. 0. 0. 0. 0. 1. 0. 0. 0. 1. 0. 0. 0.],4.0,best,100,1000,100,0.9,0.5,0.9,0.5,0.9,5,0.74,1,4,,problem_solving,10
55,0.006887756747807154,0.117863,0.004577585519001845,0.72,0.651392316642922,2.0830898232770663,[0.         0.         0.         0.         0.95427999 0.01300951 0.         0.         0.         0.         0.         0.         0.         0.         0.         0.         0.         0.         0.         0.         0.         0.         0.         0.01970098 0.         0.         0.         0.01300951 0.         0.         0.        ],[0. 0. 0. 0. 1. 1. 0. 0. 0. 0. 0. 0. 0. 0. 0. 0. 0. 0. 0. 0. 0. 0. 0. 1. 0. 0. 0. 1. 0. 0. 0.],4.0,best,100,1000,100,0.9,0.5,0.9,0.5,0.9,5,0.74,1,4,,problem_solving,10
56,0.006887756747807154,0.117863,0.004577585519001845,0.724,0.6475747500344088,1.3457283475006154,[0.         0.         0.         0.         0.95427999 0.01300951 0.         0.         0.         0.         0.         0.         0.         0.         0.         0.         0.         0.         0.         0.         0.         0.         0.         0.01970098 0.         0.         0.         0.01300951 0.         0.         0.        ],[0. 0. 0. 0. 1. 1. 0. 0. 0. 0. 0. 0. 0. 0. 0. 0. 0. 0. 0. 0. 0. 0. 0. 1. 0. 0. 0. 1. 0. 0. 0.],4.0,best,100,1000,100,0.9,0.5,0.9,0.5,0.9,5,0.74,1,4,,problem_solving,10
57,0.006887756747807154,0.117863,0.004577585519001845,0.728,0.6437795567552059,2.999391592515909,[0.         0.         0.         0.         0.95427999 0.01300951 0.         0.         0.         0.         0.         0.         0.         0.         0.         0.         0.         0.         0.         0.         0.         0.         0.         0.01970098 0.         0.         0.         0.01300951 0.         0.         0.        ],[0. 0. 0. 0. 1. 1. 0. 0. 0. 0. 0. 0. 0. 0. 0. 0. 0. 0. 0. 0. 0. 0. 0. 1. 0. 0. 0. 1. 0. 0. 0.],4.0,best,100,1000,100,0.9,0.5,0.9,0.5,0.9,5,0.74,1,4,,problem_solving,10
58,0.006887756747807154,0.117863,0.004577585519001845,0.732,0.6400066056836028,1.8244539959375805,[0.         0.         0.         0.         0.95427999 0.01300951 0.         0.         0.         0.         0.         0.         0.         0.         0.         0.         0.         0.         0.         0.         0.         0.         0.         0.01970098 0.         0.         0.         0.01300951 0.         0.         0.        ],[0. 0. 0. 0. 1. 1. 0. 0. 0. 0. 0. 0. 0. 0. 0. 0. 0. 0. 0. 0. 0. 0. 0. 1. 0. 0. 0. 1. 0. 0. 0.],4.0,best,100,1000,100,0.9,0.5,0.9,0.5,0.9,5,0.74,1,4,,problem_solving,10
59,0.006887756747807154,0.117863,0.004577585519001845,0.736,0.6362557664663436,1.7857235759380972,[0.         0.         0.         0.         0.95427999 0.01300951 0.         0.         0.         0.         0.         0.         0.         0.         0.         0.         0.         0.         0.         0.         0.         0.         0.         0.01970098 0.         0.         0.         0.01300951 0.         0.         0.        ],[0. 0. 0. 0. 1. 1. 0. 0. 0. 0. 0. 0. 0. 0. 0. 0. 0. 0. 0. 0. 0. 0. 0. 1. 0. 0. 0. 1. 0. 0. 0.],4.0,best,100,1000,100,0.9,0.5,0.9,0.5,0.9,5,0.74,1,4,,problem_solving,10
60,0.006887756747807154,0.117863,0.004577585519001845,0.74,0.6325269095141249,-2.7034472845984263,[0.         0.         0.         0.         0.95427999 0.01300951 0.         0.         0.         0.         0.         0.         0.         0.         0.         0.         0.         0.         0.         0.         0.         0.         0.         0.01970098 0.         0.         0.         0.01300951 0.         0.         0.        ],[0. 0. 0. 0. 1. 1. 0. 0. 0. 0. 0. 0. 0. 0. 0. 0. 0. 0. 0. 0. 0. 0. 0. 1. 0. 0. 0. 1. 0. 0. 0.],4.0,best,100,1000,100,0.9,0.5,0.9,0.5,0.9,5,0.74,1,4,,problem_solving,10
61,0.006887756747807154,0.117863,0.004577585519001845,0.744,0.6288199059971172,-5.035854186491937,[0.         0.         0.         0.         0.95427999 0.01300951 0.         0.         0.         0.         0.         0.         0.         0.         0.         0.         0.         0.         0.         0.         0.         0.         0.         0.01970098 0.         0.         0.         0.01300951 0.         0.         0.        ],[0. 0. 0. 0. 1. 1. 0. 0. 0. 0. 0. 0. 0. 0. 0. 0. 0. 0. 0. 0. 0. 0. 0. 1. 0. 0. 0. 1. 0. 0. 0.],4.0,best,100,1000,100,0.9,0.5,0.9,0.5,0.9,5,0.74,1,4,,problem_solving,10
62,0.006887756747807154,0.117863,0.004577585519001845,0.748,0.6251346278405147,-2.086498993523003,[0.         0.         0.         0.         0.95427999 0.01300951 0.         0.         0.         0.         0.         0.         0.         0.         0.         0.         0.         0.         0.         0.         0.         0.         0.         0.01970098 0.         0.         0.         0.01300951 0.         0.         0.        ],[0. 0. 0. 0. 1. 1. 0. 0. 0. 0. 0. 0. 0. 0. 0. 0. 0. 0. 0. 0. 0. 0. 0. 1. 0. 0. 0. 1. 0. 0. 0.],4.0,best,100,1000,100,0.9,0.5,0.9,0.5,0.9,5,0.74,1,4,,problem_solving,10
63,0.006887756747807154,0.117863,0.004577585519001845,0.752,0.6214709477201097,-4.213903121468447,[0.         0.         0.         0.         0.95427999 0.01300951 0.         0.         0.         0.         0.         0.         0.         0.         0.         0.         0.         0.         0.         0.         0.         0.         0.         0.01970098 0.         0.         0.         0.01300951 0.         0.         0.        ],[0. 0. 0. 0. 1. 1. 0. 0. 0. 0. 0. 0. 0. 0. 0. 0. 0. 0. 0. 0. 0. 0. 0. 1. 0. 0. 0. 1. 0. 0. 0.],4.0,best,100,1000,100,0.9,0.5,0.9,0.5,0.9,5,0.74,1,4,,problem_solving,10
64,0.006887756747807154,0.117863,0.004577585519001845,0.756,0.6178287390578946,-0.6158441869990902,[0.         0.         0.         0.         0.95427999 0.01300951 0.         0.         0.         0.         0.         0.         0.         0.         0.         0.         0.         0.         0.         0.         0.         0.         0.         0.01970098 0.         0.         0.         0.01300951 0.         0.         0.        ],[0. 0. 0. 0. 1. 1. 0. 0. 0. 0. 0. 0. 0. 0. 0. 0. 0. 0. 0. 0. 0. 0. 0. 1. 0. 0. 0. 1. 0. 0. 0.],4.0,best,100,1000,100,0.9,0.5,0.9,0.5,0.9,5,0.74,1,4,,problem_solving,10
65,0.006887756747807154,0.117863,0.004577585519001845,0.76,0.6142078760176876,-1.219344558541911,[0.         0.         0.         0.         0.95427999 0.01300951 0.         0.         0.         0.         0.         0.         0.         0.         0.         0.         0.         0.         0.         0.         0.         0.         0.         0.01970098 0.         0.         0.         0.01300951 0.         0.         0.        ],[0. 0. 0. 0. 1. 1. 0. 0. 0. 0. 0. 0. 0. 0. 0. 0. 0. 0. 0. 0. 0. 0. 0. 1. 0. 0. 0. 1. 0. 0. 0.],4.0,best,100,1000,100,0.9,0.5,0.9,0.5,0.9,5,0.74,1,4,,problem_solving,10
66,0.006887756747807154,0.117863,0.004577585519001845,0.764,0.6106082335007861,-3.014295035888018,[0.         0.         0.         0.         0.95427999 0.01300951 0.         0.         0.         0.         0.         0.         0.         0.         0.         0.         0.         0.         0.         0.         0.         0.         0.         0.01970098 0.         0.         0.         0.01300951 0.         0.         0.        ],[0. 0. 0. 0. 1. 1. 0. 0. 0. 0. 0. 0. 0. 0. 0. 0. 0. 0. 0. 0. 0. 0. 0. 1. 0. 0. 0. 1. 0. 0. 0.],4.0,best,100,1000,100,0.9,0.5,0.9,0.5,0.9,5,0.74,1,4,,problem_solving,10
67,0.006887756747807154,0.117863,0.004577585519001845,0.768,0.6070296871416437,-2.856000288717084,[0.         0.         0.         0.         0.95427999 0.01300951 0.         0.         0.         0.         0.         0.         0.         0.         0.         0.         0.         0.         0.         0.         0.         0.         0.         0.01970098 0.         0.         0.         0.01300951 0.         0.         0.        ],[0. 0. 0. 0. 1. 1. 0. 0. 0. 0. 0. 0. 0. 0. 0. 0. 0. 0. 0. 0. 0. 0. 0. 1. 0. 0. 0. 1. 0. 0. 0.],4.0,best,100,1000,100,0.9,0.5,0.9,0.5,0.9,5,0.74,1,4,,problem_solving,10
68,0.006887756747807154,0.117863,0.004577585519001845,0.772,0.6034721133035746,1.494190796891088,[0.         0.         0.         0.         0.95427999 0.01300951 0.         0.         0.         0.         0.         0.         0.         0.         0.         0.         0.         0.         0.         0.         0.         0.         0.         0.01970098 0.         0.         0.         0.01300951 0.         0.         0.        ],[0. 0. 0. 0. 1. 1. 0. 0. 0. 0. 0. 0. 0. 0. 0. 0. 0. 0. 0. 0. 0. 0. 0. 1. 0. 0. 0. 1. 0. 0. 0.],4.0,best,100,1000,100,0.9,0.5,0.9,0.5,0.9,5,0.74,1,4,,problem_solving,10
69,0.006887756747807154,0.117863,0.004577585519001845,0.776,0.5999353890744809,0.6576493582922057,[0.         0.         0.         0.         0.95427999 0.01300951 0.         0.         0.         0.         0.         0.         0.         0.         0.         0.         0.         0.         0.         0.         0.         0.         0.         0.01970098 0.         0.         0.         0.01300951 0.         0.         0.        ],[0. 0. 0. 0. 1. 1. 0. 0. 0. 0. 0. 0. 0. 0. 0. 0. 0. 0. 0. 0. 0. 0. 0. 1. 0. 0. 0. 1. 0. 0. 0.],4.0,best,100,1000,100,0.9,0.5,0.9,0.5,0.9,5,0.74,1,4,,problem_solving,10
70,0.006887756747807154,0.117863,0.004577585519001845,0.78,0.5964193922626064,2.370016880328618,[0.         0.         0.         0.         0.95427999 0.01300951 0.         0.         0.         0.         0.         0.         0.         0.         0.         0.         0.         0.         0.         0.         0.         0.         0.         0.01970098 0.         0.         0.         0.01300951 0.         0.         0.        ],[0. 0. 0. 0. 1. 1. 0. 0. 0. 0. 0. 0. 0. 0. 0. 0. 0. 0. 0. 0. 0. 0. 0. 1. 0. 0. 0. 1. 0. 0. 0.],4.0,best,100,1000,100,0.9,0.5,0.9,0.5,0.9,5,0.74,1,4,,problem_solving,10
71,0.006887756747807154,0.117863,0.004577585519001845,0.784,0.5929240013923155,1.0038396760100792,[0.         0.         0.         0.         0.95427999 0.01300951 0.         0.         0.         0.         0.         0.         0.         0.         0.         0.         0.         0.         0.         0.         0.         0.         0.         0.01970098 0.         0.         0.         0.01300951 0.         0.         0.        ],[0. 0. 0. 0. 1. 1. 0. 0. 0. 0. 0. 0. 0. 0. 0. 0. 0. 0. 0. 0. 0. 0. 0. 1. 0. 0. 0. 1. 0. 0. 0.],4.0,best,100,1000,100,0.9,0.5,0.9,0.5,0.9,5,0.74,1,4,,problem_solving,10
72,0.006887756747807154,0.117863,0.004577585519001845,0.788,0.5894490956998952,-1.6997558794634942,[0.         0.         0.         0.         0.95427999 0.01300951 0.         0.         0.         0.         0.         0.         0.         0.         0.         0.         0.         0.         0.         0.         0.         0.         0.         0.01970098 0.         0.         0.         0.01300951 0.         0.         0.        ],[0. 0. 0. 0. 1. 1. 0. 0. 0. 0. 0. 0. 0. 0. 0. 0. 0. 0. 0. 0. 0. 0. 0. 1. 0. 0. 0. 1. 0. 0. 0.],4.0,best,100,1000,100,0.9,0.5,0.9,0.5,0.9,5,0.74,1,4,,problem_solving,10
73,0.006887756747807154,0.117863,0.004577585519001845,0.792,0.5859945551293841,3.0060468092906554,[0.         0.         0.         0.         0.95427999 0.01300951 0.         0.         0.         0.         0.         0.         0.         0.         0.         0.         0.         0.         0.         0.         0.         0.         0.         0.01970098 0.         0.         0.         0.01300951 0.         0.         0.        ],[0. 0. 0. 0. 1. 1. 0. 0. 0. 0. 0. 0. 0. 0. 0. 0. 0. 0. 0. 0. 0. 0. 0. 1. 0. 0. 0. 1. 0. 0. 0.],4.0,best,100,1000,100,0.9,0.5,0.9,0.5,0.9,5,0.74,1,4,,problem_solving,10
74,0.006887756747807154,0.117863,0.004577585519001845,0.796,0.5825602603284237,4.298610990618248,[0.         0.         0.         0.         0.95427999 0.01300951 0.         0.         0.         0.         0.         0.         0.         0.         0.         0.         0.         0.         0.         0.         0.         0.         0.         0.01970098 0.         0.         0.         0.01300951 0.         0.         0.        ],[0. 0. 0. 0. 1. 1. 0. 0. 0. 0. 0. 0. 0. 0. 0. 0. 0. 0. 0. 0. 0. 0. 0. 1. 0. 0. 0. 1. 0. 0. 0.],4.0,best,100,1000,100,0.9,0.5,0.9,0.5,0.9,5,0.74,1,4,,problem_solving,10
75,0.006887756747807154,0.117863,0.004577585519001845,0.8,0.5791460926441345,-0.08075642932687717,[0.         0.         0.         0.         0.95427999 0.01300951 0.         0.         0.         0.         0.         0.         0.         0.         0.         0.         0.         0.         0.         0.         0.         0.         0.         0.01970098 0.         0.         0.         0.01300951 0.         0.         0.        ],[0. 0. 0. 0. 1. 1. 0. 0. 0. 0. 0. 0. 0. 0. 0. 0. 0. 0. 0. 0. 0. 0. 0. 1. 0. 0. 0. 1. 0. 0. 0.],4.0,best,100,1000,100,0.9,0.5,0.9,0.5,0.9,5,0.74,1,4,,problem_solving,10
76,0.006887756747807154,0.117863,0.004577585519001845,0.804,0.5757519341190179,0.29952167613589925,[0.         0.         0.         0.         0.95427999 0.01300951 0.         0.         0.         0.         0.         0.         0.         0.         0.         0.         0.         0.         0.         0.         0.         0.         0.         0.01970098 0.         0.         0.         0.01300951 0.         0.         0.        ],[0. 0. 0. 0. 1. 1. 0. 0. 0. 0. 0. 0. 0. 0. 0. 0. 0. 0. 0. 0. 0. 0. 0. 1. 0. 0. 0. 1. 0. 0. 0.],4.0,best,100,1000,100,0.9,0.5,0.9,0.5,0.9,5,0.74,1,4,,problem_solving,10
77,0.006887756747807154,0.117863,0.004577585519001845,0.808,0.5723776674868795,-1.5435351968601592,[0.         0.         0.         0.         0.95427999 0.01300951 0.         0.         0.         0.         0.         0.         0.         0.         0.         0.         0.         0.         0.         0.         0.         0.         0.         0.01970098 0.         0.         0.         0.01300951 0.         0.         0.        ],[0. 0. 0. 0. 1. 1. 0. 0. 0. 0. 0. 0. 0. 0. 0. 0. 0. 0. 0. 0. 0. 0. 0. 1. 0. 0. 0. 1. 0. 0. 0.],4.0,best,100,1000,100,0.9,0.5,0.9,0.5,0.9,5,0.74,1,4,,problem_solving,10
78,0.006887756747807154,0.117863,0.004577585519001845,0.812,0.5690231761687783,-1.190393453252473,[0.         0.         0.         0.         0.95427999 0.01300951 0.         0.         0.         0.         0.         0.         0.         0.         0.         0.         0.         0.         0.         0.         0.         0.         0.         0.01970098 0.         0.         0.         0.01300951 0.         0.         0.        ],[0. 0. 0. 0. 1. 1. 0. 0. 0. 0. 0. 0. 0. 0. 0. 0. 0. 0. 0. 0. 0. 0. 0. 1. 0. 0. 0. 1. 0. 0. 0.],4.0,best,100,1000,100,0.9,0.5,0.9,0.5,0.9,5,0.74,1,4,,problem_solving,10
79,0.006887756747807154,0.117863,0.004577585519001845,0.8160000000000001,0.5656883442689988,1.7165526930100452,[0.         0.         0.         0.         0.95427999 0.01300951 0.         0.         0.         0.         0.         0.         0.         0.         0.         0.         0.         0.         0.         0.         0.         0.         0.         0.01970098 0.         0.         0.         0.01300951 0.         0.         0.        ],[0. 0. 0. 0. 1. 1. 0. 0. 0. 0. 0. 0. 0. 0. 0. 0. 0. 0. 0. 0. 0. 0. 0. 1. 0. 0. 0. 1. 0. 0. 0.],4.0,best,100,1000,100,0.9,0.5,0.9,0.5,0.9,5,0.74,1,4,,problem_solving,10
80,0.0066066526701870805,0.108144,0.006255211910068747,0.8200000000000001,0.5623730565710474,-4.289531996301272,[0.         0.         0.         0.         0.         0.         0.         0.         0.01120555 0.         0.         0.         0.         0.         0.         0.         0.         0.         0.         0.         0.         0.         0.         0.01291984 0.         0.95728441 0.         0.         0.         0.         0.01859021],[0. 0. 0. 0. 0. 0. 0. 0. 1. 0. 0. 0. 0. 0. 0. 0. 0. 0. 0. 0. 0. 0. 0. 1. 0. 1. 0. 0. 0. 0. 1.],4.0,best,100,1000,100,0.9,0.5,0.9,0.5,0.9,5,0.74,1,4,,problem_solving,10
81,0.0066066526701870805,0.108144,0.006255211910068747,0.8240000000000001,0.5590771985336705,3.5003626122665152,[0.         0.         0.         0.         0.         0.         0.         0.         0.01120555 0.         0.         0.         0.         0.         0.         0.         0.         0.         0.         0.         0.         0.         0.         0.01291984 0.         0.95728441 0.         0.         0.         0.         0.01859021],[0. 0. 0. 0. 0. 0. 0. 0. 1. 0. 0. 0. 0. 0. 0. 0. 0. 0. 0. 0. 0. 0. 0. 1. 0. 1. 0. 0. 0. 0. 1.],4.0,best,100,1000,100,0.9,0.5,0.9,0.5,0.9,5,0.74,1,4,,problem_solving,10
82,0.0066066526701870805,0.108144,0.006255211910068747,0.8280000000000001,0.5558006562868987,-1.7812978969591184,[0.         0.         0.         0.         0.         0.         0.         0.         0.01120555 0.         0.         0.         0.         0.         0.         0.         0.         0.         0.         0.         0.         0.         0.         0.01291984 0.         0.95728441 0.         0.         0.         0.         0.01859021],[0. 0. 0. 0. 0. 0. 0. 0. 1. 0. 0. 0. 0. 0. 0. 0. 0. 0. 0. 0. 0. 0. 0. 1. 0. 1. 0. 0. 0. 0. 1.],4.0,best,100,1000,100,0.9,0.5,0.9,0.5,0.9,5,0.74,1,4,,problem_solving,10
83,0.0066066526701870805,0.108144,0.006255211910068747,0.8320000000000001,0.5525433166281111,2.056052908884133,[0.         0.         0.         0.         0.         0.         0.         0.         0.01120555 0.         0.         0.         0.         0.         0.         0.         0.         0.         0.         0.         0.         0.         0.         0.01291984 0.         0.95728441 0.         0.         0.         0.         0.01859021],[0. 0. 0. 0. 0. 0. 0. 0. 1. 0. 0. 0. 0. 0. 0. 0. 0. 0. 0. 0. 0. 0. 0. 1. 0. 1. 0. 0. 0. 0. 1.],4.0,best,100,1000,100,0.9,0.5,0.9,0.5,0.9,5,0.74,1,4,,problem_solving,10
84,0.0066066526701870805,0.108144,0.006255211910068747,0.8360000000000001,0.5493050670181254,1.599482502162518,[0.         0.         0.         0.         0.         0.         0.         0.         0.01120555 0.         0.         0.         0.         0.         0.         0.         0.         0.         0.         0.         0.         0.         0.         0.01291984 0.         0.95728441 0.         0.         0.         0.         0.01859021],[0. 0. 0. 0. 0. 0. 0. 0. 1. 0. 0. 0. 0. 0. 0. 0. 0. 0. 0. 0. 0. 0. 0. 1. 0. 1. 0. 0. 0. 0. 1.],4.0,best,100,1000,100,0.9,0.5,0.9,0.5,0.9,5,0.74,1,4,,problem_solving,10
85,0.0066066526701870805,0.108144,0.006255211910068747,0.8400000000000001,0.5460857955773096,-0.38450588706782446,[0.         0.         0.         0.         0.         0.         0.         0.         0.01120555 0.         0.         0.         0.         0.         0.         0.         0.         0.         0.         0.         0.         0.         0.         0.01291984 0.         0.95728441 0.         0.         0.         0.         0.01859021],[0. 0. 0. 0. 0. 0. 0. 0. 1. 0. 0. 0. 0. 0. 0. 0. 0. 0. 0. 0. 0. 0. 0. 1. 0. 1. 0. 0. 0. 0. 1.],4.0,best,100,1000,100,0.9,0.5,0.9,0.5,0.9,5,0.74,1,4,,problem_solving,10
86,0.0066066526701870805,0.108144,0.006255211910068747,0.8440000000000001,0.542885391081716,0.29085292582998723,[0.         0.         0.         0.         0.         0.         0.         0.         0.01120555 0.         0.         0.         0.         0.         0.         0.         0.         0.         0.         0.         0.         0.         0.         0.01291984 0.         0.95728441 0.         0.         0.         0.         0.01859021],[0. 0. 0. 0. 0. 0. 0. 0. 1. 0. 0. 0. 0. 0. 0. 0. 0. 0. 0. 0. 0. 0. 0. 1. 0. 1. 0. 0. 0. 0. 1.],4.0,best,100,1000,100,0.9,0.5,0.9,0.5,0.9,5,0.74,1,4,,problem_solving,10
87,0.0066066526701870805,0.108144,0.006255211910068747,0.8480000000000001,0.5397037429592386,-4.42909242688346,[0.         0.         0.         0.         0.         0.         0.         0.         0.01120555 0.         0.         0.         0.         0.         0.         0.         0.         0.         0.         0.         0.         0.         0.         0.01291984 0.         0.95728441 0.         0.         0.         0.         0.01859021],[0. 0. 0. 0. 0. 0. 0. 0. 1. 0. 0. 0. 0. 0. 0. 0. 0. 0. 0. 0. 0. 0. 0. 1. 0. 1. 0. 0. 0. 0. 1.],4.0,best,100,1000,100,0.9,0.5,0.9,0.5,0.9,5,0.74,1,4,,problem_solving,10
88,0.0066066526701870805,0.108144,0.006255211910068747,0.852,0.5365407412857937,3.757551688866269,[0.         0.         0.         0.         0.         0.         0.         0.         0.01120555 0.         0.         0.         0.         0.         0.         0.         0.         0.         0.         0.         0.         0.         0.         0.01291984 0.         0.95728441 0.         0.         0.         0.         0.01859021],[0. 0. 0. 0. 0. 0. 0. 0. 1. 0. 0. 0. 0. 0. 0. 0. 0. 0. 0. 0. 0. 0. 0. 1. 0. 1. 0. 0. 0. 0. 1.],4.0,best,100,1000,100,0.9,0.5,0.9,0.5,0.9,5,0.74,1,4,,problem_solving,10
89,0.0066066526701870805,0.108144,0.006255211910068747,0.856,0.5333962767815211,-1.3794462052103198,[0.         0.         0.         0.         0.         0.         0.         0.         0.01120555 0.         0.         0.         0.         0.         0.         0.         0.         0.         0.         0.         0.         0.         0.         0.01291984 0.         0.95728441 0.         0.         0.         0.         0.01859021],[0. 0. 0. 0. 0. 0. 0. 0. 1. 0. 0. 0. 0. 0. 0. 0. 0. 0. 0. 0. 0. 0. 0. 1. 0. 1. 0. 0. 0. 0. 1.],4.0,best,100,1000,100,0.9,0.5,0.9,0.5,0.9,5,0.74,1,4,,problem_solving,10
90,0.0066066526701870805,0.108144,0.006255211910068747,0.86,0.5302702408070095,0.708876062915785,[0.         0.         0.         0.         0.         0.         0.         0.         0.01120555 0.         0.         0.         0.         0.         0.         0.         0.         0.         0.         0.         0.         0.         0.         0.01291984 0.         0.95728441 0.         0.         0.         0.         0.01859021],[0. 0. 0. 0. 0. 0. 0. 0. 1. 0. 0. 0. 0. 0. 0. 0. 0. 0. 0. 0. 0. 0. 0. 1. 0. 1. 0. 0. 0. 0. 1.],4.0,best,100,1000,100,0.9,0.5,0.9,0.5,0.9,5,0.74,1,4,,problem_solving,10
91,0.0066066526701870805,0.108144,0.006255211910068747,0.864,0.5271625253595416,-2.5840632978565883,[0.         0.         0.         0.         0.         0.         0.         0.         0.01120555 0.         0.         0.         0.         0.         0.         0.         0.         0.         0.         0.         0.         0.         0.         0.01291984 0.         0.95728441 0.         0.         0.         0.         0.01859021],[0. 0. 0. 0. 0. 0. 0. 0. 1. 0. 0. 0. 0. 0. 0. 0. 0. 0. 0. 0. 0. 0. 0. 1. 0. 1. 0. 0. 0. 0. 1.],4.0,best,100,1000,100,0.9,0.5,0.9,0.5,0.9,5,0.74,1,4,,problem_solving,10
92,0.0066066526701870805,0.108144,0.006255211910068747,0.868,0.5240730230693645,-1.9576036191486628,[0.         0.         0.         0.         0.         0.         0.         0.         0.01120555 0.         0.         0.         0.         0.         0.         0.         0.         0.         0.         0.         0.         0.         0.         0.01291984 0.         0.95728441 0.         0.         0.         0.         0.01859021],[0. 0. 0. 0. 0. 0. 0. 0. 1. 0. 0. 0. 0. 0. 0. 0. 0. 0. 0. 0. 0. 0. 0. 1. 0. 1. 0. 0. 0. 0. 1.],4.0,best,100,1000,100,0.9,0.5,0.9,0.5,0.9,5,0.74,1,4,,problem_solving,10
93,0.0066066526701870805,0.108144,0.006255211910068747,0.872,0.5210016271959791,-2.0987514828009455,[0.         0.         0.         0.         0.         0.         0.         0.         0.01120555 0.         0.         0.         0.         0.         0.         0.         0.         0.         0.         0.         0.         0.         0.         0.01291984 0.         0.95728441 0.         0.         0.         0.         0.01859021],[0. 0. 0. 0. 0. 0. 0. 0. 1. 0. 0. 0. 0. 0. 0. 0. 0. 0. 0. 0. 0. 0. 0. 1. 0. 1. 0. 0. 0. 0. 1.],4.0,best,100,1000,100,0.9,0.5,0.9,0.5,0.9,5,0.74,1,4,,problem_solving,10
94,0.0066066526701870805,0.108144,0.006255211910068747,0.876,0.5179482316244518,-4.984818401542814,[0.         0.         0.         0.         0.         0.         0.         0.         0.01120555 0.         0.         0.         0.         0.         0.         0.         0.         0.         0.         0.         0.         0.         0.         0.01291984 0.         0.95728441 0.         0.         0.         0.         0.01859021],[0. 0. 0. 0. 0. 0. 0. 0. 1. 0. 0. 0. 0. 0. 0. 0. 0. 0. 0. 0. 0. 0. 0. 1. 0. 1. 0. 0. 0. 0. 1.],4.0,best,100,1000,100,0.9,0.5,0.9,0.5,0.9,5,0.74,1,4,,problem_solving,10
95,0.0066066526701870805,0.108144,0.006255211910068747,0.88,0.5149127308617497,3.107359255525463,[0.         0.         0.         0.         0.         0.         0.         0.         0.01120555 0.         0.         0.         0.         0.         0.         0.         0.         0.         0.         0.         0.         0.         0.         0.01291984 0.         0.95728441 0.         0.         0.         0.         0.01859021],[0. 0. 0. 0. 0. 0. 0. 0. 1. 0. 0. 0. 0. 0. 0. 0. 0. 0. 0. 0. 0. 0. 0. 1. 0. 1. 0. 0. 0. 0. 1.],4.0,best,100,1000,100,0.9,0.5,0.9,0.5,0.9,5,0.74,1,4,,problem_solving,10
96,0.0066066526701870805,0.108144,0.006255211910068747,0.884,0.5118950200330946,-2.1739936447169192,[0.         0.         0.         0.         0.         0.         0.         0.         0.01120555 0.         0.         0.         0.         0.         0.         0.         0.         0.         0.         0.         0.         0.         0.         0.01291984 0.         0.95728441 0.         0.         0.         0.         0.01859021],[0. 0. 0. 0. 0. 0. 0. 0. 1. 0. 0. 0. 0. 0. 0. 0. 0. 0. 0. 0. 0. 0. 0. 1. 0. 1. 0. 0. 0. 0. 1.],4.0,best,100,1000,100,0.9,0.5,0.9,0.5,0.9,5,0.74,1,4,,problem_solving,10
97,0.0066066526701870805,0.108144,0.006255211910068747,0.888,0.5088949948783402,2.538316956819756,[0.         0.         0.         0.         0.         0.         0.         0.         0.01120555 0.         0.         0.         0.         0.         0.         0.         0.         0.         0.         0.         0.         0.         0.         0.01291984 0.         0.95728441 0.         0.         0.         0.         0.01859021],[0. 0. 0. 0. 0. 0. 0. 0. 1. 0. 0. 0. 0. 0. 0. 0. 0. 0. 0. 0. 0. 0. 0. 1. 0. 1. 0. 0. 0. 0. 1.],4.0,best,100,1000,100,0.9,0.5,0.9,0.5,0.9,5,0.74,1,4,,problem_solving,10
98,0.0066066526701870805,0.108144,0.006255211910068747,0.892,0.5059125517483702,0.613907982863329,[0.         0.         0.         0.         0.         0.         0.         0.         0.01120555 0.         0.         0.         0.         0.         0.         0.         0.         0.         0.         0.         0.         0.         0.         0.01291984 0.         0.95728441 0.         0.         0.         0.         0.01859021],[0. 0. 0. 0. 0. 0. 0. 0. 1. 0. 0. 0. 0. 0. 0. 0. 0. 0. 0. 0. 0. 0. 0. 1. 0. 1. 0. 0. 0. 0. 1.],4.0,best,100,1000,100,0.9,0.5,0.9,0.5,0.9,5,0.74,1,4,,problem_solving,10
99,0.0066066526701870805,0.108144,0.006255211910068747,0.896,0.5029475876015165,-3.2042636312488137,[0.         0.         0.         0.         0.         0.         0.         0.         0.01120555 0.         0.         0.         0.         0.         0.         0.         0.         0.         0.         0.         0.         0.         0.         0.01291984 0.         0.95728441 0.         0.         0.         0.         0.01859021],[0. 0. 0. 0. 0. 0. 0. 0. 1. 0. 0. 0. 0. 0. 0. 0. 0. 0. 0. 0. 0. 0. 0. 1. 0. 1. 0. 0. 0. 0. 1.],4.0,best,100,1000,100,0.9,0.5,0.9,0.5,0.9,5,0.74,1,4,,problem_solving,10
