iter,cost,risk,return,par,bw,move,X,Z,Q,pop_init,max_iter,pop_size,mem_size,mem_consider,par_min,par_max,bw_min,bw_max,sigma,lambda,port_n,k,seed,tag,local_search
1,0.10791381870209156,0.135507,0.002458906489542176,0.1008,0.8980246687982377,-224.81874193909945,[0.         0.         0.         0.         0.         0.         0.         0.         0.01006077 0.01136999 0.         0.         0.         0.         0.         0.01006097 0.01006089 0.01064164 0.01140024 0.         0.         0.         0.         0.         0.         0.         0.01006264 0.         0.01096035 0.9153825  0.        ],[0. 0. 0. 0. 0. 0. 0. 0. 1. 1. 0. 0. 0. 0. 0. 1. 1. 1. 1. 0. 0. 0. 0. 0. 0. 0. 1. 0. 1. 1. 0.],9.0,random,1000,100,30,0.7,0.1,0.9,0.1,0.9,300,0.8,1,9,,problem_solving,30
10,0.034915668112514564,0.044456,0.00324565943742717,0.10800000000000001,0.880440647156254,437.3975620726783,[0.         0.01149088 0.         0.         0.         0.0114143  0.         0.         0.         0.         0.         0.01142179 0.         0.         0.         0.         0.91122181 0.01035143 0.01088498 0.         0.01184106 0.         0.         0.         0.01126273 0.         0.         0.         0.         0.01011102 0.        ],[0. 1. 0. 0. 0. 1. 0. 0. 0. 0. 0. 1. 0. 0. 0. 0. 1. 1. 1. 0. 1. 0. 0. 0. 1. 0. 0. 0. 0. 1. 0.],9.0,random,1000,100,30,0.7,0.1,0.9,0.1,0.9,300,0.8,1,9,,problem_solving,30
20,0.034915668112514564,0.044456,0.00324565943742717,0.116,0.8613063701832483,-273.8257424222146,[0.         0.01149088 0.         0.         0.         0.0114143  0.         0.         0.         0.         0.         0.01142179 0.         0.         0.         0.         0.91122181 0.01035143 0.01088498 0.         0.01184106 0.         0.         0.         0.01126273 0.         0.         0.         0.         0.01011102 0.        ],[0. 1. 0. 0. 0. 1. 0. 0. 0. 0. 0. 1. 0. 0. 0. 0. 1. 1. 1. 0. 1. 0. 0. 0. 1. 0. 0. 0. 0. 1. 0.],9.0,random,1000,100,30,0.7,0.1,0.9,0.1,0.9,300,0.8,1,9,,problem_solving,30
30,0.034915668112514564,0.044456,0.00324565943742717,0.124,0.842587931071048,-145.48877274557643,[0.         0.01149088 0.         0.         0.         0.0114143  0.         0.         0.         0.         0.         0.01142179 0.         0.         0.         0.         0.91122181 0.01035143 0.01088498 0.         0.01184106 0.         0.         0.         0.01126273 0.         0.         0.         0.         0.01011102 0.        ],[0. 1. 0. 0. 0. 1. 0. 0. 0. 0. 0. 1. 0. 0. 0. 0. 1. 1. 1. 0. 1. 0. 0. 0. 1. 0. 0. 0. 0. 1. 0.],9.0,random,1000,100,30,0.7,0.1,0.9,0.1,0.9,300,0.8,1,9,,problem_solving,30
40,0.028886833697655077,0.036708,0.0023978315117246245,0.132,0.8242762925758254,179.89833322064231,[0.         0.         0.01094064 0.         0.         0.         0.01057012 0.         0.         0.01032975 0.01013738 0.         0.         0.         0.         0.01062999 0.         0.         0.01004551 0.         0.         0.         0.         0.010179   0.         0.         0.         0.01025266 0.         0.         0.91691496],[0. 0. 1. 0. 0. 0. 1. 0. 0. 1. 1. 0. 0. 0. 0. 1. 0. 0. 1. 0. 0. 0. 0. 1. 0. 0. 0. 1. 0. 0. 1.],9.0,random,1000,100,30,0.7,0.1,0.9,0.1,0.9,300,0.8,1,9,,problem_solving,30
50,0.028886833697655077,0.036708,0.0023978315117246245,0.14,0.806362613856686,33.99794871334661,[0.         0.         0.01094064 0.         0.         0.         0.01057012 0.         0.         0.01032975 0.01013738 0.         0.         0.         0.         0.01062999 0.         0.         0.01004551 0.         0.         0.         0.         0.010179   0.         0.         0.         0.01025266 0.         0.         0.91691496],[0. 0. 1. 0. 0. 0. 1. 0. 0. 1. 1. 0. 0. 0. 0. 1. 0. 0. 1. 0. 0. 0. 0. 1. 0. 0. 0. 1. 0. 0. 1.],9.0,random,1000,100,30,0.7,0.1,0.9,0.1,0.9,300,0.8,1,9,,problem_solving,30
60,0.028886833697655077,0.036708,0.0023978315117246245,0.14800000000000002,0.7888382462073213,-96.84800461225512,[0.         0.         0.01094064 0.         0.         0.         0.01057012 0.         0.         0.01032975 0.01013738 0.         0.         0.         0.         0.01062999 0.         0.         0.01004551 0.         0.         0.         0.         0.010179   0.         0.         0.         0.01025266 0.         0.         0.91691496],[0. 0. 1. 0. 0. 0. 1. 0. 0. 1. 1. 0. 0. 0. 0. 1. 0. 0. 1. 0. 0. 0. 0. 1. 0. 0. 0. 1. 0. 0. 1.],9.0,random,1000,100,30,0.7,0.1,0.9,0.1,0.9,300,0.8,1,9,,problem_solving,30
70,0.028886833697655077,0.036708,0.0023978315117246245,0.156,0.7716947288804205,-241.25050743517198,[0.         0.         0.01094064 0.         0.         0.         0.01057012 0.         0.         0.01032975 0.01013738 0.         0.         0.         0.         0.01062999 0.         0.         0.01004551 0.         0.         0.         0.         0.010179   0.         0.         0.         0.01025266 0.         0.         0.91691496],[0. 0. 1. 0. 0. 0. 1. 0. 0. 1. 1. 0. 0. 0. 0. 1. 0. 0. 1. 0. 0. 0. 0. 1. 0. 0. 0. 1. 0. 0. 1.],9.0,random,1000,100,30,0.7,0.1,0.9,0.1,0.9,300,0.8,1,9,,problem_solving,30
80,0.017431827963669988,0.02295,0.004640860181650068,0.164,0.7549237850028305,-502.80613621723523,[0.01026356 0.         0.01020557 0.         0.         0.         0.         0.         0.01057602 0.         0.         0.         0.         0.         0.01065586 0.01010353 0.         0.         0.         0.         0.         0.         0.         0.01005171 0.         0.91668051 0.01106893 0.         0.         0.         0.01039433],[1. 0. 1. 0. 0. 0. 0. 0. 1. 0. 0. 0. 0. 0. 1. 1. 0. 0. 0. 0. 0. 0. 0. 1. 0. 1. 1. 0. 0. 0. 1.],9.0,random,1000,100,30,0.7,0.1,0.9,0.1,0.9,300,0.8,1,9,,problem_solving,30
90,0.017431827963669988,0.02295,0.004640860181650068,0.17200000000000001,0.7385173175794899,-586.2016314027957,[0.01026356 0.         0.01020557 0.         0.         0.         0.         0.         0.01057602 0.         0.         0.         0.         0.         0.01065586 0.01010353 0.         0.         0.         0.         0.         0.         0.         0.01005171 0.         0.91668051 0.01106893 0.         0.         0.         0.01039433],[1. 0. 1. 0. 0. 0. 0. 0. 1. 0. 0. 0. 0. 0. 1. 1. 0. 0. 0. 0. 0. 0. 0. 1. 0. 1. 1. 0. 0. 0. 1.],9.0,random,1000,100,30,0.7,0.1,0.9,0.1,0.9,300,0.8,1,9,,problem_solving,30
100,0.017431827963669988,0.02295,0.004640860181650068,0.18,0.7224674055842076,-59.12811237822633,[0.01026356 0.         0.01020557 0.         0.         0.         0.         0.         0.01057602 0.         0.         0.         0.         0.         0.01065586 0.01010353 0.         0.         0.         0.         0.         0.         0.         0.01005171 0.         0.91668051 0.01106893 0.         0.         0.         0.01039433],[1. 0. 1. 0. 0. 0. 0. 0. 1. 0. 0. 0. 0. 0. 1. 1. 0. 0. 0. 0. 0. 0. 0. 1. 0. 1. 1. 0. 0. 0. 1.],9.0,random,1000,100,30,0.7,0.1,0.9,0.1,0.9,300,0.8,1,9,,problem_solving,30
110,0.017431827963669988,0.02295,0.004640860181650068,0.188,0.7067663001353996,-43.41235071970061,[0.01026356 0.         0.01020557 0.         0.         0.         0.         0.         0.01057602 0.         0.         0.         0.         0.         0.01065586 0.01010353 0.         0.         0.         0.         0.         0.         0.         0.01005171 0.         0.91668051 0.01106893 0.         0.         0.         0.01039433],[1. 0. 1. 0. 0. 0. 0. 0. 1. 0. 0. 0. 0. 0. 1. 1. 0. 0. 0. 0. 0. 0. 0. 1. 0. 1. 1. 0. 0. 0. 1.],9.0,random,1000,100,30,0.7,0.1,0.9,0.1,0.9,300,0.8,1,9,,problem_solving,30
120,0.017431827963669988,0.02295,0.004640860181650068,0.196,0.6914064207549362,-180.471137547868,[0.01026356 0.         0.01020557 0.         0.         0.         0.         0.         0.01057602 0.         0.         0.         0.         0.         0.01065586 0.01010353 0.         0.         0.         0.         0.         0.         0.         0.01005171 0.         0.91668051 0.01106893 0.         0.         0.         0.01039433],[1. 0. 1. 0. 0. 0. 0. 0. 1. 0. 0. 0. 0. 0. 1. 1. 0. 0. 0. 0. 0. 0. 0. 1. 0. 1. 1. 0. 0. 0. 1.],9.0,random,1000,100,30,0.7,0.1,0.9,0.1,0.9,300,0.8,1,9,,problem_solving,30
130,0.017431827963669988,0.02295,0.004640860181650068,0.20400000000000001,0.6763803517082948,-140.52414009275725,[0.01026356 0.         0.01020557 0.         0.         0.         0.         0.         0.01057602 0.         0.         0.         0.         0.         0.01065586 0.01010353 0.         0.         0.         0.         0.         0.         0.         0.01005171 0.         0.91668051 0.01106893 0.         0.         0.         0.01039433],[1. 0. 1. 0. 0. 0. 0. 0. 1. 0. 0. 0. 0. 0. 1. 1. 0. 0. 0. 0. 0. 0. 0. 1. 0. 1. 1. 0. 0. 0. 1.],9.0,random,1000,100,30,0.7,0.1,0.9,0.1,0.9,300,0.8,1,9,,problem_solving,30
140,0.017431827963669988,0.02295,0.004640860181650068,0.21200000000000002,0.6616808384242509,-580.212612009973,[0.01026356 0.         0.01020557 0.         0.         0.         0.         0.         0.01057602 0.         0.         0.         0.         0.         0.01065586 0.01010353 0.         0.         0.         0.         0.         0.         0.         0.01005171 0.         0.91668051 0.01106893 0.         0.         0.         0.01039433],[1. 0. 1. 0. 0. 0. 0. 0. 1. 0. 0. 0. 0. 0. 1. 1. 0. 0. 0. 0. 0. 0. 0. 1. 0. 1. 1. 0. 0. 0. 1.],9.0,random,1000,100,30,0.7,0.1,0.9,0.1,0.9,300,0.8,1,9,,problem_solving,30
150,0.017431827963669988,0.02295,0.004640860181650068,0.22000000000000003,0.647300783992378,-173.98408991120027,[0.01026356 0.         0.01020557 0.         0.         0.         0.         0.         0.01057602 0.         0.         0.         0.         0.         0.01065586 0.01010353 0.         0.         0.         0.         0.         0.         0.         0.01005171 0.         0.91668051 0.01106893 0.         0.         0.         0.01039433],[1. 0. 1. 0. 0. 0. 0. 0. 1. 0. 0. 0. 0. 0. 1. 1. 0. 0. 0. 0. 0. 0. 0. 1. 0. 1. 1. 0. 0. 0. 1.],9.0,random,1000,100,30,0.7,0.1,0.9,0.1,0.9,300,0.8,1,9,,problem_solving,30
160,0.017431827963669988,0.02295,0.004640860181650068,0.228,0.6332332457366666,-131.17480630367092,[0.01026356 0.         0.01020557 0.         0.         0.         0.         0.         0.01057602 0.         0.         0.         0.         0.         0.01065586 0.01010353 0.         0.         0.         0.         0.         0.         0.         0.01005171 0.         0.91668051 0.01106893 0.         0.         0.         0.01039433],[1. 0. 1. 0. 0. 0. 0. 0. 1. 0. 0. 0. 0. 0. 1. 1. 0. 0. 0. 0. 0. 0. 0. 1. 0. 1. 1. 0. 0. 0. 1.],9.0,random,1000,100,30,0.7,0.1,0.9,0.1,0.9,300,0.8,1,9,,problem_solving,30
170,0.017431827963669988,0.02295,0.004640860181650068,0.23600000000000002,0.6194714318636066,43.44823885438359,[0.01026356 0.         0.01020557 0.         0.         0.         0.         0.         0.01057602 0.         0.         0.         0.         0.         0.01065586 0.01010353 0.         0.         0.         0.         0.         0.         0.         0.01005171 0.         0.91668051 0.01106893 0.         0.         0.         0.01039433],[1. 0. 1. 0. 0. 0. 0. 0. 1. 0. 0. 0. 0. 0. 1. 1. 0. 0. 0. 0. 0. 0. 0. 1. 0. 1. 1. 0. 0. 0. 1.],9.0,random,1000,100,30,0.7,0.1,0.9,0.1,0.9,300,0.8,1,9,,problem_solving,30
180,0.017431827963669988,0.02295,0.004640860181650068,0.24400000000000002,0.6060086981831168,-112.24191399240351,[0.01026356 0.         0.01020557 0.         0.         0.         0.         0.         0.01057602 0.         0.         0.         0.         0.         0.01065586 0.01010353 0.         0.         0.         0.         0.         0.         0.         0.01005171 0.         0.91668051 0.01106893 0.         0.         0.         0.01039433],[1. 0. 1. 0. 0. 0. 0. 0. 1. 0. 0. 0. 0. 0. 1. 1. 0. 0. 0. 0. 0. 0. 0. 1. 0. 1. 1. 0. 0. 0. 1.],9.0,random,1000,100,30,0.7,0.1,0.9,0.1,0.9,300,0.8,1,9,,problem_solving,30
190,0.017431827963669988,0.02295,0.004640860181650068,0.252,0.5928385449007361,214.646283452039,[0.01026356 0.         0.01020557 0.         0.         0.         0.         0.         0.01057602 0.         0.         0.         0.         0.         0.01065586 0.01010353 0.         0.         0.         0.         0.         0.         0.         0.01005171 0.         0.91668051 0.01106893 0.         0.         0.         0.01039433],[1. 0. 1. 0. 0. 0. 0. 0. 1. 0. 0. 0. 0. 0. 1. 1. 0. 0. 0. 0. 0. 0. 0. 1. 0. 1. 1. 0. 0. 0. 1.],9.0,random,1000,100,30,0.7,0.1,0.9,0.1,0.9,300,0.8,1,9,,problem_solving,30
200,0.017431827963669988,0.02295,0.004640860181650068,0.26,0.5799546134795289,58.46747065679647,[0.01026356 0.         0.01020557 0.         0.         0.         0.         0.         0.01057602 0.         0.         0.         0.         0.         0.01065586 0.01010353 0.         0.         0.         0.         0.         0.         0.         0.01005171 0.         0.91668051 0.01106893 0.         0.         0.         0.01039433],[1. 0. 1. 0. 0. 0. 0. 0. 1. 0. 0. 0. 0. 0. 1. 1. 0. 0. 0. 0. 0. 0. 0. 1. 0. 1. 1. 0. 0. 0. 1.],9.0,random,1000,100,30,0.7,0.1,0.9,0.1,0.9,300,0.8,1,9,,problem_solving,30
210,0.017431827963669988,0.02295,0.004640860181650068,0.268,0.5673506835701907,-19.26375167141497,[0.01026356 0.         0.01020557 0.         0.         0.         0.         0.         0.01057602 0.         0.         0.         0.         0.         0.01065586 0.01010353 0.         0.         0.         0.         0.         0.         0.         0.01005171 0.         0.91668051 0.01106893 0.         0.         0.         0.01039433],[1. 0. 1. 0. 0. 0. 0. 0. 1. 0. 0. 0. 0. 0. 1. 1. 0. 0. 0. 0. 0. 0. 0. 1. 0. 1. 1. 0. 0. 0. 1.],9.0,random,1000,100,30,0.7,0.1,0.9,0.1,0.9,300,0.8,1,9,,problem_solving,30
220,0.017431827963669988,0.02295,0.004640860181650068,0.276,0.5550206700078687,-39.73137059893591,[0.01026356 0.         0.01020557 0.         0.         0.         0.         0.         0.01057602 0.         0.         0.         0.         0.         0.01065586 0.01010353 0.         0.         0.         0.         0.         0.         0.         0.01005171 0.         0.91668051 0.01106893 0.         0.         0.         0.01039433],[1. 0. 1. 0. 0. 0. 0. 0. 1. 0. 0. 0. 0. 0. 1. 1. 0. 0. 0. 0. 0. 0. 0. 1. 0. 1. 1. 0. 0. 0. 1.],9.0,random,1000,100,30,0.7,0.1,0.9,0.1,0.9,300,0.8,1,9,,problem_solving,30
230,0.017431827963669988,0.02295,0.004640860181650068,0.28400000000000003,0.5429586198742506,114.71746343736862,[0.01026356 0.         0.01020557 0.         0.         0.         0.         0.         0.01057602 0.         0.         0.         0.         0.         0.01065586 0.01010353 0.         0.         0.         0.         0.         0.         0.         0.01005171 0.         0.91668051 0.01106893 0.         0.         0.         0.01039433],[1. 0. 1. 0. 0. 0. 0. 0. 1. 0. 0. 0. 0. 0. 1. 1. 0. 0. 0. 0. 0. 0. 0. 1. 0. 1. 1. 0. 0. 0. 1.],9.0,random,1000,100,30,0.7,0.1,0.9,0.1,0.9,300,0.8,1,9,,problem_solving,30
240,0.017431827963669988,0.02295,0.004640860181650068,0.29200000000000004,0.531158709623502,-259.4354925963876,[0.01026356 0.         0.01020557 0.         0.         0.         0.         0.         0.01057602 0.         0.         0.         0.         0.         0.01065586 0.01010353 0.         0.         0.         0.         0.         0.         0.         0.01005171 0.         0.91668051 0.01106893 0.         0.         0.         0.01039433],[1. 0. 1. 0. 0. 0. 0. 0. 1. 0. 0. 0. 0. 0. 1. 1. 0. 0. 0. 0. 0. 0. 0. 1. 0. 1. 1. 0. 0. 0. 1.],9.0,random,1000,100,30,0.7,0.1,0.9,0.1,0.9,300,0.8,1,9,,problem_solving,30
250,0.017431827963669988,0.02295,0.004640860181650068,0.30000000000000004,0.5196152422706632,261.5133151745575,[0.01026356 0.         0.01020557 0.         0.         0.         0.         0.         0.01057602 0.         0.         0.         0.         0.         0.01065586 0.01010353 0.         0.         0.         0.         0.         0.         0.         0.01005171 0.         0.91668051 0.01106893 0.         0.         0.         0.01039433],[1. 0. 1. 0. 0. 0. 0. 0. 1. 0. 0. 0. 0. 0. 1. 1. 0. 0. 0. 0. 0. 0. 0. 1. 0. 1. 1. 0. 0. 0. 1.],9.0,random,1000,100,30,0.7,0.1,0.9,0.1,0.9,300,0.8,1,9,,problem_solving,30
260,0.017431827963669988,0.02295,0.004640860181650068,0.30800000000000005,0.5083226446411516,-67.24838223018925,[0.01026356 0.         0.01020557 0.         0.         0.         0.         0.         0.01057602 0.         0.         0.         0.         0.         0.01065586 0.01010353 0.         0.         0.         0.         0.         0.         0.         0.01005171 0.         0.91668051 0.01106893 0.         0.         0.         0.01039433],[1. 0. 1. 0. 0. 0. 0. 0. 1. 0. 0. 0. 0. 0. 1. 1. 0. 0. 0. 0. 0. 0. 0. 1. 0. 1. 1. 0. 0. 0. 1.],9.0,random,1000,100,30,0.7,0.1,0.9,0.1,0.9,300,0.8,1,9,,problem_solving,30
270,0.017431827963669988,0.02295,0.004640860181650068,0.316,0.4972754646800379,-205.0985724455445,[0.01026356 0.         0.01020557 0.         0.         0.         0.         0.         0.01057602 0.         0.         0.         0.         0.         0.01065586 0.01010353 0.         0.         0.         0.         0.         0.         0.         0.01005171 0.         0.91668051 0.01106893 0.         0.         0.         0.01039433],[1. 0. 1. 0. 0. 0. 0. 0. 1. 0. 0. 0. 0. 0. 1. 1. 0. 0. 0. 0. 0. 0. 0. 1. 0. 1. 1. 0. 0. 0. 1.],9.0,random,1000,100,30,0.7,0.1,0.9,0.1,0.9,300,0.8,1,9,,problem_solving,30
280,0.017431827963669988,0.02295,0.004640860181650068,0.324,0.4864683688197995,184.53517667897748,[0.01026356 0.         0.01020557 0.         0.         0.         0.         0.         0.01057602 0.         0.         0.         0.         0.         0.01065586 0.01010353 0.         0.         0.         0.         0.         0.         0.         0.01005171 0.         0.91668051 0.01106893 0.         0.         0.         0.01039433],[1. 0. 1. 0. 0. 0. 0. 0. 1. 0. 0. 0. 0. 0. 1. 1. 0. 0. 0. 0. 0. 0. 0. 1. 0. 1. 1. 0. 0. 0. 1.],9.0,random,1000,100,30,0.7,0.1,0.9,0.1,0.9,300,0.8,1,9,,problem_solving,30
290,0.017431827963669988,0.02295,0.004640860181650068,0.332,0.47589613940527953,-24.689365346196663,[0.01026356 0.         0.01020557 0.         0.         0.         0.         0.         0.01057602 0.         0.         0.         0.         0.         0.01065586 0.01010353 0.         0.         0.         0.         0.         0.         0.         0.01005171 0.         0.91668051 0.01106893 0.         0.         0.         0.01039433],[1. 0. 1. 0. 0. 0. 0. 0. 1. 0. 0. 0. 0. 0. 1. 1. 0. 0. 0. 0. 0. 0. 0. 1. 0. 1. 1. 0. 0. 0. 1.],9.0,random,1000,100,30,0.7,0.1,0.9,0.1,0.9,300,0.8,1,9,,problem_solving,30
300,0.017431827963669988,0.02295,0.004640860181650068,0.34,0.46555367217460797,-17.430889183569253,[0.01026356 0.         0.01020557 0.         0.         0.         0.         0.         0.01057602 0.         0.         0.         0.         0.         0.01065586 0.01010353 0.         0.         0.         0.         0.         0.         0.         0.01005171 0.         0.91668051 0.01106893 0.         0.         0.         0.01039433],[1. 0. 1. 0. 0. 0. 0. 0. 1. 0. 0. 0. 0. 0. 1. 1. 0. 0. 0. 0. 0. 0. 0. 1. 0. 1. 1. 0. 0. 0. 1.],9.0,random,1000,100,30,0.7,0.1,0.9,0.1,0.9,300,0.8,1,9,,problem_solving,30
310,0.017431827963669988,0.02295,0.004640860181650068,0.348,0.4554359737948693,233.3970428214734,[0.01026356 0.         0.01020557 0.         0.         0.         0.         0.         0.01057602 0.         0.         0.         0.         0.         0.01065586 0.01010353 0.         0.         0.         0.         0.         0.         0.         0.01005171 0.         0.91668051 0.01106893 0.         0.         0.         0.01039433],[1. 0. 1. 0. 0. 0. 0. 0. 1. 0. 0. 0. 0. 0. 1. 1. 0. 0. 0. 0. 0. 0. 0. 1. 0. 1. 1. 0. 0. 0. 1.],9.0,random,1000,100,30,0.7,0.1,0.9,0.1,0.9,300,0.8,1,9,,problem_solving,30
320,0.017431827963669988,0.02295,0.004640860181650068,0.356,0.44553815945132613,-81.36121346193667,[0.01026356 0.         0.01020557 0.         0.         0.         0.         0.         0.01057602 0.         0.         0.         0.         0.         0.01065586 0.01010353 0.         0.         0.         0.         0.         0.         0.         0.01005171 0.         0.91668051 0.01106893 0.         0.         0.         0.01039433],[1. 0. 1. 0. 0. 0. 0. 0. 1. 0. 0. 0. 0. 0. 1. 1. 0. 0. 0. 0. 0. 0. 0. 1. 0. 1. 1. 0. 0. 0. 1.],9.0,random,1000,100,30,0.7,0.1,0.9,0.1,0.9,300,0.8,1,9,,problem_solving,30
330,0.017431827963669988,0.02295,0.004640860181650068,0.364,0.43585545048903546,10.181683152224103,[0.01026356 0.         0.01020557 0.         0.         0.         0.         0.         0.01057602 0.         0.         0.         0.         0.         0.01065586 0.01010353 0.         0.         0.         0.         0.         0.         0.         0.01005171 0.         0.91668051 0.01106893 0.         0.         0.         0.01039433],[1. 0. 1. 0. 0. 0. 0. 0. 1. 0. 0. 0. 0. 0. 1. 1. 0. 0. 0. 0. 0. 0. 0. 1. 0. 1. 1. 0. 0. 0. 1.],9.0,random,1000,100,30,0.7,0.1,0.9,0.1,0.9,300,0.8,1,9,,problem_solving,30
340,0.017431827963669988,0.02295,0.004640860181650068,0.372,0.4263831721057189,4.028343471020498,[0.01026356 0.         0.01020557 0.         0.         0.         0.         0.         0.01057602 0.         0.         0.         0.         0.         0.01065586 0.01010353 0.         0.         0.         0.         0.         0.         0.         0.01005171 0.         0.91668051 0.01106893 0.         0.         0.         0.01039433],[1. 0. 1. 0. 0. 0. 0. 0. 1. 0. 0. 0. 0. 0. 1. 1. 0. 0. 0. 0. 0. 0. 0. 1. 0. 1. 1. 0. 0. 0. 1.],9.0,random,1000,100,30,0.7,0.1,0.9,0.1,0.9,300,0.8,1,9,,problem_solving,30
350,0.017431827963669988,0.02295,0.004640860181650068,0.38,0.41711675109477286,92.45257763885758,[0.01026356 0.         0.01020557 0.         0.         0.         0.         0.         0.01057602 0.         0.         0.         0.         0.         0.01065586 0.01010353 0.         0.         0.         0.         0.         0.         0.         0.01005171 0.         0.91668051 0.01106893 0.         0.         0.         0.01039433],[1. 0. 1. 0. 0. 0. 0. 0. 1. 0. 0. 0. 0. 0. 1. 1. 0. 0. 0. 0. 0. 0. 0. 1. 0. 1. 1. 0. 0. 0. 1.],9.0,random,1000,100,30,0.7,0.1,0.9,0.1,0.9,300,0.8,1,9,,problem_solving,30
360,0.017431827963669988,0.02295,0.004640860181650068,0.388,0.40805171363732884,66.45877811467774,[0.01026356 0.         0.01020557 0.         0.         0.         0.         0.         0.01057602 0.         0.         0.         0.         0.         0.01065586 0.01010353 0.         0.         0.         0.         0.         0.         0.         0.01005171 0.         0.91668051 0.01106893 0.         0.         0.         0.01039433],[1. 0. 1. 0. 0. 0. 0. 0. 1. 0. 0. 0. 0. 0. 1. 1. 0. 0. 0. 0. 0. 0. 0. 1. 0. 1. 1. 0. 0. 0. 1.],9.0,random,1000,100,30,0.7,0.1,0.9,0.1,0.9,300,0.8,1,9,,problem_solving,30
370,0.017431827963669988,0.02295,0.004640860181650068,0.396,0.3991836831422981,18.847323482438593,[0.01026356 0.         0.01020557 0.         0.         0.         0.         0.         0.01057602 0.         0.         0.         0.         0.         0.01065586 0.01010353 0.         0.         0.         0.         0.         0.         0.         0.01005171 0.         0.91668051 0.01106893 0.         0.         0.         0.01039433],[1. 0. 1. 0. 0. 0. 0. 0. 1. 0. 0. 0. 0. 0. 1. 1. 0. 0. 0. 0. 0. 0. 0. 1. 0. 1. 1. 0. 0. 0. 1.],9.0,random,1000,100,30,0.7,0.1,0.9,0.1,0.9,300,0.8,1,9,,problem_solving,30
380,0.017431827963669988,0.02295,0.004640860181650068,0.404,0.39050837813335776,153.68172238101624,[0.01026356 0.         0.01020557 0.         0.         0.         0.         0.         0.01057602 0.         0.         0.         0.         0.         0.01065586 0.01010353 0.         0.         0.         0.         0.         0.         0.         0.01005171 0.         0.91668051 0.01106893 0.         0.         0.         0.01039433],[1. 0. 1. 0. 0. 0. 0. 0. 1. 0. 0. 0. 0. 0. 1. 1. 0. 0. 0. 0. 0. 0. 0. 1. 0. 1. 1. 0. 0. 0. 1.],9.0,random,1000,100,30,0.7,0.1,0.9,0.1,0.9,300,0.8,1,9,,problem_solving,30
390,0.017431827963669988,0.02295,0.004640860181650068,0.41200000000000003,0.38202161018185854,88.18732285979837,[0.01026356 0.         0.01020557 0.         0.         0.         0.         0.         0.01057602 0.         0.         0.         0.         0.         0.01065586 0.01010353 0.         0.         0.         0.         0.         0.         0.         0.01005171 0.         0.91668051 0.01106893 0.         0.         0.         0.01039433],[1. 0. 1. 0. 0. 0. 0. 0. 1. 0. 0. 0. 0. 0. 1. 1. 0. 0. 0. 0. 0. 0. 0. 1. 0. 1. 1. 0. 0. 0. 1.],9.0,random,1000,100,30,0.7,0.1,0.9,0.1,0.9,300,0.8,1,9,,problem_solving,30
400,0.017431827963669988,0.02295,0.004640860181650068,0.42000000000000004,0.3737192818846553,-42.887607680070694,[0.01026356 0.         0.01020557 0.         0.         0.         0.         0.         0.01057602 0.         0.         0.         0.         0.         0.01065586 0.01010353 0.         0.         0.         0.         0.         0.         0.         0.01005171 0.         0.91668051 0.01106893 0.         0.         0.         0.01039433],[1. 0. 1. 0. 0. 0. 0. 0. 1. 0. 0. 0. 0. 0. 1. 1. 0. 0. 0. 0. 0. 0. 0. 1. 0. 1. 1. 0. 0. 0. 1.],9.0,random,1000,100,30,0.7,0.1,0.9,0.1,0.9,300,0.8,1,9,,problem_solving,30
410,0.017431827963669988,0.02295,0.004640860181650068,0.42800000000000005,0.3655973848858849,-43.0567655093173,[0.01026356 0.         0.01020557 0.         0.         0.         0.         0.         0.01057602 0.         0.         0.         0.         0.         0.01065586 0.01010353 0.         0.         0.         0.         0.         0.         0.         0.01005171 0.         0.91668051 0.01106893 0.         0.         0.         0.01039433],[1. 0. 1. 0. 0. 0. 0. 0. 1. 0. 0. 0. 0. 0. 1. 1. 0. 0. 0. 0. 0. 0. 0. 1. 0. 1. 1. 0. 0. 0. 1.],9.0,random,1000,100,30,0.7,0.1,0.9,0.1,0.9,300,0.8,1,9,,problem_solving,30
420,0.017431827963669988,0.02295,0.004640860181650068,0.43600000000000005,0.35765199794173624,-97.93013438410702,[0.01026356 0.         0.01020557 0.         0.         0.         0.         0.         0.01057602 0.         0.         0.         0.         0.         0.01065586 0.01010353 0.         0.         0.         0.         0.         0.         0.         0.01005171 0.         0.91668051 0.01106893 0.         0.         0.         0.01039433],[1. 0. 1. 0. 0. 0. 0. 0. 1. 0. 0. 0. 0. 0. 1. 1. 0. 0. 0. 0. 0. 0. 0. 1. 0. 1. 1. 0. 0. 0. 1.],9.0,random,1000,100,30,0.7,0.1,0.9,0.1,0.9,300,0.8,1,9,,problem_solving,30
430,0.017431827963669988,0.02295,0.004640860181650068,0.44400000000000006,0.3498792850272772,-116.1834429326878,[0.01026356 0.         0.01020557 0.         0.         0.         0.         0.         0.01057602 0.         0.         0.         0.         0.         0.01065586 0.01010353 0.         0.         0.         0.         0.         0.         0.         0.01005171 0.         0.91668051 0.01106893 0.         0.         0.         0.01039433],[1. 0. 1. 0. 0. 0. 0. 0. 1. 0. 0. 0. 0. 0. 1. 1. 0. 0. 0. 0. 0. 0. 0. 1. 0. 1. 1. 0. 0. 0. 1.],9.0,random,1000,100,30,0.7,0.1,0.9,0.1,0.9,300,0.8,1,9,,problem_solving,30
440,0.017431827963669988,0.02295,0.004640860181650068,0.45200000000000007,0.34227549348442604,-89.30865576444324,[0.01026356 0.         0.01020557 0.         0.         0.         0.         0.         0.01057602 0.         0.         0.         0.         0.         0.01065586 0.01010353 0.         0.         0.         0.         0.         0.         0.         0.01005171 0.         0.91668051 0.01106893 0.         0.         0.         0.01039433],[1. 0. 1. 0. 0. 0. 0. 0. 1. 0. 0. 0. 0. 0. 1. 1. 0. 0. 0. 0. 0. 0. 0. 1. 0. 1. 1. 0. 0. 0. 1.],9.0,random,1000,100,30,0.7,0.1,0.9,0.1,0.9,300,0.8,1,9,,problem_solving,30
450,0.017431827963669988,0.02295,0.004640860181650068,0.4600000000000001,0.3348369522101714,-172.41076663413634,[0.01026356 0.         0.01020557 0.         0.         0.         0.         0.         0.01057602 0.         0.         0.         0.         0.         0.01065586 0.01010353 0.         0.         0.         0.         0.         0.         0.         0.01005171 0.         0.91668051 0.01106893 0.         0.         0.         0.01039433],[1. 0. 1. 0. 0. 0. 0. 0. 1. 0. 0. 0. 0. 0. 1. 1. 0. 0. 0. 0. 0. 0. 0. 1. 0. 1. 1. 0. 0. 0. 1.],9.0,random,1000,100,30,0.7,0.1,0.9,0.1,0.9,300,0.8,1,9,,problem_solving,30
460,0.017431827963669988,0.02295,0.004640860181650068,0.46799999999999997,0.3275600698841678,27.814111209295703,[0.01026356 0.         0.01020557 0.         0.         0.         0.         0.         0.01057602 0.         0.         0.         0.         0.         0.01065586 0.01010353 0.         0.         0.         0.         0.         0.         0.         0.01005171 0.         0.91668051 0.01106893 0.         0.         0.         0.01039433],[1. 0. 1. 0. 0. 0. 0. 0. 1. 0. 0. 0. 0. 0. 1. 1. 0. 0. 0. 0. 0. 0. 0. 1. 0. 1. 1. 0. 0. 0. 1.],9.0,random,1000,100,30,0.7,0.1,0.9,0.1,0.9,300,0.8,1,9,,problem_solving,30
470,0.017431827963669988,0.02295,0.004640860181650068,0.476,0.3204413332348494,112.88140144678393,[0.01026356 0.         0.01020557 0.         0.         0.         0.         0.         0.01057602 0.         0.         0.         0.         0.         0.01065586 0.01010353 0.         0.         0.         0.         0.         0.         0.         0.01005171 0.         0.91668051 0.01106893 0.         0.         0.         0.01039433],[1. 0. 1. 0. 0. 0. 0. 0. 1. 0. 0. 0. 0. 0. 1. 1. 0. 0. 0. 0. 0. 0. 0. 1. 0. 1. 1. 0. 0. 0. 1.],9.0,random,1000,100,30,0.7,0.1,0.9,0.1,0.9,300,0.8,1,9,,problem_solving,30
480,0.017431827963669988,0.02295,0.004640860181650068,0.484,0.3134773053432264,59.036839246482224,[0.01026356 0.         0.01020557 0.         0.         0.         0.         0.         0.01057602 0.         0.         0.         0.         0.         0.01065586 0.01010353 0.         0.         0.         0.         0.         0.         0.         0.01005171 0.         0.91668051 0.01106893 0.         0.         0.         0.01039433],[1. 0. 1. 0. 0. 0. 0. 0. 1. 0. 0. 0. 0. 0. 1. 1. 0. 0. 0. 0. 0. 0. 0. 1. 0. 1. 1. 0. 0. 0. 1.],9.0,random,1000,100,30,0.7,0.1,0.9,0.1,0.9,300,0.8,1,9,,problem_solving,30
490,0.017431827963669988,0.02295,0.004640860181650068,0.492,0.30666462398354316,-90.66395329037962,[0.01026356 0.         0.01020557 0.         0.         0.         0.         0.         0.01057602 0.         0.         0.         0.         0.         0.01065586 0.01010353 0.         0.         0.         0.         0.         0.         0.         0.01005171 0.         0.91668051 0.01106893 0.         0.         0.         0.01039433],[1. 0. 1. 0. 0. 0. 0. 0. 1. 0. 0. 0. 0. 0. 1. 1. 0. 0. 0. 0. 0. 0. 0. 1. 0. 1. 1. 0. 0. 0. 1.],9.0,random,1000,100,30,0.7,0.1,0.9,0.1,0.9,300,0.8,1,9,,problem_solving,30
500,0.017431827963669988,0.02295,0.004640860181650068,0.5,0.30000000000000004,33.369712291261344,[0.01026356 0.         0.01020557 0.         0.         0.         0.         0.         0.01057602 0.         0.         0.         0.         0.         0.01065586 0.01010353 0.         0.         0.         0.         0.         0.         0.         0.01005171 0.         0.91668051 0.01106893 0.         0.         0.         0.01039433],[1. 0. 1. 0. 0. 0. 0. 0. 1. 0. 0. 0. 0. 0. 1. 1. 0. 0. 0. 0. 0. 0. 0. 1. 0. 1. 1. 0. 0. 0. 1.],9.0,random,1000,100,30,0.7,0.1,0.9,0.1,0.9,300,0.8,1,9,,problem_solving,30
510,0.017431827963669988,0.02295,0.004640860181650068,0.508,0.2934802157187514,-46.93796625075106,[0.01026356 0.         0.01020557 0.         0.         0.         0.         0.         0.01057602 0.         0.         0.         0.         0.         0.01065586 0.01010353 0.         0.         0.         0.         0.         0.         0.         0.01005171 0.         0.91668051 0.01106893 0.         0.         0.         0.01039433],[1. 0. 1. 0. 0. 0. 0. 0. 1. 0. 0. 0. 0. 0. 1. 1. 0. 0. 0. 0. 0. 0. 0. 1. 0. 1. 1. 0. 0. 0. 1.],9.0,random,1000,100,30,0.7,0.1,0.9,0.1,0.9,300,0.8,1,9,,problem_solving,30
520,0.017431827963669988,0.02295,0.004640860181650068,0.516,0.2871021233944161,-80.49357687984184,[0.01026356 0.         0.01020557 0.         0.         0.         0.         0.         0.01057602 0.         0.         0.         0.         0.         0.01065586 0.01010353 0.         0.         0.         0.         0.         0.         0.         0.01005171 0.         0.91668051 0.01106893 0.         0.         0.         0.01039433],[1. 0. 1. 0. 0. 0. 0. 0. 1. 0. 0. 0. 0. 0. 1. 1. 0. 0. 0. 0. 0. 0. 0. 1. 0. 1. 1. 0. 0. 0. 1.],9.0,random,1000,100,30,0.7,0.1,0.9,0.1,0.9,300,0.8,1,9,,problem_solving,30
530,0.017431827963669988,0.02295,0.004640860181650068,0.524,0.2808626436903494,-41.79187806251469,[0.01026356 0.         0.01020557 0.         0.         0.         0.         0.         0.01057602 0.         0.         0.         0.         0.         0.01065586 0.01010353 0.         0.         0.         0.         0.         0.         0.         0.01005171 0.         0.91668051 0.01106893 0.         0.         0.         0.01039433],[1. 0. 1. 0. 0. 0. 0. 0. 1. 0. 0. 0. 0. 0. 1. 1. 0. 0. 0. 0. 0. 0. 0. 1. 0. 1. 1. 0. 0. 0. 1.],9.0,random,1000,100,30,0.7,0.1,0.9,0.1,0.9,300,0.8,1,9,,problem_solving,30
540,0.017431827963669988,0.02295,0.004640860181650068,0.532,0.27475876419194184,-40.6498960146737,[0.01026356 0.         0.01020557 0.         0.         0.         0.         0.         0.01057602 0.         0.         0.         0.         0.         0.01065586 0.01010353 0.         0.         0.         0.         0.         0.         0.         0.01005171 0.         0.91668051 0.01106893 0.         0.         0.         0.01039433],[1. 0. 1. 0. 0. 0. 0. 0. 1. 0. 0. 0. 0. 0. 1. 1. 0. 0. 0. 0. 0. 0. 0. 1. 0. 1. 1. 0. 0. 0. 1.],9.0,random,1000,100,30,0.7,0.1,0.9,0.1,0.9,300,0.8,1,9,,problem_solving,30
550,0.017431827963669988,0.02295,0.004640860181650068,0.54,0.26878753795222876,67.51061587487743,[0.01026356 0.         0.01020557 0.         0.         0.         0.         0.         0.01057602 0.         0.         0.         0.         0.         0.01065586 0.01010353 0.         0.         0.         0.         0.         0.         0.         0.01005171 0.         0.91668051 0.01106893 0.         0.         0.         0.01039433],[1. 0. 1. 0. 0. 0. 0. 0. 1. 0. 0. 0. 0. 0. 1. 1. 0. 0. 0. 0. 0. 0. 0. 1. 0. 1. 1. 0. 0. 0. 1.],9.0,random,1000,100,30,0.7,0.1,0.9,0.1,0.9,300,0.8,1,9,,problem_solving,30
560,0.017431827963669988,0.02295,0.004640860181650068,0.548,0.2629460820691072,107.06148855266628,[0.01026356 0.         0.01020557 0.         0.         0.         0.         0.         0.01057602 0.         0.         0.         0.         0.         0.01065586 0.01010353 0.         0.         0.         0.         0.         0.         0.         0.01005171 0.         0.91668051 0.01106893 0.         0.         0.         0.01039433],[1. 0. 1. 0. 0. 0. 0. 0. 1. 0. 0. 0. 0. 0. 1. 1. 0. 0. 0. 0. 0. 0. 0. 1. 0. 1. 1. 0. 0. 0. 1.],9.0,random,1000,100,30,0.7,0.1,0.9,0.1,0.9,300,0.8,1,9,,problem_solving,30
570,0.017431827963669988,0.02295,0.004640860181650068,0.556,0.2572315762934736,-38.25692991159875,[0.01026356 0.         0.01020557 0.         0.         0.         0.         0.         0.01057602 0.         0.         0.         0.         0.         0.01065586 0.01010353 0.         0.         0.         0.         0.         0.         0.         0.01005171 0.         0.91668051 0.01106893 0.         0.         0.         0.01039433],[1. 0. 1. 0. 0. 0. 0. 0. 1. 0. 0. 0. 0. 0. 1. 1. 0. 0. 0. 0. 0. 0. 0. 1. 0. 1. 1. 0. 0. 0. 1.],9.0,random,1000,100,30,0.7,0.1,0.9,0.1,0.9,300,0.8,1,9,,problem_solving,30
580,0.017431827963669988,0.02295,0.004640860181650068,0.5640000000000001,0.2516412616676102,-59.65937490167266,[0.01026356 0.         0.01020557 0.         0.         0.         0.         0.         0.01057602 0.         0.         0.         0.         0.         0.01065586 0.01010353 0.         0.         0.         0.         0.         0.         0.         0.01005171 0.         0.91668051 0.01106893 0.         0.         0.         0.01039433],[1. 0. 1. 0. 0. 0. 0. 0. 1. 0. 0. 0. 0. 0. 1. 1. 0. 0. 0. 0. 0. 0. 0. 1. 0. 1. 1. 0. 0. 0. 1.],9.0,random,1000,100,30,0.7,0.1,0.9,0.1,0.9,300,0.8,1,9,,problem_solving,30
590,0.017431827963669988,0.02295,0.004640860181650068,0.5720000000000001,0.24617243919316337,-97.7278689940293,[0.01026356 0.         0.01020557 0.         0.         0.         0.         0.         0.01057602 0.         0.         0.         0.         0.         0.01065586 0.01010353 0.         0.         0.         0.         0.         0.         0.         0.01005171 0.         0.91668051 0.01106893 0.         0.         0.         0.01039433],[1. 0. 1. 0. 0. 0. 0. 0. 1. 0. 0. 0. 0. 0. 1. 1. 0. 0. 0. 0. 0. 0. 0. 1. 0. 1. 1. 0. 0. 0. 1.],9.0,random,1000,100,30,0.7,0.1,0.9,0.1,0.9,300,0.8,1,9,,problem_solving,30
600,0.017431827963669988,0.02295,0.004640860181650068,0.5800000000000001,0.2408224685280693,55.89054045634256,[0.01026356 0.         0.01020557 0.         0.         0.         0.         0.         0.01057602 0.         0.         0.         0.         0.         0.01065586 0.01010353 0.         0.         0.         0.         0.         0.         0.         0.01005171 0.         0.91668051 0.01106893 0.         0.         0.         0.01039433],[1. 0. 1. 0. 0. 0. 0. 0. 1. 0. 0. 0. 0. 0. 1. 1. 0. 0. 0. 0. 0. 0. 0. 1. 0. 1. 1. 0. 0. 0. 1.],9.0,random,1000,100,30,0.7,0.1,0.9,0.1,0.9,300,0.8,1,9,,problem_solving,30
610,0.017431827963669988,0.02295,0.004640860181650068,0.5880000000000001,0.23558876671179993,-90.20453527881969,[0.01026356 0.         0.01020557 0.         0.         0.         0.         0.         0.01057602 0.         0.         0.         0.         0.         0.01065586 0.01010353 0.         0.         0.         0.         0.         0.         0.         0.01005171 0.         0.91668051 0.01106893 0.         0.         0.         0.01039433],[1. 0. 1. 0. 0. 0. 0. 0. 1. 0. 0. 0. 0. 0. 1. 1. 0. 0. 0. 0. 0. 0. 0. 1. 0. 1. 1. 0. 0. 0. 1.],9.0,random,1000,100,30,0.7,0.1,0.9,0.1,0.9,300,0.8,1,9,,problem_solving,30
620,0.017431827963669988,0.02295,0.004640860181650068,0.596,0.23046880691831206,42.724022138132625,[0.01026356 0.         0.01020557 0.         0.         0.         0.         0.         0.01057602 0.         0.         0.         0.         0.         0.01065586 0.01010353 0.         0.         0.         0.         0.         0.         0.         0.01005171 0.         0.91668051 0.01106893 0.         0.         0.         0.01039433],[1. 0. 1. 0. 0. 0. 0. 0. 1. 0. 0. 0. 0. 0. 1. 1. 0. 0. 0. 0. 0. 0. 0. 1. 0. 1. 1. 0. 0. 0. 1.],9.0,random,1000,100,30,0.7,0.1,0.9,0.1,0.9,300,0.8,1,9,,problem_solving,30
630,0.017431827963669988,0.02295,0.004640860181650068,0.604,0.22546011723609824,23.083412659764363,[0.01026356 0.         0.01020557 0.         0.         0.         0.         0.         0.01057602 0.         0.         0.         0.         0.         0.01065586 0.01010353 0.         0.         0.         0.         0.         0.         0.         0.01005171 0.         0.91668051 0.01106893 0.         0.         0.         0.01039433],[1. 0. 1. 0. 0. 0. 0. 0. 1. 0. 0. 0. 0. 0. 1. 1. 0. 0. 0. 0. 0. 0. 0. 1. 0. 1. 1. 0. 0. 0. 1.],9.0,random,1000,100,30,0.7,0.1,0.9,0.1,0.9,300,0.8,1,9,,problem_solving,30
640,0.017431827963669988,0.02295,0.004640860181650068,0.612,0.22056027947475035,80.6599935689421,[0.01026356 0.         0.01020557 0.         0.         0.         0.         0.         0.01057602 0.         0.         0.         0.         0.         0.01065586 0.01010353 0.         0.         0.         0.         0.         0.         0.         0.01005171 0.         0.91668051 0.01106893 0.         0.         0.         0.01039433],[1. 0. 1. 0. 0. 0. 0. 0. 1. 0. 0. 0. 0. 0. 1. 1. 0. 0. 0. 0. 0. 0. 0. 1. 0. 1. 1. 0. 0. 0. 1.],9.0,random,1000,100,30,0.7,0.1,0.9,0.1,0.9,300,0.8,1,9,,problem_solving,30
650,0.017431827963669988,0.02295,0.004640860181650068,0.62,0.2157669279974594,-0.8985131515412657,[0.01026356 0.         0.01020557 0.         0.         0.         0.         0.         0.01057602 0.         0.         0.         0.         0.         0.01065586 0.01010353 0.         0.         0.         0.         0.         0.         0.         0.01005171 0.         0.91668051 0.01106893 0.         0.         0.         0.01039433],[1. 0. 1. 0. 0. 0. 0. 0. 1. 0. 0. 0. 0. 0. 1. 1. 0. 0. 0. 0. 0. 0. 0. 1. 0. 1. 1. 0. 0. 0. 1.],9.0,random,1000,100,30,0.7,0.1,0.9,0.1,0.9,300,0.8,1,9,,problem_solving,30
660,0.017431827963669988,0.02295,0.004640860181650068,0.628,0.2110777485788889,35.19060188773338,[0.01026356 0.         0.01020557 0.         0.         0.         0.         0.         0.01057602 0.         0.         0.         0.         0.         0.01065586 0.01010353 0.         0.         0.         0.         0.         0.         0.         0.01005171 0.         0.91668051 0.01106893 0.         0.         0.         0.01039433],[1. 0. 1. 0. 0. 0. 0. 0. 1. 0. 0. 0. 0. 0. 1. 1. 0. 0. 0. 0. 0. 0. 0. 1. 0. 1. 1. 0. 0. 0. 1.],9.0,random,1000,100,30,0.7,0.1,0.9,0.1,0.9,300,0.8,1,9,,problem_solving,30
670,0.017431827963669988,0.02295,0.004640860181650068,0.636,0.20649047728786893,96.77219080545211,[0.01026356 0.         0.01020557 0.         0.         0.         0.         0.         0.01057602 0.         0.         0.         0.         0.         0.01065586 0.01010353 0.         0.         0.         0.         0.         0.         0.         0.01005171 0.         0.91668051 0.01106893 0.         0.         0.         0.01039433],[1. 0. 1. 0. 0. 0. 0. 0. 1. 0. 0. 0. 0. 0. 1. 1. 0. 0. 0. 0. 0. 0. 0. 1. 0. 1. 1. 0. 0. 0. 1.],9.0,random,1000,100,30,0.7,0.1,0.9,0.1,0.9,300,0.8,1,9,,problem_solving,30
680,0.017431827963669988,0.02295,0.004640860181650068,0.644,0.20200289939437233,211.14327873515978,[0.01026356 0.         0.01020557 0.         0.         0.         0.         0.         0.01057602 0.         0.         0.         0.         0.         0.01065586 0.01010353 0.         0.         0.         0.         0.         0.         0.         0.01005171 0.         0.91668051 0.01106893 0.         0.         0.         0.01039433],[1. 0. 1. 0. 0. 0. 0. 0. 1. 0. 0. 0. 0. 0. 1. 1. 0. 0. 0. 0. 0. 0. 0. 1. 0. 1. 1. 0. 0. 0. 1.],9.0,random,1000,100,30,0.7,0.1,0.9,0.1,0.9,300,0.8,1,9,,problem_solving,30
690,0.017431827963669988,0.02295,0.004640860181650068,0.652,0.1976128483002454,-30.588382670010304,[0.01026356 0.         0.01020557 0.         0.         0.         0.         0.         0.01057602 0.         0.         0.         0.         0.         0.01065586 0.01010353 0.         0.         0.         0.         0.         0.         0.         0.01005171 0.         0.91668051 0.01106893 0.         0.         0.         0.01039433],[1. 0. 1. 0. 0. 0. 0. 0. 1. 0. 0. 0. 0. 0. 1. 1. 0. 0. 0. 0. 0. 0. 0. 1. 0. 1. 1. 0. 0. 0. 1.],9.0,random,1000,100,30,0.7,0.1,0.9,0.1,0.9,300,0.8,1,9,,problem_solving,30
700,0.017431827963669988,0.02295,0.004640860181650068,0.66,0.19331820449317633,45.08688841216667,[0.01026356 0.         0.01020557 0.         0.         0.         0.         0.         0.01057602 0.         0.         0.         0.         0.         0.01065586 0.01010353 0.         0.         0.         0.         0.         0.         0.         0.01005171 0.         0.91668051 0.01106893 0.         0.         0.         0.01039433],[1. 0. 1. 0. 0. 0. 0. 0. 1. 0. 0. 0. 0. 0. 1. 1. 0. 0. 0. 0. 0. 0. 0. 1. 0. 1. 1. 0. 0. 0. 1.],9.0,random,1000,100,30,0.7,0.1,0.9,0.1,0.9,300,0.8,1,9,,problem_solving,30
710,0.017431827963669988,0.02295,0.004640860181650068,0.668,0.18911689452339692,-132.99796768825308,[0.01026356 0.         0.01020557 0.         0.         0.         0.         0.         0.01057602 0.         0.         0.         0.         0.         0.01065586 0.01010353 0.         0.         0.         0.         0.         0.         0.         0.01005171 0.         0.91668051 0.01106893 0.         0.         0.         0.01039433],[1. 0. 1. 0. 0. 0. 0. 0. 1. 0. 0. 0. 0. 0. 1. 1. 0. 0. 0. 0. 0. 0. 0. 1. 0. 1. 1. 0. 0. 0. 1.],9.0,random,1000,100,30,0.7,0.1,0.9,0.1,0.9,300,0.8,1,9,,problem_solving,30
720,0.017431827963669988,0.02295,0.004640860181650068,0.676,0.1850068900026229,48.0929517424721,[0.01026356 0.         0.01020557 0.         0.         0.         0.         0.         0.01057602 0.         0.         0.         0.         0.         0.01065586 0.01010353 0.         0.         0.         0.         0.         0.         0.         0.01005171 0.         0.91668051 0.01106893 0.         0.         0.         0.01039433],[1. 0. 1. 0. 0. 0. 0. 0. 1. 0. 0. 0. 0. 0. 1. 1. 0. 0. 0. 0. 0. 0. 0. 1. 0. 1. 1. 0. 0. 0. 1.],9.0,random,1000,100,30,0.7,0.1,0.9,0.1,0.9,300,0.8,1,9,,problem_solving,30
730,0.017431827963669988,0.02295,0.004640860181650068,0.684,0.18098620662475023,-48.29302327533122,[0.01026356 0.         0.01020557 0.         0.         0.         0.         0.         0.01057602 0.         0.         0.         0.         0.         0.01065586 0.01010353 0.         0.         0.         0.         0.         0.         0.         0.01005171 0.         0.91668051 0.01106893 0.         0.         0.         0.01039433],[1. 0. 1. 0. 0. 0. 0. 0. 1. 0. 0. 0. 0. 0. 1. 1. 0. 0. 0. 0. 0. 0. 0. 1. 0. 1. 1. 0. 0. 0. 1.],9.0,random,1000,100,30,0.7,0.1,0.9,0.1,0.9,300,0.8,1,9,,problem_solving,30
740,0.017431827963669988,0.02295,0.004640860181650068,0.6920000000000001,0.177052903207834,89.93467438797678,[0.01026356 0.         0.01020557 0.         0.         0.         0.         0.         0.01057602 0.         0.         0.         0.         0.         0.01065586 0.01010353 0.         0.         0.         0.         0.         0.         0.         0.01005171 0.         0.91668051 0.01106893 0.         0.         0.         0.01039433],[1. 0. 1. 0. 0. 0. 0. 0. 1. 0. 0. 0. 0. 0. 1. 1. 0. 0. 0. 0. 0. 0. 0. 1. 0. 1. 1. 0. 0. 0. 1.],9.0,random,1000,100,30,0.7,0.1,0.9,0.1,0.9,300,0.8,1,9,,problem_solving,30
750,0.017431827963669988,0.02295,0.004640860181650068,0.7,0.17320508075688776,29.020332595752894,[0.01026356 0.         0.01020557 0.         0.         0.         0.         0.         0.01057602 0.         0.         0.         0.         0.         0.01065586 0.01010353 0.         0.         0.         0.         0.         0.         0.         0.01005171 0.         0.91668051 0.01106893 0.         0.         0.         0.01039433],[1. 0. 1. 0. 0. 0. 0. 0. 1. 0. 0. 0. 0. 0. 1. 1. 0. 0. 0. 0. 0. 0. 0. 1. 0. 1. 1. 0. 0. 0. 1.],9.0,random,1000,100,30,0.7,0.1,0.9,0.1,0.9,300,0.8,1,9,,problem_solving,30
760,0.017431827963669988,0.02295,0.004640860181650068,0.708,0.16944088154705061,39.04871453750045,[0.01026356 0.         0.01020557 0.         0.         0.         0.         0.         0.01057602 0.         0.         0.         0.         0.         0.01065586 0.01010353 0.         0.         0.         0.         0.         0.         0.         0.01005171 0.         0.91668051 0.01106893 0.         0.         0.         0.01039433],[1. 0. 1. 0. 0. 0. 0. 0. 1. 0. 0. 0. 0. 0. 1. 1. 0. 0. 0. 0. 0. 0. 0. 1. 0. 1. 1. 0. 0. 0. 1.],9.0,random,1000,100,30,0.7,0.1,0.9,0.1,0.9,300,0.8,1,9,,problem_solving,30
770,0.017431827963669988,0.02295,0.004640860181650068,0.716,0.16575848822667935,33.38130479551671,[0.01026356 0.         0.01020557 0.         0.         0.         0.         0.         0.01057602 0.         0.         0.         0.         0.         0.01065586 0.01010353 0.         0.         0.         0.         0.         0.         0.         0.01005171 0.         0.91668051 0.01106893 0.         0.         0.         0.01039433],[1. 0. 1. 0. 0. 0. 0. 0. 1. 0. 0. 0. 0. 0. 1. 1. 0. 0. 0. 0. 0. 0. 0. 1. 0. 1. 1. 0. 0. 0. 1.],9.0,random,1000,100,30,0.7,0.1,0.9,0.1,0.9,300,0.8,1,9,,problem_solving,30
780,0.017431827963669988,0.02295,0.004640860181650068,0.724,0.1621561229399332,-44.67682109916753,[0.01026356 0.         0.01020557 0.         0.         0.         0.         0.         0.01057602 0.         0.         0.         0.         0.         0.01065586 0.01010353 0.         0.         0.         0.         0.         0.         0.         0.01005171 0.         0.91668051 0.01106893 0.         0.         0.         0.01039433],[1. 0. 1. 0. 0. 0. 0. 0. 1. 0. 0. 0. 0. 0. 1. 1. 0. 0. 0. 0. 0. 0. 0. 1. 0. 1. 1. 0. 0. 0. 1.],9.0,random,1000,100,30,0.7,0.1,0.9,0.1,0.9,300,0.8,1,9,,problem_solving,30
790,0.017431827963669988,0.02295,0.004640860181650068,0.732,0.15863204646842655,-78.71075537003239,[0.01026356 0.         0.01020557 0.         0.         0.         0.         0.         0.01057602 0.         0.         0.         0.         0.         0.01065586 0.01010353 0.         0.         0.         0.         0.         0.         0.         0.01005171 0.         0.91668051 0.01106893 0.         0.         0.         0.01039433],[1. 0. 1. 0. 0. 0. 0. 0. 1. 0. 0. 0. 0. 0. 1. 1. 0. 0. 0. 0. 0. 0. 0. 1. 0. 1. 1. 0. 0. 0. 1.],9.0,random,1000,100,30,0.7,0.1,0.9,0.1,0.9,300,0.8,1,9,,problem_solving,30
800,0.017431827963669988,0.02295,0.004640860181650068,0.74,0.15518455739153603,-36.2048310693966,[0.01026356 0.         0.01020557 0.         0.         0.         0.         0.         0.01057602 0.         0.         0.         0.         0.         0.01065586 0.01010353 0.         0.         0.         0.         0.         0.         0.         0.01005171 0.         0.91668051 0.01106893 0.         0.         0.         0.01039433],[1. 0. 1. 0. 0. 0. 0. 0. 1. 0. 0. 0. 0. 0. 1. 1. 0. 0. 0. 0. 0. 0. 0. 1. 0. 1. 1. 0. 0. 0. 1.],9.0,random,1000,100,30,0.7,0.1,0.9,0.1,0.9,300,0.8,1,9,,problem_solving,30
810,0.017431827963669988,0.02295,0.004640860181650068,0.748,0.15181199126495645,-56.57601634418907,[0.01026356 0.         0.01020557 0.         0.         0.         0.         0.         0.01057602 0.         0.         0.         0.         0.         0.01065586 0.01010353 0.         0.         0.         0.         0.         0.         0.         0.01005171 0.         0.91668051 0.01106893 0.         0.         0.         0.01039433],[1. 0. 1. 0. 0. 0. 0. 0. 1. 0. 0. 0. 0. 0. 1. 1. 0. 0. 0. 0. 0. 0. 0. 1. 0. 1. 1. 0. 0. 0. 1.],9.0,random,1000,100,30,0.7,0.1,0.9,0.1,0.9,300,0.8,1,9,,problem_solving,30
820,0.017431827963669988,0.02295,0.004640860181650068,0.756,0.14851271981710873,16.404132999734447,[0.01026356 0.         0.01020557 0.         0.         0.         0.         0.         0.01057602 0.         0.         0.         0.         0.         0.01065586 0.01010353 0.         0.         0.         0.         0.         0.         0.         0.01005171 0.         0.91668051 0.01106893 0.         0.         0.         0.01039433],[1. 0. 1. 0. 0. 0. 0. 0. 1. 0. 0. 0. 0. 0. 1. 1. 0. 0. 0. 0. 0. 0. 0. 1. 0. 1. 1. 0. 0. 0. 1.],9.0,random,1000,100,30,0.7,0.1,0.9,0.1,0.9,300,0.8,1,9,,problem_solving,30
830,0.017431827963669988,0.02295,0.004640860181650068,0.764,0.14528515016301183,-17.0685398051286,[0.01026356 0.         0.01020557 0.         0.         0.         0.         0.         0.01057602 0.         0.         0.         0.         0.         0.01065586 0.01010353 0.         0.         0.         0.         0.         0.         0.         0.01005171 0.         0.91668051 0.01106893 0.         0.         0.         0.01039433],[1. 0. 1. 0. 0. 0. 0. 0. 1. 0. 0. 0. 0. 0. 1. 1. 0. 0. 0. 0. 0. 0. 0. 1. 0. 1. 1. 0. 0. 0. 1.],9.0,random,1000,100,30,0.7,0.1,0.9,0.1,0.9,300,0.8,1,9,,problem_solving,30
840,0.017431827963669988,0.02295,0.004640860181650068,0.772,0.14212772403523963,54.34627504887966,[0.01026356 0.         0.01020557 0.         0.         0.         0.         0.         0.01057602 0.         0.         0.         0.         0.         0.01065586 0.01010353 0.         0.         0.         0.         0.         0.         0.         0.01005171 0.         0.91668051 0.01106893 0.         0.         0.         0.01039433],[1. 0. 1. 0. 0. 0. 0. 0. 1. 0. 0. 0. 0. 0. 1. 1. 0. 0. 0. 0. 0. 0. 0. 1. 0. 1. 1. 0. 0. 0. 1.],9.0,random,1000,100,30,0.7,0.1,0.9,0.1,0.9,300,0.8,1,9,,problem_solving,30
850,0.017431827963669988,0.02295,0.004640860181650068,0.78,0.139038917031591,58.19046815419695,[0.01026356 0.         0.01020557 0.         0.         0.         0.         0.         0.01057602 0.         0.         0.         0.         0.         0.01065586 0.01010353 0.         0.         0.         0.         0.         0.         0.         0.01005171 0.         0.91668051 0.01106893 0.         0.         0.         0.01039433],[1. 0. 1. 0. 0. 0. 0. 0. 1. 0. 0. 0. 0. 0. 1. 1. 0. 0. 0. 0. 0. 0. 0. 1. 0. 1. 1. 0. 0. 0. 1.],9.0,random,1000,100,30,0.7,0.1,0.9,0.1,0.9,300,0.8,1,9,,problem_solving,30
860,0.017431827963669988,0.02295,0.004640860181650068,0.788,0.13601723787910963,71.30724988340596,[0.01026356 0.         0.01020557 0.         0.         0.         0.         0.         0.01057602 0.         0.         0.         0.         0.         0.01065586 0.01010353 0.         0.         0.         0.         0.         0.         0.         0.01005171 0.         0.91668051 0.01106893 0.         0.         0.         0.01039433],[1. 0. 1. 0. 0. 0. 0. 0. 1. 0. 0. 0. 0. 0. 1. 1. 0. 0. 0. 0. 0. 0. 0. 1. 0. 1. 1. 0. 0. 0. 1.],9.0,random,1000,100,30,0.7,0.1,0.9,0.1,0.9,300,0.8,1,9,,problem_solving,30
870,0.017431827963669988,0.02295,0.004640860181650068,0.796,0.13306122771409937,-9.442257445904335,[0.01026356 0.         0.01020557 0.         0.         0.         0.         0.         0.01057602 0.         0.         0.         0.         0.         0.01065586 0.01010353 0.         0.         0.         0.         0.         0.         0.         0.01005171 0.         0.91668051 0.01106893 0.         0.         0.         0.01039433],[1. 0. 1. 0. 0. 0. 0. 0. 1. 0. 0. 0. 0. 0. 1. 1. 0. 0. 0. 0. 0. 0. 0. 1. 0. 1. 1. 0. 0. 0. 1.],9.0,random,1000,100,30,0.7,0.1,0.9,0.1,0.9,300,0.8,1,9,,problem_solving,30
880,0.017431827963669988,0.02295,0.004640860181650068,0.804,0.13016945937778596,-36.57477201374947,[0.01026356 0.         0.01020557 0.         0.         0.         0.         0.         0.01057602 0.         0.         0.         0.         0.         0.01065586 0.01010353 0.         0.         0.         0.         0.         0.         0.         0.01005171 0.         0.91668051 0.01106893 0.         0.         0.         0.01039433],[1. 0. 1. 0. 0. 0. 0. 0. 1. 0. 0. 0. 0. 0. 1. 1. 0. 0. 0. 0. 0. 0. 0. 1. 0. 1. 1. 0. 0. 0. 1.],9.0,random,1000,100,30,0.7,0.1,0.9,0.1,0.9,300,0.8,1,9,,problem_solving,30
890,0.017431827963669988,0.02295,0.004640860181650068,0.812,0.1273405367272862,-43.930678663875035,[0.01026356 0.         0.01020557 0.         0.         0.         0.         0.         0.01057602 0.         0.         0.         0.         0.         0.01065586 0.01010353 0.         0.         0.         0.         0.         0.         0.         0.01005171 0.         0.91668051 0.01106893 0.         0.         0.         0.01039433],[1. 0. 1. 0. 0. 0. 0. 0. 1. 0. 0. 0. 0. 0. 1. 1. 0. 0. 0. 0. 0. 0. 0. 1. 0. 1. 1. 0. 0. 0. 1.],9.0,random,1000,100,30,0.7,0.1,0.9,0.1,0.9,300,0.8,1,9,,problem_solving,30
900,0.017431827963669988,0.02295,0.004640860181650068,0.8200000000000001,0.12457309396155179,21.549990182416554,[0.01026356 0.         0.01020557 0.         0.         0.         0.         0.         0.01057602 0.         0.         0.         0.         0.         0.01065586 0.01010353 0.         0.         0.         0.         0.         0.         0.         0.01005171 0.         0.91668051 0.01106893 0.         0.         0.         0.01039433],[1. 0. 1. 0. 0. 0. 0. 0. 1. 0. 0. 0. 0. 0. 1. 1. 0. 0. 0. 0. 0. 0. 0. 1. 0. 1. 1. 0. 0. 0. 1.],9.0,random,1000,100,30,0.7,0.1,0.9,0.1,0.9,300,0.8,1,9,,problem_solving,30
910,0.017431827963669988,0.02295,0.004640860181650068,0.828,0.12186579496196166,68.27766426754751,[0.01026356 0.         0.01020557 0.         0.         0.         0.         0.         0.01057602 0.         0.         0.         0.         0.         0.01065586 0.01010353 0.         0.         0.         0.         0.         0.         0.         0.01005171 0.         0.91668051 0.01106893 0.         0.         0.         0.01039433],[1. 0. 1. 0. 0. 0. 0. 0. 1. 0. 0. 0. 0. 0. 1. 1. 0. 0. 0. 0. 0. 0. 0. 1. 0. 1. 1. 0. 0. 0. 1.],9.0,random,1000,100,30,0.7,0.1,0.9,0.1,0.9,300,0.8,1,9,,problem_solving,30
920,0.017431827963669988,0.02295,0.004640860181650068,0.836,0.11921733264724545,70.35841294767508,[0.01026356 0.         0.01020557 0.         0.         0.         0.         0.         0.01057602 0.         0.         0.         0.         0.         0.01065586 0.01010353 0.         0.         0.         0.         0.         0.         0.         0.01005171 0.         0.91668051 0.01106893 0.         0.         0.         0.01039433],[1. 0. 1. 0. 0. 0. 0. 0. 1. 0. 0. 0. 0. 0. 1. 1. 0. 0. 0. 0. 0. 0. 0. 1. 0. 1. 1. 0. 0. 0. 1.],9.0,random,1000,100,30,0.7,0.1,0.9,0.1,0.9,300,0.8,1,9,,problem_solving,30
930,0.017431827963669988,0.02295,0.004640860181650068,0.844,0.11662642834242573,37.502390532601844,[0.01026356 0.         0.01020557 0.         0.         0.         0.         0.         0.01057602 0.         0.         0.         0.         0.         0.01065586 0.01010353 0.         0.         0.         0.         0.         0.         0.         0.01005171 0.         0.91668051 0.01106893 0.         0.         0.         0.01039433],[1. 0. 1. 0. 0. 0. 0. 0. 1. 0. 0. 0. 0. 0. 1. 1. 0. 0. 0. 0. 0. 0. 0. 1. 0. 1. 1. 0. 0. 0. 1.],9.0,random,1000,100,30,0.7,0.1,0.9,0.1,0.9,300,0.8,1,9,,problem_solving,30
940,0.017431827963669988,0.02295,0.004640860181650068,0.852,0.11409183116147535,-6.076995474073393,[0.01026356 0.         0.01020557 0.         0.         0.         0.         0.         0.01057602 0.         0.         0.         0.         0.         0.01065586 0.01010353 0.         0.         0.         0.         0.         0.         0.         0.01005171 0.         0.91668051 0.01106893 0.         0.         0.         0.01039433],[1. 0. 1. 0. 0. 0. 0. 0. 1. 0. 0. 0. 0. 0. 1. 1. 0. 0. 0. 0. 0. 0. 0. 1. 0. 1. 1. 0. 0. 0. 1.],9.0,random,1000,100,30,0.7,0.1,0.9,0.1,0.9,300,0.8,1,9,,problem_solving,30
950,0.017431827963669988,0.02295,0.004640860181650068,0.86,0.11161231740339052,-44.583104656471306,[0.01026356 0.         0.01020557 0.         0.         0.         0.         0.         0.01057602 0.         0.         0.         0.         0.         0.01065586 0.01010353 0.         0.         0.         0.         0.         0.         0.         0.01005171 0.         0.91668051 0.01106893 0.         0.         0.         0.01039433],[1. 0. 1. 0. 0. 0. 0. 0. 1. 0. 0. 0. 0. 0. 1. 1. 0. 0. 0. 0. 0. 0. 0. 1. 0. 1. 1. 0. 0. 0. 1.],9.0,random,1000,100,30,0.7,0.1,0.9,0.1,0.9,300,0.8,1,9,,problem_solving,30
960,0.017431827963669988,0.02295,0.004640860181650068,0.868,0.10918668996138928,-1.1891394663939046,[0.01026356 0.         0.01020557 0.         0.         0.         0.         0.         0.01057602 0.         0.         0.         0.         0.         0.01065586 0.01010353 0.         0.         0.         0.         0.         0.         0.         0.01005171 0.         0.91668051 0.01106893 0.         0.         0.         0.01039433],[1. 0. 1. 0. 0. 0. 0. 0. 1. 0. 0. 0. 0. 0. 1. 1. 0. 0. 0. 0. 0. 0. 0. 1. 0. 1. 1. 0. 0. 0. 1.],9.0,random,1000,100,30,0.7,0.1,0.9,0.1,0.9,300,0.8,1,9,,problem_solving,30
970,0.017431827963669988,0.02295,0.004640860181650068,0.876,0.10681377774494985,5.064905747090445,[0.01026356 0.         0.01020557 0.         0.         0.         0.         0.         0.01057602 0.         0.         0.         0.         0.         0.01065586 0.01010353 0.         0.         0.         0.         0.         0.         0.         0.01005171 0.         0.91668051 0.01106893 0.         0.         0.         0.01039433],[1. 0. 1. 0. 0. 0. 0. 0. 1. 0. 0. 0. 0. 0. 1. 1. 0. 0. 0. 0. 0. 0. 0. 1. 0. 1. 1. 0. 0. 0. 1.],9.0,random,1000,100,30,0.7,0.1,0.9,0.1,0.9,300,0.8,1,9,,problem_solving,30
980,0.017431827963669988,0.02295,0.004640860181650068,0.884,0.10449243511440878,-0.7729323636863877,[0.01026356 0.         0.01020557 0.         0.         0.         0.         0.         0.01057602 0.         0.         0.         0.         0.         0.01065586 0.01010353 0.         0.         0.         0.         0.         0.         0.         0.01005171 0.         0.91668051 0.01106893 0.         0.         0.         0.01039433],[1. 0. 1. 0. 0. 0. 0. 0. 1. 0. 0. 0. 0. 0. 1. 1. 0. 0. 0. 0. 0. 0. 0. 1. 0. 1. 1. 0. 0. 0. 1.],9.0,random,1000,100,30,0.7,0.1,0.9,0.1,0.9,300,0.8,1,9,,problem_solving,30
990,0.017431827963669988,0.02295,0.004640860181650068,0.892,0.10222154132784776,-25.201510439924,[0.01026356 0.         0.01020557 0.         0.         0.         0.         0.         0.01057602 0.         0.         0.         0.         0.         0.01065586 0.01010353 0.         0.         0.         0.         0.         0.         0.         0.01005171 0.         0.91668051 0.01106893 0.         0.         0.         0.01039433],[1. 0. 1. 0. 0. 0. 0. 0. 1. 0. 0. 0. 0. 0. 1. 1. 0. 0. 0. 0. 0. 0. 0. 1. 0. 1. 1. 0. 0. 0. 1.],9.0,random,1000,100,30,0.7,0.1,0.9,0.1,0.9,300,0.8,1,9,,problem_solving,30
999,0.017431827963669988,0.02295,0.004640860181650068,0.8992,0.10021996402441886,3.9486904305348647,[0.01026356 0.         0.01020557 0.         0.         0.         0.         0.         0.01057602 0.         0.         0.         0.         0.         0.01065586 0.01010353 0.         0.         0.         0.         0.         0.         0.         0.01005171 0.         0.91668051 0.01106893 0.         0.         0.         0.01039433],[1. 0. 1. 0. 0. 0. 0. 0. 1. 0. 0. 0. 0. 0. 1. 1. 0. 0. 0. 0. 0. 0. 0. 1. 0. 1. 1. 0. 0. 0. 1.],9.0,random,1000,100,30,0.7,0.1,0.9,0.1,0.9,300,0.8,1,9,,problem_solving,30
