iter,cost,risk,return,par,bw,move,X,Z,Q,pop_init,max_iter,pop_size,mem_size,mem_consider,par_min,par_max,bw_min,bw_max,sigma,lambda,port_n,k,seed,tag,local_search
1,0.10255116575256626,0.209036,0.003933668494867486,0.1008,0.8994711474430547,-7.500969025646317,[0.         0.         0.         0.02561945 0.02025381 0.         0.         0.03118573 0.01728038 0.         0.         0.01255749 0.01866365 0.         0.         0.         0.01375499 0.         0.         0.         0.         0.         0.03046349 0.         0.         0.80343239 0.         0.02678861 0.         0.         0.        ],[0. 0. 0. 1. 1. 0. 0. 1. 1. 0. 0. 1. 1. 0. 0. 0. 1. 0. 0. 0. 0. 0. 1. 0. 0. 1. 0. 1. 0. 0. 0.],10.0,random,1000,10000,10,0.6,0.1,0.9,0.5,0.9,5,0.5,1,10,,tuning_bw,
10,0.08250408323643046,0.1674,0.002391833527139051,0.10800000000000001,0.894725436791504,-5.054851499602662,[0.         0.         0.         0.         0.03057396 0.         0.         0.         0.         0.         0.         0.         0.01887371 0.         0.         0.         0.0125022  0.         0.         0.03972351 0.         0.         0.         0.         0.03346857 0.         0.01321188 0.76771727 0.02461768 0.02063998 0.03867125],[0. 0. 0. 0. 1. 0. 0. 0. 0. 0. 0. 0. 1. 0. 0. 0. 1. 0. 0. 1. 0. 0. 0. 0. 1. 0. 1. 1. 1. 1. 1.],10.0,random,1000,10000,10,0.6,0.1,0.9,0.5,0.9,5,0.5,1,10,,tuning_bw,
20,0.08250408323643046,0.1674,0.002391833527139051,0.116,0.8894817858241639,11.267422187478175,[0.         0.         0.         0.         0.03057396 0.         0.         0.         0.         0.         0.         0.         0.01887371 0.         0.         0.         0.0125022  0.         0.         0.03972351 0.         0.         0.         0.         0.03346857 0.         0.01321188 0.76771727 0.02461768 0.02063998 0.03867125],[0. 0. 0. 0. 1. 0. 0. 0. 0. 0. 0. 0. 1. 0. 0. 0. 1. 0. 0. 1. 0. 0. 0. 0. 1. 0. 1. 1. 1. 1. 1.],10.0,random,1000,10000,10,0.6,0.1,0.9,0.5,0.9,5,0.5,1,10,,tuning_bw,
30,0.08250408323643046,0.1674,0.002391833527139051,0.124,0.8842688659329022,-6.7517148687670065,[0.         0.         0.         0.         0.03057396 0.         0.         0.         0.         0.         0.         0.         0.01887371 0.         0.         0.         0.0125022  0.         0.         0.03972351 0.         0.         0.         0.         0.03346857 0.         0.01321188 0.76771727 0.02461768 0.02063998 0.03867125],[0. 0. 0. 0. 1. 0. 0. 0. 0. 0. 0. 0. 1. 0. 0. 0. 1. 0. 0. 1. 0. 0. 0. 0. 1. 0. 1. 1. 1. 1. 1.],10.0,random,1000,10000,10,0.6,0.1,0.9,0.5,0.9,5,0.5,1,10,,tuning_bw,
40,0.06110776979916696,0.128879,0.006663460401666066,0.132,0.879086497014382,-2.0485531623065607,[0.01377034 0.         0.         0.         0.75736339 0.01310638 0.         0.         0.         0.         0.         0.         0.01259193 0.         0.         0.05576624 0.         0.01774305 0.         0.         0.         0.05980393 0.         0.         0.01304306 0.         0.         0.01216866 0.04464302 0.         0.        ],[1. 0. 0. 0. 1. 1. 0. 0. 0. 0. 0. 0. 1. 0. 0. 1. 0. 1. 0. 0. 0. 1. 0. 0. 1. 0. 0. 1. 1. 0. 0.],10.0,random,1000,10000,10,0.6,0.1,0.9,0.5,0.9,5,0.5,1,10,,tuning_bw,
50,0.024053102891490843,0.052511,0.004404794217018319,0.14,0.8739345000207845,-0.20129566776988758,[0.01142109 0.         0.02732182 0.         0.         0.02927535 0.02731028 0.         0.01306919 0.         0.         0.02537507 0.         0.         0.         0.         0.         0.01787569 0.         0.         0.         0.         0.         0.         0.         0.82147591 0.         0.01155202 0.         0.01532357 0.        ],[1. 0. 1. 0. 0. 1. 1. 0. 1. 0. 0. 1. 0. 0. 0. 0. 0. 1. 0. 0. 0. 0. 0. 0. 0. 1. 0. 1. 0. 1. 0.],10.0,random,1000,10000,10,0.6,0.1,0.9,0.5,0.9,5,0.5,1,10,,tuning_bw,
60,0.024053102891490843,0.052511,0.004404794217018319,0.14800000000000002,0.8688126969536234,-0.31469445647949684,[0.01142109 0.         0.02732182 0.         0.         0.02927535 0.02731028 0.         0.01306919 0.         0.         0.02537507 0.         0.         0.         0.         0.         0.01787569 0.         0.         0.         0.         0.         0.         0.         0.82147591 0.         0.01155202 0.         0.01532357 0.        ],[1. 0. 1. 0. 0. 1. 1. 0. 1. 0. 0. 1. 0. 0. 0. 0. 0. 1. 0. 0. 0. 0. 0. 0. 0. 1. 0. 1. 0. 1. 0.],10.0,random,1000,10000,10,0.6,0.1,0.9,0.5,0.9,5,0.5,1,10,,tuning_bw,
70,0.024053102891490843,0.052511,0.004404794217018319,0.156,0.8637209108575947,7.436512875625473,[0.01142109 0.         0.02732182 0.         0.         0.02927535 0.02731028 0.         0.01306919 0.         0.         0.02537507 0.         0.         0.         0.         0.         0.01787569 0.         0.         0.         0.         0.         0.         0.         0.82147591 0.         0.01155202 0.         0.01532357 0.        ],[1. 0. 1. 0. 0. 1. 1. 0. 1. 0. 0. 1. 0. 0. 0. 0. 0. 1. 0. 0. 0. 0. 0. 0. 0. 1. 0. 1. 0. 1. 0.],10.0,random,1000,10000,10,0.6,0.1,0.9,0.5,0.9,5,0.5,1,10,,tuning_bw,
80,0.024053102891490843,0.052511,0.004404794217018319,0.164,0.8586589658144633,-0.26702202499432615,[0.01142109 0.         0.02732182 0.         0.         0.02927535 0.02731028 0.         0.01306919 0.         0.         0.02537507 0.         0.         0.         0.         0.         0.01787569 0.         0.         0.         0.         0.         0.         0.         0.82147591 0.         0.01155202 0.         0.01532357 0.        ],[1. 0. 1. 0. 0. 1. 1. 0. 1. 0. 0. 1. 0. 0. 0. 0. 0. 1. 0. 0. 0. 0. 0. 0. 0. 1. 0. 1. 0. 1. 0.],10.0,random,1000,10000,10,0.6,0.1,0.9,0.5,0.9,5,0.5,1,10,,tuning_bw,
90,0.024053102891490843,0.052511,0.004404794217018319,0.17200000000000001,0.8536266869369854,2.339470881416404,[0.01142109 0.         0.02732182 0.         0.         0.02927535 0.02731028 0.         0.01306919 0.         0.         0.02537507 0.         0.         0.         0.         0.         0.01787569 0.         0.         0.         0.         0.         0.         0.         0.82147591 0.         0.01155202 0.         0.01532357 0.        ],[1. 0. 1. 0. 0. 1. 1. 0. 1. 0. 0. 1. 0. 0. 0. 0. 0. 1. 0. 0. 0. 0. 0. 0. 0. 1. 0. 1. 0. 1. 0.],10.0,random,1000,10000,10,0.6,0.1,0.9,0.5,0.9,5,0.5,1,10,,tuning_bw,
100,0.024053102891490843,0.052511,0.004404794217018319,0.18,0.8486239003628652,0.4708616701852965,[0.01142109 0.         0.02732182 0.         0.         0.02927535 0.02731028 0.         0.01306919 0.         0.         0.02537507 0.         0.         0.         0.         0.         0.01787569 0.         0.         0.         0.         0.         0.         0.         0.82147591 0.         0.01155202 0.         0.01532357 0.        ],[1. 0. 1. 0. 0. 1. 1. 0. 1. 0. 0. 1. 0. 0. 0. 0. 0. 1. 0. 0. 0. 0. 0. 0. 0. 1. 0. 1. 0. 1. 0.],10.0,random,1000,10000,10,0.6,0.1,0.9,0.5,0.9,5,0.5,1,10,,tuning_bw,
110,0.024053102891490843,0.052511,0.004404794217018319,0.188,0.8436504332487491,-0.3329493200318703,[0.01142109 0.         0.02732182 0.         0.         0.02927535 0.02731028 0.         0.01306919 0.         0.         0.02537507 0.         0.         0.         0.         0.         0.01787569 0.         0.         0.         0.         0.         0.         0.         0.82147591 0.         0.01155202 0.         0.01532357 0.        ],[1. 0. 1. 0. 0. 1. 1. 0. 1. 0. 0. 1. 0. 0. 0. 0. 0. 1. 0. 0. 0. 0. 0. 0. 0. 1. 0. 1. 0. 1. 0.],10.0,random,1000,10000,10,0.6,0.1,0.9,0.5,0.9,5,0.5,1,10,,tuning_bw,
120,0.024053102891490843,0.052511,0.004404794217018319,0.196,0.8387061137642541,-1.9057110229982979,[0.01142109 0.         0.02732182 0.         0.         0.02927535 0.02731028 0.         0.01306919 0.         0.         0.02537507 0.         0.         0.         0.         0.         0.01787569 0.         0.         0.         0.         0.         0.         0.         0.82147591 0.         0.01155202 0.         0.01532357 0.        ],[1. 0. 1. 0. 0. 1. 1. 0. 1. 0. 0. 1. 0. 0. 0. 0. 0. 1. 0. 0. 0. 0. 0. 0. 0. 1. 0. 1. 0. 1. 0.],10.0,random,1000,10000,10,0.6,0.1,0.9,0.5,0.9,5,0.5,1,10,,tuning_bw,
130,0.024053102891490843,0.052511,0.004404794217018319,0.20400000000000001,0.83379077108603,-5.2211288499451145,[0.01142109 0.         0.02732182 0.         0.         0.02927535 0.02731028 0.         0.01306919 0.         0.         0.02537507 0.         0.         0.         0.         0.         0.01787569 0.         0.         0.         0.         0.         0.         0.         0.82147591 0.         0.01155202 0.         0.01532357 0.        ],[1. 0. 1. 0. 0. 1. 1. 0. 1. 0. 0. 1. 0. 0. 0. 0. 0. 1. 0. 0. 0. 0. 0. 0. 0. 1. 0. 1. 0. 1. 0.],10.0,random,1000,10000,10,0.6,0.1,0.9,0.5,0.9,5,0.5,1,10,,tuning_bw,
140,0.024053102891490843,0.052511,0.004404794217018319,0.21200000000000002,0.828904235391859,2.718245754601318,[0.01142109 0.         0.02732182 0.         0.         0.02927535 0.02731028 0.         0.01306919 0.         0.         0.02537507 0.         0.         0.         0.         0.         0.01787569 0.         0.         0.         0.         0.         0.         0.         0.82147591 0.         0.01155202 0.         0.01532357 0.        ],[1. 0. 1. 0. 0. 1. 1. 0. 1. 0. 0. 1. 0. 0. 0. 0. 0. 1. 0. 0. 0. 0. 0. 0. 0. 1. 0. 1. 0. 1. 0.],10.0,random,1000,10000,10,0.6,0.1,0.9,0.5,0.9,5,0.5,1,10,,tuning_bw,
150,0.024053102891490843,0.052511,0.004404794217018319,0.22000000000000003,0.8240463378547874,-0.5740545893687402,[0.01142109 0.         0.02732182 0.         0.         0.02927535 0.02731028 0.         0.01306919 0.         0.         0.02537507 0.         0.         0.         0.         0.         0.01787569 0.         0.         0.         0.         0.         0.         0.         0.82147591 0.         0.01155202 0.         0.01532357 0.        ],[1. 0. 1. 0. 0. 1. 1. 0. 1. 0. 0. 1. 0. 0. 0. 0. 0. 1. 0. 0. 0. 0. 0. 0. 0. 1. 0. 1. 0. 1. 0.],10.0,random,1000,10000,10,0.6,0.1,0.9,0.5,0.9,5,0.5,1,10,,tuning_bw,
160,0.024053102891490843,0.052511,0.004404794217018319,0.228,0.8192169106372932,1.803732756112209,[0.01142109 0.         0.02732182 0.         0.         0.02927535 0.02731028 0.         0.01306919 0.         0.         0.02537507 0.         0.         0.         0.         0.         0.01787569 0.         0.         0.         0.         0.         0.         0.         0.82147591 0.         0.01155202 0.         0.01532357 0.        ],[1. 0. 1. 0. 0. 1. 1. 0. 1. 0. 0. 1. 0. 0. 0. 0. 0. 1. 0. 0. 0. 0. 0. 0. 0. 1. 0. 1. 0. 1. 0.],10.0,random,1000,10000,10,0.6,0.1,0.9,0.5,0.9,5,0.5,1,10,,tuning_bw,
170,0.024053102891490843,0.052511,0.004404794217018319,0.23600000000000002,0.8144157868854872,-2.12746865198065,[0.01142109 0.         0.02732182 0.         0.         0.02927535 0.02731028 0.         0.01306919 0.         0.         0.02537507 0.         0.         0.         0.         0.         0.01787569 0.         0.         0.         0.         0.         0.         0.         0.82147591 0.         0.01155202 0.         0.01532357 0.        ],[1. 0. 1. 0. 0. 1. 1. 0. 1. 0. 0. 1. 0. 0. 0. 0. 0. 1. 0. 0. 0. 0. 0. 0. 0. 1. 0. 1. 0. 1. 0.],10.0,random,1000,10000,10,0.6,0.1,0.9,0.5,0.9,5,0.5,1,10,,tuning_bw,
180,0.024053102891490843,0.052511,0.004404794217018319,0.24400000000000002,0.8096428007233489,0.013906203637321996,[0.01142109 0.         0.02732182 0.         0.         0.02927535 0.02731028 0.         0.01306919 0.         0.         0.02537507 0.         0.         0.         0.         0.         0.01787569 0.         0.         0.         0.         0.         0.         0.         0.82147591 0.         0.01155202 0.         0.01532357 0.        ],[1. 0. 1. 0. 0. 1. 1. 0. 1. 0. 0. 1. 0. 0. 0. 0. 0. 1. 0. 0. 0. 0. 0. 0. 0. 1. 0. 1. 0. 1. 0.],10.0,random,1000,10000,10,0.6,0.1,0.9,0.5,0.9,5,0.5,1,10,,tuning_bw,
190,0.024053102891490843,0.052511,0.004404794217018319,0.252,0.8048977872469943,0.6273147085637284,[0.01142109 0.         0.02732182 0.         0.         0.02927535 0.02731028 0.         0.01306919 0.         0.         0.02537507 0.         0.         0.         0.         0.         0.01787569 0.         0.         0.         0.         0.         0.         0.         0.82147591 0.         0.01155202 0.         0.01532357 0.        ],[1. 0. 1. 0. 0. 1. 1. 0. 1. 0. 0. 1. 0. 0. 0. 0. 0. 1. 0. 0. 0. 0. 0. 0. 0. 1. 0. 1. 0. 1. 0.],10.0,random,1000,10000,10,0.6,0.1,0.9,0.5,0.9,5,0.5,1,10,,tuning_bw,
200,0.01717240979973714,0.038877,0.004532180400525721,0.26,0.80018058251898,-3.7554542434331974,[0.         0.         0.         0.         0.         0.         0.         0.         0.         0.         0.         0.         0.02742314 0.         0.         0.01793131 0.01098419 0.         0.         0.01717803 0.015999   0.         0.01344975 0.         0.         0.85471103 0.0201828  0.01115784 0.         0.         0.01098291],[0. 0. 0. 0. 0. 0. 0. 0. 0. 0. 0. 0. 1. 0. 0. 1. 1. 0. 0. 1. 1. 0. 1. 0. 0. 1. 1. 1. 0. 0. 1.],10.0,random,1000,10000,10,0.6,0.1,0.9,0.5,0.9,5,0.5,1,10,,tuning_bw,
210,0.01717240979973714,0.038877,0.004532180400525721,0.268,0.7954910235626383,-5.411154623333086,[0.         0.         0.         0.         0.         0.         0.         0.         0.         0.         0.         0.         0.02742314 0.         0.         0.01793131 0.01098419 0.         0.         0.01717803 0.015999   0.         0.01344975 0.         0.         0.85471103 0.0201828  0.01115784 0.         0.         0.01098291],[0. 0. 0. 0. 0. 0. 0. 0. 0. 0. 0. 0. 1. 0. 0. 1. 1. 0. 0. 1. 1. 0. 1. 0. 0. 1. 1. 1. 0. 0. 1.],10.0,random,1000,10000,10,0.6,0.1,0.9,0.5,0.9,5,0.5,1,10,,tuning_bw,
220,0.01717240979973714,0.038877,0.004532180400525721,0.276,0.7908289483564468,-3.0968700310746273,[0.         0.         0.         0.         0.         0.         0.         0.         0.         0.         0.         0.         0.02742314 0.         0.         0.01793131 0.01098419 0.         0.         0.01717803 0.015999   0.         0.01344975 0.         0.         0.85471103 0.0201828  0.01115784 0.         0.         0.01098291],[0. 0. 0. 0. 0. 0. 0. 0. 0. 0. 0. 0. 1. 0. 0. 1. 1. 0. 0. 1. 1. 0. 1. 0. 0. 1. 1. 1. 0. 0. 1.],10.0,random,1000,10000,10,0.6,0.1,0.9,0.5,0.9,5,0.5,1,10,,tuning_bw,
230,0.01717240979973714,0.038877,0.004532180400525721,0.28400000000000003,0.7861941958284306,3.520068799008545,[0.         0.         0.         0.         0.         0.         0.         0.         0.         0.         0.         0.         0.02742314 0.         0.         0.01793131 0.01098419 0.         0.         0.01717803 0.015999   0.         0.01344975 0.         0.         0.85471103 0.0201828  0.01115784 0.         0.         0.01098291],[0. 0. 0. 0. 0. 0. 0. 0. 0. 0. 0. 0. 1. 0. 0. 1. 1. 0. 0. 1. 1. 0. 1. 0. 0. 1. 1. 1. 0. 0. 1.],10.0,random,1000,10000,10,0.6,0.1,0.9,0.5,0.9,5,0.5,1,10,,tuning_bw,
240,0.01717240979973714,0.038877,0.004532180400525721,0.29200000000000004,0.7815866058505976,1.7385527924692383,[0.         0.         0.         0.         0.         0.         0.         0.         0.         0.         0.         0.         0.02742314 0.         0.         0.01793131 0.01098419 0.         0.         0.01717803 0.015999   0.         0.01344975 0.         0.         0.85471103 0.0201828  0.01115784 0.         0.         0.01098291],[0. 0. 0. 0. 0. 0. 0. 0. 0. 0. 0. 0. 1. 0. 0. 1. 1. 0. 0. 1. 1. 0. 1. 0. 0. 1. 1. 1. 0. 0. 1.],10.0,random,1000,10000,10,0.6,0.1,0.9,0.5,0.9,5,0.5,1,10,,tuning_bw,
250,0.01717240979973714,0.038877,0.004532180400525721,0.30000000000000004,0.7770060192334055,-1.9302295283129636,[0.         0.         0.         0.         0.         0.         0.         0.         0.         0.         0.         0.         0.02742314 0.         0.         0.01793131 0.01098419 0.         0.         0.01717803 0.015999   0.         0.01344975 0.         0.         0.85471103 0.0201828  0.01115784 0.         0.         0.01098291],[0. 0. 0. 0. 0. 0. 0. 0. 0. 0. 0. 0. 1. 0. 0. 1. 1. 0. 0. 1. 1. 0. 1. 0. 0. 1. 1. 1. 0. 0. 1.],10.0,random,1000,10000,10,0.6,0.1,0.9,0.5,0.9,5,0.5,1,10,,tuning_bw,
260,0.01717240979973714,0.038877,0.004532180400525721,0.30800000000000005,0.7724522777202627,-7.754250094587202,[0.         0.         0.         0.         0.         0.         0.         0.         0.         0.         0.         0.         0.02742314 0.         0.         0.01793131 0.01098419 0.         0.         0.01717803 0.015999   0.         0.01344975 0.         0.         0.85471103 0.0201828  0.01115784 0.         0.         0.01098291],[0. 0. 0. 0. 0. 0. 0. 0. 0. 0. 0. 0. 1. 0. 0. 1. 1. 0. 0. 1. 1. 0. 1. 0. 0. 1. 1. 1. 0. 0. 1.],10.0,random,1000,10000,10,0.6,0.1,0.9,0.5,0.9,5,0.5,1,10,,tuning_bw,
270,0.01717240979973714,0.038877,0.004532180400525721,0.316,0.7679252239820602,1.4936896137067892,[0.         0.         0.         0.         0.         0.         0.         0.         0.         0.         0.         0.         0.02742314 0.         0.         0.01793131 0.01098419 0.         0.         0.01717803 0.015999   0.         0.01344975 0.         0.         0.85471103 0.0201828  0.01115784 0.         0.         0.01098291],[0. 0. 0. 0. 0. 0. 0. 0. 0. 0. 0. 0. 1. 0. 0. 1. 1. 0. 0. 1. 1. 0. 1. 0. 0. 1. 1. 1. 0. 0. 1.],10.0,random,1000,10000,10,0.6,0.1,0.9,0.5,0.9,5,0.5,1,10,,tuning_bw,
280,0.01717240979973714,0.038877,0.004532180400525721,0.324,0.7634247016117359,-0.23613111080754878,[0.         0.         0.         0.         0.         0.         0.         0.         0.         0.         0.         0.         0.02742314 0.         0.         0.01793131 0.01098419 0.         0.         0.01717803 0.015999   0.         0.01344975 0.         0.         0.85471103 0.0201828  0.01115784 0.         0.         0.01098291],[0. 0. 0. 0. 0. 0. 0. 0. 0. 0. 0. 0. 1. 0. 0. 1. 1. 0. 0. 1. 1. 0. 1. 0. 0. 1. 1. 1. 0. 0. 1.],10.0,random,1000,10000,10,0.6,0.1,0.9,0.5,0.9,5,0.5,1,10,,tuning_bw,
290,0.01717240979973714,0.038877,0.004532180400525721,0.332,0.758950555118871,2.5819247486225643,[0.         0.         0.         0.         0.         0.         0.         0.         0.         0.         0.         0.         0.02742314 0.         0.         0.01793131 0.01098419 0.         0.         0.01717803 0.015999   0.         0.01344975 0.         0.         0.85471103 0.0201828  0.01115784 0.         0.         0.01098291],[0. 0. 0. 0. 0. 0. 0. 0. 0. 0. 0. 0. 1. 0. 0. 1. 1. 0. 0. 1. 1. 0. 1. 0. 0. 1. 1. 1. 0. 0. 1.],10.0,random,1000,10000,10,0.6,0.1,0.9,0.5,0.9,5,0.5,1,10,,tuning_bw,
300,0.01717240979973714,0.038877,0.004532180400525721,0.34,0.754502629924318,-5.7500786571063465,[0.         0.         0.         0.         0.         0.         0.         0.         0.         0.         0.         0.         0.02742314 0.         0.         0.01793131 0.01098419 0.         0.         0.01717803 0.015999   0.         0.01344975 0.         0.         0.85471103 0.0201828  0.01115784 0.         0.         0.01098291],[0. 0. 0. 0. 0. 0. 0. 0. 0. 0. 0. 0. 1. 0. 0. 1. 1. 0. 0. 1. 1. 0. 1. 0. 0. 1. 1. 1. 0. 0. 1.],10.0,random,1000,10000,10,0.6,0.1,0.9,0.5,0.9,5,0.5,1,10,,tuning_bw,
310,0.01717240979973714,0.038877,0.004532180400525721,0.348,0.7500807723548599,-6.449408637153254,[0.         0.         0.         0.         0.         0.         0.         0.         0.         0.         0.         0.         0.02742314 0.         0.         0.01793131 0.01098419 0.         0.         0.01717803 0.015999   0.         0.01344975 0.         0.         0.85471103 0.0201828  0.01115784 0.         0.         0.01098291],[0. 0. 0. 0. 0. 0. 0. 0. 0. 0. 0. 0. 1. 0. 0. 1. 1. 0. 0. 1. 1. 0. 1. 0. 0. 1. 1. 1. 0. 0. 1.],10.0,random,1000,10000,10,0.6,0.1,0.9,0.5,0.9,5,0.5,1,10,,tuning_bw,
320,0.01717240979973714,0.038877,0.004532180400525721,0.356,0.7456848296379008,1.0976673572071192,[0.         0.         0.         0.         0.         0.         0.         0.         0.         0.         0.         0.         0.02742314 0.         0.         0.01793131 0.01098419 0.         0.         0.01717803 0.015999   0.         0.01344975 0.         0.         0.85471103 0.0201828  0.01115784 0.         0.         0.01098291],[0. 0. 0. 0. 0. 0. 0. 0. 0. 0. 0. 0. 1. 0. 0. 1. 1. 0. 0. 1. 1. 0. 1. 0. 0. 1. 1. 1. 0. 0. 1.],10.0,random,1000,10000,10,0.6,0.1,0.9,0.5,0.9,5,0.5,1,10,,tuning_bw,
330,0.01717240979973714,0.038877,0.004532180400525721,0.364,0.7413146498961878,-1.9364686376442164,[0.         0.         0.         0.         0.         0.         0.         0.         0.         0.         0.         0.         0.02742314 0.         0.         0.01793131 0.01098419 0.         0.         0.01717803 0.015999   0.         0.01344975 0.         0.         0.85471103 0.0201828  0.01115784 0.         0.         0.01098291],[0. 0. 0. 0. 0. 0. 0. 0. 0. 0. 0. 0. 1. 0. 0. 1. 1. 0. 0. 1. 1. 0. 1. 0. 0. 1. 1. 1. 0. 0. 1.],10.0,random,1000,10000,10,0.6,0.1,0.9,0.5,0.9,5,0.5,1,10,,tuning_bw,
340,0.01717240979973714,0.038877,0.004532180400525721,0.372,0.7369700821425638,-2.3121773984908476,[0.         0.         0.         0.         0.         0.         0.         0.         0.         0.         0.         0.         0.02742314 0.         0.         0.01793131 0.01098419 0.         0.         0.01717803 0.015999   0.         0.01344975 0.         0.         0.85471103 0.0201828  0.01115784 0.         0.         0.01098291],[0. 0. 0. 0. 0. 0. 0. 0. 0. 0. 0. 0. 1. 0. 0. 1. 1. 0. 0. 1. 1. 0. 1. 0. 0. 1. 1. 1. 0. 0. 1.],10.0,random,1000,10000,10,0.6,0.1,0.9,0.5,0.9,5,0.5,1,10,,tuning_bw,
350,0.01717240979973714,0.038877,0.004532180400525721,0.38,0.7326509762747511,0.4586497366760908,[0.         0.         0.         0.         0.         0.         0.         0.         0.         0.         0.         0.         0.02742314 0.         0.         0.01793131 0.01098419 0.         0.         0.01717803 0.015999   0.         0.01344975 0.         0.         0.85471103 0.0201828  0.01115784 0.         0.         0.01098291],[0. 0. 0. 0. 0. 0. 0. 0. 0. 0. 0. 0. 1. 0. 0. 1. 1. 0. 0. 1. 1. 0. 1. 0. 0. 1. 1. 1. 0. 0. 1.],10.0,random,1000,10000,10,0.6,0.1,0.9,0.5,0.9,5,0.5,1,10,,tuning_bw,
360,0.01717240979973714,0.038877,0.004532180400525721,0.388,0.7283571830701648,2.312794269204186,[0.         0.         0.         0.         0.         0.         0.         0.         0.         0.         0.         0.         0.02742314 0.         0.         0.01793131 0.01098419 0.         0.         0.01717803 0.015999   0.         0.01344975 0.         0.         0.85471103 0.0201828  0.01115784 0.         0.         0.01098291],[0. 0. 0. 0. 0. 0. 0. 0. 0. 0. 0. 0. 1. 0. 0. 1. 1. 0. 0. 1. 1. 0. 1. 0. 0. 1. 1. 1. 0. 0. 1.],10.0,random,1000,10000,10,0.6,0.1,0.9,0.5,0.9,5,0.5,1,10,,tuning_bw,
370,0.01717240979973714,0.038877,0.004532180400525721,0.396,0.7240885541807586,2.008854803305597,[0.         0.         0.         0.         0.         0.         0.         0.         0.         0.         0.         0.         0.02742314 0.         0.         0.01793131 0.01098419 0.         0.         0.01717803 0.015999   0.         0.01344975 0.         0.         0.85471103 0.0201828  0.01115784 0.         0.         0.01098291],[0. 0. 0. 0. 0. 0. 0. 0. 0. 0. 0. 0. 1. 0. 0. 1. 1. 0. 0. 1. 1. 0. 1. 0. 0. 1. 1. 1. 0. 0. 1.],10.0,random,1000,10000,10,0.6,0.1,0.9,0.5,0.9,5,0.5,1,10,,tuning_bw,
380,0.01717240979973714,0.038877,0.004532180400525721,0.404,0.7198449421278975,-3.016610592025881,[0.         0.         0.         0.         0.         0.         0.         0.         0.         0.         0.         0.         0.02742314 0.         0.         0.01793131 0.01098419 0.         0.         0.01717803 0.015999   0.         0.01344975 0.         0.         0.85471103 0.0201828  0.01115784 0.         0.         0.01098291],[0. 0. 0. 0. 0. 0. 0. 0. 0. 0. 0. 0. 1. 0. 0. 1. 1. 0. 0. 1. 1. 0. 1. 0. 0. 1. 1. 1. 0. 0. 1.],10.0,random,1000,10000,10,0.6,0.1,0.9,0.5,0.9,5,0.5,1,10,,tuning_bw,
390,0.01717240979973714,0.038877,0.004532180400525721,0.41200000000000003,0.7156262002972644,-0.6850899259069239,[0.         0.         0.         0.         0.         0.         0.         0.         0.         0.         0.         0.         0.02742314 0.         0.         0.01793131 0.01098419 0.         0.         0.01717803 0.015999   0.         0.01344975 0.         0.         0.85471103 0.0201828  0.01115784 0.         0.         0.01098291],[0. 0. 0. 0. 0. 0. 0. 0. 0. 0. 0. 0. 1. 0. 0. 1. 1. 0. 0. 1. 1. 0. 1. 0. 0. 1. 1. 1. 0. 0. 1.],10.0,random,1000,10000,10,0.6,0.1,0.9,0.5,0.9,5,0.5,1,10,,tuning_bw,
400,0.01717240979973714,0.038877,0.004532180400525721,0.42000000000000004,0.7114321829337936,0.8198257744469569,[0.         0.         0.         0.         0.         0.         0.         0.         0.         0.         0.         0.         0.02742314 0.         0.         0.01793131 0.01098419 0.         0.         0.01717803 0.015999   0.         0.01344975 0.         0.         0.85471103 0.0201828  0.01115784 0.         0.         0.01098291],[0. 0. 0. 0. 0. 0. 0. 0. 0. 0. 0. 0. 1. 0. 0. 1. 1. 0. 0. 1. 1. 0. 1. 0. 0. 1. 1. 1. 0. 0. 1.],10.0,random,1000,10000,10,0.6,0.1,0.9,0.5,0.9,5,0.5,1,10,,tuning_bw,
410,0.01717240979973714,0.038877,0.004532180400525721,0.42800000000000005,0.7072627451366351,-3.0363693474399707,[0.         0.         0.         0.         0.         0.         0.         0.         0.         0.         0.         0.         0.02742314 0.         0.         0.01793131 0.01098419 0.         0.         0.01717803 0.015999   0.         0.01344975 0.         0.         0.85471103 0.0201828  0.01115784 0.         0.         0.01098291],[0. 0. 0. 0. 0. 0. 0. 0. 0. 0. 0. 0. 1. 0. 0. 1. 1. 0. 0. 1. 1. 0. 1. 0. 0. 1. 1. 1. 0. 0. 1.],10.0,random,1000,10000,10,0.6,0.1,0.9,0.5,0.9,5,0.5,1,10,,tuning_bw,
420,0.01717240979973714,0.038877,0.004532180400525721,0.43600000000000005,0.7031177428541489,3.0268872526360453,[0.         0.         0.         0.         0.         0.         0.         0.         0.         0.         0.         0.         0.02742314 0.         0.         0.01793131 0.01098419 0.         0.         0.01717803 0.015999   0.         0.01344975 0.         0.         0.85471103 0.0201828  0.01115784 0.         0.         0.01098291],[0. 0. 0. 0. 0. 0. 0. 0. 0. 0. 0. 0. 1. 0. 0. 1. 1. 0. 0. 1. 1. 0. 1. 0. 0. 1. 1. 1. 0. 0. 1.],10.0,random,1000,10000,10,0.6,0.1,0.9,0.5,0.9,5,0.5,1,10,,tuning_bw,
430,0.01717240979973714,0.038877,0.004532180400525721,0.44400000000000006,0.6989970328789274,-1.9734234388034226,[0.         0.         0.         0.         0.         0.         0.         0.         0.         0.         0.         0.         0.02742314 0.         0.         0.01793131 0.01098419 0.         0.         0.01717803 0.015999   0.         0.01344975 0.         0.         0.85471103 0.0201828  0.01115784 0.         0.         0.01098291],[0. 0. 0. 0. 0. 0. 0. 0. 0. 0. 0. 0. 1. 0. 0. 1. 1. 0. 0. 1. 1. 0. 1. 0. 0. 1. 1. 1. 0. 0. 1.],10.0,random,1000,10000,10,0.6,0.1,0.9,0.5,0.9,5,0.5,1,10,,tuning_bw,
440,0.01717240979973714,0.038877,0.004532180400525721,0.45200000000000007,0.6949004728428485,0.3859642499793201,[0.         0.         0.         0.         0.         0.         0.         0.         0.         0.         0.         0.         0.02742314 0.         0.         0.01793131 0.01098419 0.         0.         0.01717803 0.015999   0.         0.01344975 0.         0.         0.85471103 0.0201828  0.01115784 0.         0.         0.01098291],[0. 0. 0. 0. 0. 0. 0. 0. 0. 0. 0. 0. 1. 0. 0. 1. 1. 0. 0. 1. 1. 0. 1. 0. 0. 1. 1. 1. 0. 0. 1.],10.0,random,1000,10000,10,0.6,0.1,0.9,0.5,0.9,5,0.5,1,10,,tuning_bw,
450,0.01717240979973714,0.038877,0.004532180400525721,0.4600000000000001,0.6908279212121557,3.511964085746375,[0.         0.         0.         0.         0.         0.         0.         0.         0.         0.         0.         0.         0.02742314 0.         0.         0.01793131 0.01098419 0.         0.         0.01717803 0.015999   0.         0.01344975 0.         0.         0.85471103 0.0201828  0.01115784 0.         0.         0.01098291],[0. 0. 0. 0. 0. 0. 0. 0. 0. 0. 0. 0. 1. 0. 0. 1. 1. 0. 0. 1. 1. 0. 1. 0. 0. 1. 1. 1. 0. 0. 1.],10.0,random,1000,10000,10,0.6,0.1,0.9,0.5,0.9,5,0.5,1,10,,tuning_bw,
460,0.01717240979973714,0.038877,0.004532180400525721,0.46799999999999997,0.6867792372825697,-5.440288501227818,[0.         0.         0.         0.         0.         0.         0.         0.         0.         0.         0.         0.         0.02742314 0.         0.         0.01793131 0.01098419 0.         0.         0.01717803 0.015999   0.         0.01344975 0.         0.         0.85471103 0.0201828  0.01115784 0.         0.         0.01098291],[0. 0. 0. 0. 0. 0. 0. 0. 0. 0. 0. 0. 1. 0. 0. 1. 1. 0. 0. 1. 1. 0. 1. 0. 0. 1. 1. 1. 0. 0. 1.],10.0,random,1000,10000,10,0.6,0.1,0.9,0.5,0.9,5,0.5,1,10,,tuning_bw,
470,0.01717240979973714,0.038877,0.004532180400525721,0.476,0.6827542811744257,2.286389560941743,[0.         0.         0.         0.         0.         0.         0.         0.         0.         0.         0.         0.         0.02742314 0.         0.         0.01793131 0.01098419 0.         0.         0.01717803 0.015999   0.         0.01344975 0.         0.         0.85471103 0.0201828  0.01115784 0.         0.         0.01098291],[0. 0. 0. 0. 0. 0. 0. 0. 0. 0. 0. 0. 1. 0. 0. 1. 1. 0. 0. 1. 1. 0. 1. 0. 0. 1. 1. 1. 0. 0. 1.],10.0,random,1000,10000,10,0.6,0.1,0.9,0.5,0.9,5,0.5,1,10,,tuning_bw,
480,0.01717240979973714,0.038877,0.004532180400525721,0.484,0.6787529138278415,1.1403398703788463,[0.         0.         0.         0.         0.         0.         0.         0.         0.         0.         0.         0.         0.02742314 0.         0.         0.01793131 0.01098419 0.         0.         0.01717803 0.015999   0.         0.01344975 0.         0.         0.85471103 0.0201828  0.01115784 0.         0.         0.01098291],[0. 0. 0. 0. 0. 0. 0. 0. 0. 0. 0. 0. 1. 0. 0. 1. 1. 0. 0. 1. 1. 0. 1. 0. 0. 1. 1. 1. 0. 0. 1.],10.0,random,1000,10000,10,0.6,0.1,0.9,0.5,0.9,5,0.5,1,10,,tuning_bw,
490,0.01717240979973714,0.038877,0.004532180400525721,0.492,0.6747749969979128,2.759426028849912,[0.         0.         0.         0.         0.         0.         0.         0.         0.         0.         0.         0.         0.02742314 0.         0.         0.01793131 0.01098419 0.         0.         0.01717803 0.015999   0.         0.01344975 0.         0.         0.85471103 0.0201828  0.01115784 0.         0.         0.01098291],[0. 0. 0. 0. 0. 0. 0. 0. 0. 0. 0. 0. 1. 0. 0. 1. 1. 0. 0. 1. 1. 0. 1. 0. 0. 1. 1. 1. 0. 0. 1.],10.0,random,1000,10000,10,0.6,0.1,0.9,0.5,0.9,5,0.5,1,10,,tuning_bw,
500,0.01717240979973714,0.038877,0.004532180400525721,0.5,0.6708203932499369,3.162412032308924,[0.         0.         0.         0.         0.         0.         0.         0.         0.         0.         0.         0.         0.02742314 0.         0.         0.01793131 0.01098419 0.         0.         0.01717803 0.015999   0.         0.01344975 0.         0.         0.85471103 0.0201828  0.01115784 0.         0.         0.01098291],[0. 0. 0. 0. 0. 0. 0. 0. 0. 0. 0. 0. 1. 0. 0. 1. 1. 0. 0. 1. 1. 0. 1. 0. 0. 1. 1. 1. 0. 0. 1.],10.0,random,1000,10000,10,0.6,0.1,0.9,0.5,0.9,5,0.5,1,10,,tuning_bw,
510,0.01717240979973714,0.038877,0.004532180400525721,0.508,0.6668889659546647,5.6397143362141104,[0.         0.         0.         0.         0.         0.         0.         0.         0.         0.         0.         0.         0.02742314 0.         0.         0.01793131 0.01098419 0.         0.         0.01717803 0.015999   0.         0.01344975 0.         0.         0.85471103 0.0201828  0.01115784 0.         0.         0.01098291],[0. 0. 0. 0. 0. 0. 0. 0. 0. 0. 0. 0. 1. 0. 0. 1. 1. 0. 0. 1. 1. 0. 1. 0. 0. 1. 1. 1. 0. 0. 1.],10.0,random,1000,10000,10,0.6,0.1,0.9,0.5,0.9,5,0.5,1,10,,tuning_bw,
520,0.01717240979973714,0.038877,0.004532180400525721,0.516,0.6629805792835798,-2.4550701303379276,[0.         0.         0.         0.         0.         0.         0.         0.         0.         0.         0.         0.         0.02742314 0.         0.         0.01793131 0.01098419 0.         0.         0.01717803 0.015999   0.         0.01344975 0.         0.         0.85471103 0.0201828  0.01115784 0.         0.         0.01098291],[0. 0. 0. 0. 0. 0. 0. 0. 0. 0. 0. 0. 1. 0. 0. 1. 1. 0. 0. 1. 1. 0. 1. 0. 0. 1. 1. 1. 0. 0. 1.],10.0,random,1000,10000,10,0.6,0.1,0.9,0.5,0.9,5,0.5,1,10,,tuning_bw,
530,0.01717240979973714,0.038877,0.004532180400525721,0.524,0.6590950982042059,0.9161587374182971,[0.         0.         0.         0.         0.         0.         0.         0.         0.         0.         0.         0.         0.02742314 0.         0.         0.01793131 0.01098419 0.         0.         0.01717803 0.015999   0.         0.01344975 0.         0.         0.85471103 0.0201828  0.01115784 0.         0.         0.01098291],[0. 0. 0. 0. 0. 0. 0. 0. 0. 0. 0. 0. 1. 0. 0. 1. 1. 0. 0. 1. 1. 0. 1. 0. 0. 1. 1. 1. 0. 0. 1.],10.0,random,1000,10000,10,0.6,0.1,0.9,0.5,0.9,5,0.5,1,10,,tuning_bw,
540,0.01717240979973714,0.038877,0.004532180400525721,0.532,0.6552323884754414,-2.9310975075620003,[0.         0.         0.         0.         0.         0.         0.         0.         0.         0.         0.         0.         0.02742314 0.         0.         0.01793131 0.01098419 0.         0.         0.01717803 0.015999   0.         0.01344975 0.         0.         0.85471103 0.0201828  0.01115784 0.         0.         0.01098291],[0. 0. 0. 0. 0. 0. 0. 0. 0. 0. 0. 0. 1. 0. 0. 1. 1. 0. 0. 1. 1. 0. 1. 0. 0. 1. 1. 1. 0. 0. 1.],10.0,random,1000,10000,10,0.6,0.1,0.9,0.5,0.9,5,0.5,1,10,,tuning_bw,
550,0.01717240979973714,0.038877,0.004532180400525721,0.54,0.651392316642922,2.1338919429143868,[0.         0.         0.         0.         0.         0.         0.         0.         0.         0.         0.         0.         0.02742314 0.         0.         0.01793131 0.01098419 0.         0.         0.01717803 0.015999   0.         0.01344975 0.         0.         0.85471103 0.0201828  0.01115784 0.         0.         0.01098291],[0. 0. 0. 0. 0. 0. 0. 0. 0. 0. 0. 0. 1. 0. 0. 1. 1. 0. 0. 1. 1. 0. 1. 0. 0. 1. 1. 1. 0. 0. 1.],10.0,random,1000,10000,10,0.6,0.1,0.9,0.5,0.9,5,0.5,1,10,,tuning_bw,
560,0.01717240979973714,0.038877,0.004532180400525721,0.548,0.6475747500344088,0.4933708168543928,[0.         0.         0.         0.         0.         0.         0.         0.         0.         0.         0.         0.         0.02742314 0.         0.         0.01793131 0.01098419 0.         0.         0.01717803 0.015999   0.         0.01344975 0.         0.         0.85471103 0.0201828  0.01115784 0.         0.         0.01098291],[0. 0. 0. 0. 0. 0. 0. 0. 0. 0. 0. 0. 1. 0. 0. 1. 1. 0. 0. 1. 1. 0. 1. 0. 0. 1. 1. 1. 0. 0. 1.],10.0,random,1000,10000,10,0.6,0.1,0.9,0.5,0.9,5,0.5,1,10,,tuning_bw,
570,0.01717240979973714,0.038877,0.004532180400525721,0.556,0.643779556755206,-0.9388773251362044,[0.         0.         0.         0.         0.         0.         0.         0.         0.         0.         0.         0.         0.02742314 0.         0.         0.01793131 0.01098419 0.         0.         0.01717803 0.015999   0.         0.01344975 0.         0.         0.85471103 0.0201828  0.01115784 0.         0.         0.01098291],[0. 0. 0. 0. 0. 0. 0. 0. 0. 0. 0. 0. 1. 0. 0. 1. 1. 0. 0. 1. 1. 0. 1. 0. 0. 1. 1. 1. 0. 0. 1.],10.0,random,1000,10000,10,0.6,0.1,0.9,0.5,0.9,5,0.5,1,10,,tuning_bw,
580,0.01717240979973714,0.038877,0.004532180400525721,0.5640000000000001,0.6400066056836028,1.7957611406791485,[0.         0.         0.         0.         0.         0.         0.         0.         0.         0.         0.         0.         0.02742314 0.         0.         0.01793131 0.01098419 0.         0.         0.01717803 0.015999   0.         0.01344975 0.         0.         0.85471103 0.0201828  0.01115784 0.         0.         0.01098291],[0. 0. 0. 0. 0. 0. 0. 0. 0. 0. 0. 0. 1. 0. 0. 1. 1. 0. 0. 1. 1. 0. 1. 0. 0. 1. 1. 1. 0. 0. 1.],10.0,random,1000,10000,10,0.6,0.1,0.9,0.5,0.9,5,0.5,1,10,,tuning_bw,
590,0.01717240979973714,0.038877,0.004532180400525721,0.5720000000000001,0.6362557664663436,5.852877094363338,[0.         0.         0.         0.         0.         0.         0.         0.         0.         0.         0.         0.         0.02742314 0.         0.         0.01793131 0.01098419 0.         0.         0.01717803 0.015999   0.         0.01344975 0.         0.         0.85471103 0.0201828  0.01115784 0.         0.         0.01098291],[0. 0. 0. 0. 0. 0. 0. 0. 0. 0. 0. 0. 1. 0. 0. 1. 1. 0. 0. 1. 1. 0. 1. 0. 0. 1. 1. 1. 0. 0. 1.],10.0,random,1000,10000,10,0.6,0.1,0.9,0.5,0.9,5,0.5,1,10,,tuning_bw,
600,0.01717240979973714,0.038877,0.004532180400525721,0.5800000000000001,0.632526909514125,-1.831658773979853,[0.         0.         0.         0.         0.         0.         0.         0.         0.         0.         0.         0.         0.02742314 0.         0.         0.01793131 0.01098419 0.         0.         0.01717803 0.015999   0.         0.01344975 0.         0.         0.85471103 0.0201828  0.01115784 0.         0.         0.01098291],[0. 0. 0. 0. 0. 0. 0. 0. 0. 0. 0. 0. 1. 0. 0. 1. 1. 0. 0. 1. 1. 0. 1. 0. 0. 1. 1. 1. 0. 0. 1.],10.0,random,1000,10000,10,0.6,0.1,0.9,0.5,0.9,5,0.5,1,10,,tuning_bw,
610,0.01717240979973714,0.038877,0.004532180400525721,0.5880000000000001,0.6288199059971173,-1.250084143323667,[0.         0.         0.         0.         0.         0.         0.         0.         0.         0.         0.         0.         0.02742314 0.         0.         0.01793131 0.01098419 0.         0.         0.01717803 0.015999   0.         0.01344975 0.         0.         0.85471103 0.0201828  0.01115784 0.         0.         0.01098291],[0. 0. 0. 0. 0. 0. 0. 0. 0. 0. 0. 0. 1. 0. 0. 1. 1. 0. 0. 1. 1. 0. 1. 0. 0. 1. 1. 1. 0. 0. 1.],10.0,random,1000,10000,10,0.6,0.1,0.9,0.5,0.9,5,0.5,1,10,,tuning_bw,
620,0.01717240979973714,0.038877,0.004532180400525721,0.596,0.6251346278405147,-4.601277323170354,[0.         0.         0.         0.         0.         0.         0.         0.         0.         0.         0.         0.         0.02742314 0.         0.         0.01793131 0.01098419 0.         0.         0.01717803 0.015999   0.         0.01344975 0.         0.         0.85471103 0.0201828  0.01115784 0.         0.         0.01098291],[0. 0. 0. 0. 0. 0. 0. 0. 0. 0. 0. 0. 1. 0. 0. 1. 1. 0. 0. 1. 1. 0. 1. 0. 0. 1. 1. 1. 0. 0. 1.],10.0,random,1000,10000,10,0.6,0.1,0.9,0.5,0.9,5,0.5,1,10,,tuning_bw,
630,0.01717240979973714,0.038877,0.004532180400525721,0.604,0.6214709477201097,5.136131852157756,[0.         0.         0.         0.         0.         0.         0.         0.         0.         0.         0.         0.         0.02742314 0.         0.         0.01793131 0.01098419 0.         0.         0.01717803 0.015999   0.         0.01344975 0.         0.         0.85471103 0.0201828  0.01115784 0.         0.         0.01098291],[0. 0. 0. 0. 0. 0. 0. 0. 0. 0. 0. 0. 1. 0. 0. 1. 1. 0. 0. 1. 1. 0. 1. 0. 0. 1. 1. 1. 0. 0. 1.],10.0,random,1000,10000,10,0.6,0.1,0.9,0.5,0.9,5,0.5,1,10,,tuning_bw,
640,0.01717240979973714,0.038877,0.004532180400525721,0.612,0.6178287390578946,1.1510487011181543,[0.         0.         0.         0.         0.         0.         0.         0.         0.         0.         0.         0.         0.02742314 0.         0.         0.01793131 0.01098419 0.         0.         0.01717803 0.015999   0.         0.01344975 0.         0.         0.85471103 0.0201828  0.01115784 0.         0.         0.01098291],[0. 0. 0. 0. 0. 0. 0. 0. 0. 0. 0. 0. 1. 0. 0. 1. 1. 0. 0. 1. 1. 0. 1. 0. 0. 1. 1. 1. 0. 0. 1.],10.0,random,1000,10000,10,0.6,0.1,0.9,0.5,0.9,5,0.5,1,10,,tuning_bw,
650,0.01717240979973714,0.038877,0.004532180400525721,0.62,0.6142078760176877,2.3566062175826703,[0.         0.         0.         0.         0.         0.         0.         0.         0.         0.         0.         0.         0.02742314 0.         0.         0.01793131 0.01098419 0.         0.         0.01717803 0.015999   0.         0.01344975 0.         0.         0.85471103 0.0201828  0.01115784 0.         0.         0.01098291],[0. 0. 0. 0. 0. 0. 0. 0. 0. 0. 0. 0. 1. 0. 0. 1. 1. 0. 0. 1. 1. 0. 1. 0. 0. 1. 1. 1. 0. 0. 1.],10.0,random,1000,10000,10,0.6,0.1,0.9,0.5,0.9,5,0.5,1,10,,tuning_bw,
660,0.01717240979973714,0.038877,0.004532180400525721,0.628,0.6106082335007861,2.0706553171422444,[0.         0.         0.         0.         0.         0.         0.         0.         0.         0.         0.         0.         0.02742314 0.         0.         0.01793131 0.01098419 0.         0.         0.01717803 0.015999   0.         0.01344975 0.         0.         0.85471103 0.0201828  0.01115784 0.         0.         0.01098291],[0. 0. 0. 0. 0. 0. 0. 0. 0. 0. 0. 0. 1. 0. 0. 1. 1. 0. 0. 1. 1. 0. 1. 0. 0. 1. 1. 1. 0. 0. 1.],10.0,random,1000,10000,10,0.6,0.1,0.9,0.5,0.9,5,0.5,1,10,,tuning_bw,
670,0.01717240979973714,0.038877,0.004532180400525721,0.636,0.6070296871416437,2.261103838355784,[0.         0.         0.         0.         0.         0.         0.         0.         0.         0.         0.         0.         0.02742314 0.         0.         0.01793131 0.01098419 0.         0.         0.01717803 0.015999   0.         0.01344975 0.         0.         0.85471103 0.0201828  0.01115784 0.         0.         0.01098291],[0. 0. 0. 0. 0. 0. 0. 0. 0. 0. 0. 0. 1. 0. 0. 1. 1. 0. 0. 1. 1. 0. 1. 0. 0. 1. 1. 1. 0. 0. 1.],10.0,random,1000,10000,10,0.6,0.1,0.9,0.5,0.9,5,0.5,1,10,,tuning_bw,
680,0.01717240979973714,0.038877,0.004532180400525721,0.644,0.6034721133035746,-3.028496385528204,[0.         0.         0.         0.         0.         0.         0.         0.         0.         0.         0.         0.         0.02742314 0.         0.         0.01793131 0.01098419 0.         0.         0.01717803 0.015999   0.         0.01344975 0.         0.         0.85471103 0.0201828  0.01115784 0.         0.         0.01098291],[0. 0. 0. 0. 0. 0. 0. 0. 0. 0. 0. 0. 1. 0. 0. 1. 1. 0. 0. 1. 1. 0. 1. 0. 0. 1. 1. 1. 0. 0. 1.],10.0,random,1000,10000,10,0.6,0.1,0.9,0.5,0.9,5,0.5,1,10,,tuning_bw,
690,0.01717240979973714,0.038877,0.004532180400525721,0.652,0.5999353890744809,0.6531607294399085,[0.         0.         0.         0.         0.         0.         0.         0.         0.         0.         0.         0.         0.02742314 0.         0.         0.01793131 0.01098419 0.         0.         0.01717803 0.015999   0.         0.01344975 0.         0.         0.85471103 0.0201828  0.01115784 0.         0.         0.01098291],[0. 0. 0. 0. 0. 0. 0. 0. 0. 0. 0. 0. 1. 0. 0. 1. 1. 0. 0. 1. 1. 0. 1. 0. 0. 1. 1. 1. 0. 0. 1.],10.0,random,1000,10000,10,0.6,0.1,0.9,0.5,0.9,5,0.5,1,10,,tuning_bw,
700,0.01717240979973714,0.038877,0.004532180400525721,0.66,0.5964193922626065,3.792553443610851,[0.         0.         0.         0.         0.         0.         0.         0.         0.         0.         0.         0.         0.02742314 0.         0.         0.01793131 0.01098419 0.         0.         0.01717803 0.015999   0.         0.01344975 0.         0.         0.85471103 0.0201828  0.01115784 0.         0.         0.01098291],[0. 0. 0. 0. 0. 0. 0. 0. 0. 0. 0. 0. 1. 0. 0. 1. 1. 0. 0. 1. 1. 0. 1. 0. 0. 1. 1. 1. 0. 0. 1.],10.0,random,1000,10000,10,0.6,0.1,0.9,0.5,0.9,5,0.5,1,10,,tuning_bw,
710,0.01717240979973714,0.038877,0.004532180400525721,0.668,0.5929240013923155,-0.8867760669247986,[0.         0.         0.         0.         0.         0.         0.         0.         0.         0.         0.         0.         0.02742314 0.         0.         0.01793131 0.01098419 0.         0.         0.01717803 0.015999   0.         0.01344975 0.         0.         0.85471103 0.0201828  0.01115784 0.         0.         0.01098291],[0. 0. 0. 0. 0. 0. 0. 0. 0. 0. 0. 0. 1. 0. 0. 1. 1. 0. 0. 1. 1. 0. 1. 0. 0. 1. 1. 1. 0. 0. 1.],10.0,random,1000,10000,10,0.6,0.1,0.9,0.5,0.9,5,0.5,1,10,,tuning_bw,
720,0.01717240979973714,0.038877,0.004532180400525721,0.676,0.5894490956998952,2.511438628420376,[0.         0.         0.         0.         0.         0.         0.         0.         0.         0.         0.         0.         0.02742314 0.         0.         0.01793131 0.01098419 0.         0.         0.01717803 0.015999   0.         0.01344975 0.         0.         0.85471103 0.0201828  0.01115784 0.         0.         0.01098291],[0. 0. 0. 0. 0. 0. 0. 0. 0. 0. 0. 0. 1. 0. 0. 1. 1. 0. 0. 1. 1. 0. 1. 0. 0. 1. 1. 1. 0. 0. 1.],10.0,random,1000,10000,10,0.6,0.1,0.9,0.5,0.9,5,0.5,1,10,,tuning_bw,
730,0.01717240979973714,0.038877,0.004532180400525721,0.684,0.5859945551293843,-1.808576564545993,[0.         0.         0.         0.         0.         0.         0.         0.         0.         0.         0.         0.         0.02742314 0.         0.         0.01793131 0.01098419 0.         0.         0.01717803 0.015999   0.         0.01344975 0.         0.         0.85471103 0.0201828  0.01115784 0.         0.         0.01098291],[0. 0. 0. 0. 0. 0. 0. 0. 0. 0. 0. 0. 1. 0. 0. 1. 1. 0. 0. 1. 1. 0. 1. 0. 0. 1. 1. 1. 0. 0. 1.],10.0,random,1000,10000,10,0.6,0.1,0.9,0.5,0.9,5,0.5,1,10,,tuning_bw,
740,0.01717240979973714,0.038877,0.004532180400525721,0.6920000000000001,0.5825602603284237,-1.1159503142831397,[0.         0.         0.         0.         0.         0.         0.         0.         0.         0.         0.         0.         0.02742314 0.         0.         0.01793131 0.01098419 0.         0.         0.01717803 0.015999   0.         0.01344975 0.         0.         0.85471103 0.0201828  0.01115784 0.         0.         0.01098291],[0. 0. 0. 0. 0. 0. 0. 0. 0. 0. 0. 0. 1. 0. 0. 1. 1. 0. 0. 1. 1. 0. 1. 0. 0. 1. 1. 1. 0. 0. 1.],10.0,random,1000,10000,10,0.6,0.1,0.9,0.5,0.9,5,0.5,1,10,,tuning_bw,
750,0.01717240979973714,0.038877,0.004532180400525721,0.7,0.5791460926441346,-0.10042251411853163,[0.         0.         0.         0.         0.         0.         0.         0.         0.         0.         0.         0.         0.02742314 0.         0.         0.01793131 0.01098419 0.         0.         0.01717803 0.015999   0.         0.01344975 0.         0.         0.85471103 0.0201828  0.01115784 0.         0.         0.01098291],[0. 0. 0. 0. 0. 0. 0. 0. 0. 0. 0. 0. 1. 0. 0. 1. 1. 0. 0. 1. 1. 0. 1. 0. 0. 1. 1. 1. 0. 0. 1.],10.0,random,1000,10000,10,0.6,0.1,0.9,0.5,0.9,5,0.5,1,10,,tuning_bw,
760,0.01717240979973714,0.038877,0.004532180400525721,0.708,0.5757519341190179,0.6954802155553756,[0.         0.         0.         0.         0.         0.         0.         0.         0.         0.         0.         0.         0.02742314 0.         0.         0.01793131 0.01098419 0.         0.         0.01717803 0.015999   0.         0.01344975 0.         0.         0.85471103 0.0201828  0.01115784 0.         0.         0.01098291],[0. 0. 0. 0. 0. 0. 0. 0. 0. 0. 0. 0. 1. 0. 0. 1. 1. 0. 0. 1. 1. 0. 1. 0. 0. 1. 1. 1. 0. 0. 1.],10.0,random,1000,10000,10,0.6,0.1,0.9,0.5,0.9,5,0.5,1,10,,tuning_bw,
770,0.01717240979973714,0.038877,0.004532180400525721,0.716,0.5723776674868795,-2.236612211321558,[0.         0.         0.         0.         0.         0.         0.         0.         0.         0.         0.         0.         0.02742314 0.         0.         0.01793131 0.01098419 0.         0.         0.01717803 0.015999   0.         0.01344975 0.         0.         0.85471103 0.0201828  0.01115784 0.         0.         0.01098291],[0. 0. 0. 0. 0. 0. 0. 0. 0. 0. 0. 0. 1. 0. 0. 1. 1. 0. 0. 1. 1. 0. 1. 0. 0. 1. 1. 1. 0. 0. 1.],10.0,random,1000,10000,10,0.6,0.1,0.9,0.5,0.9,5,0.5,1,10,,tuning_bw,
780,0.01717240979973714,0.038877,0.004532180400525721,0.724,0.5690231761687783,-5.036263005672525,[0.         0.         0.         0.         0.         0.         0.         0.         0.         0.         0.         0.         0.02742314 0.         0.         0.01793131 0.01098419 0.         0.         0.01717803 0.015999   0.         0.01344975 0.         0.         0.85471103 0.0201828  0.01115784 0.         0.         0.01098291],[0. 0. 0. 0. 0. 0. 0. 0. 0. 0. 0. 0. 1. 0. 0. 1. 1. 0. 0. 1. 1. 0. 1. 0. 0. 1. 1. 1. 0. 0. 1.],10.0,random,1000,10000,10,0.6,0.1,0.9,0.5,0.9,5,0.5,1,10,,tuning_bw,
790,0.01717240979973714,0.038877,0.004532180400525721,0.732,0.5656883442689989,-2.326331432671549,[0.         0.         0.         0.         0.         0.         0.         0.         0.         0.         0.         0.         0.02742314 0.         0.         0.01793131 0.01098419 0.         0.         0.01717803 0.015999   0.         0.01344975 0.         0.         0.85471103 0.0201828  0.01115784 0.         0.         0.01098291],[0. 0. 0. 0. 0. 0. 0. 0. 0. 0. 0. 0. 1. 0. 0. 1. 1. 0. 0. 1. 1. 0. 1. 0. 0. 1. 1. 1. 0. 0. 1.],10.0,random,1000,10000,10,0.6,0.1,0.9,0.5,0.9,5,0.5,1,10,,tuning_bw,
800,0.01717240979973714,0.038877,0.004532180400525721,0.74,0.5623730565710474,-3.0086036290576668,[0.         0.         0.         0.         0.         0.         0.         0.         0.         0.         0.         0.         0.02742314 0.         0.         0.01793131 0.01098419 0.         0.         0.01717803 0.015999   0.         0.01344975 0.         0.         0.85471103 0.0201828  0.01115784 0.         0.         0.01098291],[0. 0. 0. 0. 0. 0. 0. 0. 0. 0. 0. 0. 1. 0. 0. 1. 1. 0. 0. 1. 1. 0. 1. 0. 0. 1. 1. 1. 0. 0. 1.],10.0,random,1000,10000,10,0.6,0.1,0.9,0.5,0.9,5,0.5,1,10,,tuning_bw,
810,0.01717240979973714,0.038877,0.004532180400525721,0.748,0.5590771985336707,-3.2807762301031054,[0.         0.         0.         0.         0.         0.         0.         0.         0.         0.         0.         0.         0.02742314 0.         0.         0.01793131 0.01098419 0.         0.         0.01717803 0.015999   0.         0.01344975 0.         0.         0.85471103 0.0201828  0.01115784 0.         0.         0.01098291],[0. 0. 0. 0. 0. 0. 0. 0. 0. 0. 0. 0. 1. 0. 0. 1. 1. 0. 0. 1. 1. 0. 1. 0. 0. 1. 1. 1. 0. 0. 1.],10.0,random,1000,10000,10,0.6,0.1,0.9,0.5,0.9,5,0.5,1,10,,tuning_bw,
820,0.01717240979973714,0.038877,0.004532180400525721,0.756,0.5558006562868987,-0.4273231598233114,[0.         0.         0.         0.         0.         0.         0.         0.         0.         0.         0.         0.         0.02742314 0.         0.         0.01793131 0.01098419 0.         0.         0.01717803 0.015999   0.         0.01344975 0.         0.         0.85471103 0.0201828  0.01115784 0.         0.         0.01098291],[0. 0. 0. 0. 0. 0. 0. 0. 0. 0. 0. 0. 1. 0. 0. 1. 1. 0. 0. 1. 1. 0. 1. 0. 0. 1. 1. 1. 0. 0. 1.],10.0,random,1000,10000,10,0.6,0.1,0.9,0.5,0.9,5,0.5,1,10,,tuning_bw,
830,0.01717240979973714,0.038877,0.004532180400525721,0.764,0.5525433166281112,-1.3938902500866814,[0.         0.         0.         0.         0.         0.         0.         0.         0.         0.         0.         0.         0.02742314 0.         0.         0.01793131 0.01098419 0.         0.         0.01717803 0.015999   0.         0.01344975 0.         0.         0.85471103 0.0201828  0.01115784 0.         0.         0.01098291],[0. 0. 0. 0. 0. 0. 0. 0. 0. 0. 0. 0. 1. 0. 0. 1. 1. 0. 0. 1. 1. 0. 1. 0. 0. 1. 1. 1. 0. 0. 1.],10.0,random,1000,10000,10,0.6,0.1,0.9,0.5,0.9,5,0.5,1,10,,tuning_bw,
840,0.01717240979973714,0.038877,0.004532180400525721,0.772,0.5493050670181255,-0.7117819704103326,[0.         0.         0.         0.         0.         0.         0.         0.         0.         0.         0.         0.         0.02742314 0.         0.         0.01793131 0.01098419 0.         0.         0.01717803 0.015999   0.         0.01344975 0.         0.         0.85471103 0.0201828  0.01115784 0.         0.         0.01098291],[0. 0. 0. 0. 0. 0. 0. 0. 0. 0. 0. 0. 1. 0. 0. 1. 1. 0. 0. 1. 1. 0. 1. 0. 0. 1. 1. 1. 0. 0. 1.],10.0,random,1000,10000,10,0.6,0.1,0.9,0.5,0.9,5,0.5,1,10,,tuning_bw,
850,0.01717240979973714,0.038877,0.004532180400525721,0.78,0.5460857955773097,-1.2299483436327094,[0.         0.         0.         0.         0.         0.         0.         0.         0.         0.         0.         0.         0.02742314 0.         0.         0.01793131 0.01098419 0.         0.         0.01717803 0.015999   0.         0.01344975 0.         0.         0.85471103 0.0201828  0.01115784 0.         0.         0.01098291],[0. 0. 0. 0. 0. 0. 0. 0. 0. 0. 0. 0. 1. 0. 0. 1. 1. 0. 0. 1. 1. 0. 1. 0. 0. 1. 1. 1. 0. 0. 1.],10.0,random,1000,10000,10,0.6,0.1,0.9,0.5,0.9,5,0.5,1,10,,tuning_bw,
860,0.01717240979973714,0.038877,0.004532180400525721,0.788,0.542885391081716,-0.27451810079310096,[0.         0.         0.         0.         0.         0.         0.         0.         0.         0.         0.         0.         0.02742314 0.         0.         0.01793131 0.01098419 0.         0.         0.01717803 0.015999   0.         0.01344975 0.         0.         0.85471103 0.0201828  0.01115784 0.         0.         0.01098291],[0. 0. 0. 0. 0. 0. 0. 0. 0. 0. 0. 0. 1. 0. 0. 1. 1. 0. 0. 1. 1. 0. 1. 0. 0. 1. 1. 1. 0. 0. 1.],10.0,random,1000,10000,10,0.6,0.1,0.9,0.5,0.9,5,0.5,1,10,,tuning_bw,
870,0.01717240979973714,0.038877,0.004532180400525721,0.796,0.5397037429592386,-3.7291446053401427,[0.         0.         0.         0.         0.         0.         0.         0.         0.         0.         0.         0.         0.02742314 0.         0.         0.01793131 0.01098419 0.         0.         0.01717803 0.015999   0.         0.01344975 0.         0.         0.85471103 0.0201828  0.01115784 0.         0.         0.01098291],[0. 0. 0. 0. 0. 0. 0. 0. 0. 0. 0. 0. 1. 0. 0. 1. 1. 0. 0. 1. 1. 0. 1. 0. 0. 1. 1. 1. 0. 0. 1.],10.0,random,1000,10000,10,0.6,0.1,0.9,0.5,0.9,5,0.5,1,10,,tuning_bw,
880,0.01717240979973714,0.038877,0.004532180400525721,0.804,0.5365407412857937,-2.3318588263904347,[0.         0.         0.         0.         0.         0.         0.         0.         0.         0.         0.         0.         0.02742314 0.         0.         0.01793131 0.01098419 0.         0.         0.01717803 0.015999   0.         0.01344975 0.         0.         0.85471103 0.0201828  0.01115784 0.         0.         0.01098291],[0. 0. 0. 0. 0. 0. 0. 0. 0. 0. 0. 0. 1. 0. 0. 1. 1. 0. 0. 1. 1. 0. 1. 0. 0. 1. 1. 1. 0. 0. 1.],10.0,random,1000,10000,10,0.6,0.1,0.9,0.5,0.9,5,0.5,1,10,,tuning_bw,
890,0.01717240979973714,0.038877,0.004532180400525721,0.812,0.5333962767815212,-1.824644076256389,[0.         0.         0.         0.         0.         0.         0.         0.         0.         0.         0.         0.         0.02742314 0.         0.         0.01793131 0.01098419 0.         0.         0.01717803 0.015999   0.         0.01344975 0.         0.         0.85471103 0.0201828  0.01115784 0.         0.         0.01098291],[0. 0. 0. 0. 0. 0. 0. 0. 0. 0. 0. 0. 1. 0. 0. 1. 1. 0. 0. 1. 1. 0. 1. 0. 0. 1. 1. 1. 0. 0. 1.],10.0,random,1000,10000,10,0.6,0.1,0.9,0.5,0.9,5,0.5,1,10,,tuning_bw,
900,0.01717240979973714,0.038877,0.004532180400525721,0.8200000000000001,0.5302702408070095,-2.6238982027825095,[0.         0.         0.         0.         0.         0.         0.         0.         0.         0.         0.         0.         0.02742314 0.         0.         0.01793131 0.01098419 0.         0.         0.01717803 0.015999   0.         0.01344975 0.         0.         0.85471103 0.0201828  0.01115784 0.         0.         0.01098291],[0. 0. 0. 0. 0. 0. 0. 0. 0. 0. 0. 0. 1. 0. 0. 1. 1. 0. 0. 1. 1. 0. 1. 0. 0. 1. 1. 1. 0. 0. 1.],10.0,random,1000,10000,10,0.6,0.1,0.9,0.5,0.9,5,0.5,1,10,,tuning_bw,
910,0.01717240979973714,0.038877,0.004532180400525721,0.828,0.5271625253595417,1.2510479931592102,[0.         0.         0.         0.         0.         0.         0.         0.         0.         0.         0.         0.         0.02742314 0.         0.         0.01793131 0.01098419 0.         0.         0.01717803 0.015999   0.         0.01344975 0.         0.         0.85471103 0.0201828  0.01115784 0.         0.         0.01098291],[0. 0. 0. 0. 0. 0. 0. 0. 0. 0. 0. 0. 1. 0. 0. 1. 1. 0. 0. 1. 1. 0. 1. 0. 0. 1. 1. 1. 0. 0. 1.],10.0,random,1000,10000,10,0.6,0.1,0.9,0.5,0.9,5,0.5,1,10,,tuning_bw,
920,0.01717240979973714,0.038877,0.004532180400525721,0.836,0.5240730230693647,1.164020483320134,[0.         0.         0.         0.         0.         0.         0.         0.         0.         0.         0.         0.         0.02742314 0.         0.         0.01793131 0.01098419 0.         0.         0.01717803 0.015999   0.         0.01344975 0.         0.         0.85471103 0.0201828  0.01115784 0.         0.         0.01098291],[0. 0. 0. 0. 0. 0. 0. 0. 0. 0. 0. 0. 1. 0. 0. 1. 1. 0. 0. 1. 1. 0. 1. 0. 0. 1. 1. 1. 0. 0. 1.],10.0,random,1000,10000,10,0.6,0.1,0.9,0.5,0.9,5,0.5,1,10,,tuning_bw,
930,0.01717240979973714,0.038877,0.004532180400525721,0.844,0.5210016271959792,0.6923291252870118,[0.         0.         0.         0.         0.         0.         0.         0.         0.         0.         0.         0.         0.02742314 0.         0.         0.01793131 0.01098419 0.         0.         0.01717803 0.015999   0.         0.01344975 0.         0.         0.85471103 0.0201828  0.01115784 0.         0.         0.01098291],[0. 0. 0. 0. 0. 0. 0. 0. 0. 0. 0. 0. 1. 0. 0. 1. 1. 0. 0. 1. 1. 0. 1. 0. 0. 1. 1. 1. 0. 0. 1.],10.0,random,1000,10000,10,0.6,0.1,0.9,0.5,0.9,5,0.5,1,10,,tuning_bw,
940,0.01717240979973714,0.038877,0.004532180400525721,0.852,0.5179482316244519,-5.264782912427318,[0.         0.         0.         0.         0.         0.         0.         0.         0.         0.         0.         0.         0.02742314 0.         0.         0.01793131 0.01098419 0.         0.         0.01717803 0.015999   0.         0.01344975 0.         0.         0.85471103 0.0201828  0.01115784 0.         0.         0.01098291],[0. 0. 0. 0. 0. 0. 0. 0. 0. 0. 0. 0. 1. 0. 0. 1. 1. 0. 0. 1. 1. 0. 1. 0. 0. 1. 1. 1. 0. 0. 1.],10.0,random,1000,10000,10,0.6,0.1,0.9,0.5,0.9,5,0.5,1,10,,tuning_bw,
950,0.01717240979973714,0.038877,0.004532180400525721,0.86,0.5149127308617497,-3.7664949066951956,[0.         0.         0.         0.         0.         0.         0.         0.         0.         0.         0.         0.         0.02742314 0.         0.         0.01793131 0.01098419 0.         0.         0.01717803 0.015999   0.         0.01344975 0.         0.         0.85471103 0.0201828  0.01115784 0.         0.         0.01098291],[0. 0. 0. 0. 0. 0. 0. 0. 0. 0. 0. 0. 1. 0. 0. 1. 1. 0. 0. 1. 1. 0. 1. 0. 0. 1. 1. 1. 0. 0. 1.],10.0,random,1000,10000,10,0.6,0.1,0.9,0.5,0.9,5,0.5,1,10,,tuning_bw,
960,0.01717240979973714,0.038877,0.004532180400525721,0.868,0.5118950200330946,-1.9533468936076648,[0.         0.         0.         0.         0.         0.         0.         0.         0.         0.         0.         0.         0.02742314 0.         0.         0.01793131 0.01098419 0.         0.         0.01717803 0.015999   0.         0.01344975 0.         0.         0.85471103 0.0201828  0.01115784 0.         0.         0.01098291],[0. 0. 0. 0. 0. 0. 0. 0. 0. 0. 0. 0. 1. 0. 0. 1. 1. 0. 0. 1. 1. 0. 1. 0. 0. 1. 1. 1. 0. 0. 1.],10.0,random,1000,10000,10,0.6,0.1,0.9,0.5,0.9,5,0.5,1,10,,tuning_bw,
970,0.01717240979973714,0.038877,0.004532180400525721,0.876,0.5088949948783402,3.8537312819299125,[0.         0.         0.         0.         0.         0.         0.         0.         0.         0.         0.         0.         0.02742314 0.         0.         0.01793131 0.01098419 0.         0.         0.01717803 0.015999   0.         0.01344975 0.         0.         0.85471103 0.0201828  0.01115784 0.         0.         0.01098291],[0. 0. 0. 0. 0. 0. 0. 0. 0. 0. 0. 0. 1. 0. 0. 1. 1. 0. 0. 1. 1. 0. 1. 0. 0. 1. 1. 1. 0. 0. 1.],10.0,random,1000,10000,10,0.6,0.1,0.9,0.5,0.9,5,0.5,1,10,,tuning_bw,
980,0.01717240979973714,0.038877,0.004532180400525721,0.884,0.5059125517483702,5.446475142741349,[0.         0.         0.         0.         0.         0.         0.         0.         0.         0.         0.         0.         0.02742314 0.         0.         0.01793131 0.01098419 0.         0.         0.01717803 0.015999   0.         0.01344975 0.         0.         0.85471103 0.0201828  0.01115784 0.         0.         0.01098291],[0. 0. 0. 0. 0. 0. 0. 0. 0. 0. 0. 0. 1. 0. 0. 1. 1. 0. 0. 1. 1. 0. 1. 0. 0. 1. 1. 1. 0. 0. 1.],10.0,random,1000,10000,10,0.6,0.1,0.9,0.5,0.9,5,0.5,1,10,,tuning_bw,
990,0.01717240979973714,0.038877,0.004532180400525721,0.892,0.5029475876015165,0.2409377301404238,[0.         0.         0.         0.         0.         0.         0.         0.         0.         0.         0.         0.         0.02742314 0.         0.         0.01793131 0.01098419 0.         0.         0.01717803 0.015999   0.         0.01344975 0.         0.         0.85471103 0.0201828  0.01115784 0.         0.         0.01098291],[0. 0. 0. 0. 0. 0. 0. 0. 0. 0. 0. 0. 1. 0. 0. 1. 1. 0. 0. 1. 1. 0. 1. 0. 0. 1. 1. 1. 0. 0. 1.],10.0,random,1000,10000,10,0.6,0.1,0.9,0.5,0.9,5,0.5,1,10,,tuning_bw,
999,0.01717240979973714,0.038877,0.004532180400525721,0.8992,0.5002939797226674,-1.089895123215035,[0.         0.         0.         0.         0.         0.         0.         0.         0.         0.         0.         0.         0.02742314 0.         0.         0.01793131 0.01098419 0.         0.         0.01717803 0.015999   0.         0.01344975 0.         0.         0.85471103 0.0201828  0.01115784 0.         0.         0.01098291],[0. 0. 0. 0. 0. 0. 0. 0. 0. 0. 0. 0. 1. 0. 0. 1. 1. 0. 0. 1. 1. 0. 1. 0. 0. 1. 1. 1. 0. 0. 1.],10.0,random,1000,10000,10,0.6,0.1,0.9,0.5,0.9,5,0.5,1,10,,tuning_bw,
