iter,cost,risk,return,par,bw,move,X,Z,Q,pop_init,max_iter,pop_size,mem_size,mem_consider,par_min,par_max,bw_min,bw_max,sigma,lambda,port_n,k,seed,tag,local_search
1,0.009241221737803486,0.17737,0.0057623388189331284,0.504,0.894725436791504,0.5274018891863729,[0.         0.02403852 0.         0.         0.01225369 0.         0.         0.         0.         0.         0.         0.         0.         0.         0.91456573 0.01239433 0.         0.0123706  0.         0.         0.         0.         0.         0.01233928 0.         0.         0.01203786 0.         0.         0.         0.        ],[0. 1. 0. 0. 1. 0. 0. 0. 0. 0. 0. 0. 0. 0. 1. 1. 0. 1. 0. 0. 0. 0. 0. 1. 0. 0. 1. 0. 0. 0. 0.],7.0,best,100,1000,100,0.9,0.5,0.9,0.5,0.9,5,0.29,1,7,,problem_solving,10
2,0.009241221737803486,0.17737,0.0057623388189331284,0.508,0.8894817858241639,-2.577787530042207,[0.         0.02403852 0.         0.         0.01225369 0.         0.         0.         0.         0.         0.         0.         0.         0.         0.91456573 0.01239433 0.         0.0123706  0.         0.         0.         0.         0.         0.01233928 0.         0.         0.01203786 0.         0.         0.         0.        ],[0. 1. 0. 0. 1. 0. 0. 0. 0. 0. 0. 0. 0. 0. 1. 1. 0. 1. 0. 0. 0. 0. 0. 1. 0. 0. 1. 0. 0. 0. 0.],7.0,best,100,1000,100,0.9,0.5,0.9,0.5,0.9,5,0.29,1,7,,problem_solving,10
3,0.009241221737803486,0.17737,0.0057623388189331284,0.512,0.8842688659329022,5.113091331593275,[0.         0.02403852 0.         0.         0.01225369 0.         0.         0.         0.         0.         0.         0.         0.         0.         0.91456573 0.01239433 0.         0.0123706  0.         0.         0.         0.         0.         0.01233928 0.         0.         0.01203786 0.         0.         0.         0.        ],[0. 1. 0. 0. 1. 0. 0. 0. 0. 0. 0. 0. 0. 0. 1. 1. 0. 1. 0. 0. 0. 0. 0. 1. 0. 0. 1. 0. 0. 0. 0.],7.0,best,100,1000,100,0.9,0.5,0.9,0.5,0.9,5,0.29,1,7,,problem_solving,10
4,0.009241221737803486,0.17737,0.0057623388189331284,0.516,0.879086497014382,5.847348124786405,[0.         0.02403852 0.         0.         0.01225369 0.         0.         0.         0.         0.         0.         0.         0.         0.         0.91456573 0.01239433 0.         0.0123706  0.         0.         0.         0.         0.         0.01233928 0.         0.         0.01203786 0.         0.         0.         0.        ],[0. 1. 0. 0. 1. 0. 0. 0. 0. 0. 0. 0. 0. 0. 1. 1. 0. 1. 0. 0. 0. 0. 0. 1. 0. 0. 1. 0. 0. 0. 0.],7.0,best,100,1000,100,0.9,0.5,0.9,0.5,0.9,5,0.29,1,7,,problem_solving,10
5,0.009241221737803486,0.17737,0.0057623388189331284,0.52,0.8739345000207845,-4.838555988827885,[0.         0.02403852 0.         0.         0.01225369 0.         0.         0.         0.         0.         0.         0.         0.         0.         0.91456573 0.01239433 0.         0.0123706  0.         0.         0.         0.         0.         0.01233928 0.         0.         0.01203786 0.         0.         0.         0.        ],[0. 1. 0. 0. 1. 0. 0. 0. 0. 0. 0. 0. 0. 0. 1. 1. 0. 1. 0. 0. 0. 0. 0. 1. 0. 0. 1. 0. 0. 0. 0.],7.0,best,100,1000,100,0.9,0.5,0.9,0.5,0.9,5,0.29,1,7,,problem_solving,10
6,0.009241221737803486,0.17737,0.0057623388189331284,0.524,0.8688126969536234,-2.229680519896077,[0.         0.02403852 0.         0.         0.01225369 0.         0.         0.         0.         0.         0.         0.         0.         0.         0.91456573 0.01239433 0.         0.0123706  0.         0.         0.         0.         0.         0.01233928 0.         0.         0.01203786 0.         0.         0.         0.        ],[0. 1. 0. 0. 1. 0. 0. 0. 0. 0. 0. 0. 0. 0. 1. 1. 0. 1. 0. 0. 0. 0. 0. 1. 0. 0. 1. 0. 0. 0. 0.],7.0,best,100,1000,100,0.9,0.5,0.9,0.5,0.9,5,0.29,1,7,,problem_solving,10
7,0.004207344267753996,0.172092,0.004047136704447836,0.528,0.8637209108575947,-3.1886683839643504,[0.         0.01310302 0.01739676 0.01220667 0.02767908 0.         0.         0.         0.         0.         0.         0.         0.         0.         0.         0.01286187 0.         0.         0.         0.         0.         0.         0.         0.01751393 0.         0.89923866 0.         0.         0.         0.         0.        ],[0. 1. 1. 1. 1. 0. 0. 0. 0. 0. 0. 0. 0. 0. 0. 1. 0. 0. 0. 0. 0. 0. 0. 1. 0. 1. 0. 0. 0. 0. 0.],7.0,best,100,1000,100,0.9,0.5,0.9,0.5,0.9,5,0.29,1,7,,problem_solving,10
8,0.004207344267753996,0.172092,0.004047136704447836,0.532,0.8586589658144633,1.960470028260801,[0.         0.01310302 0.01739676 0.01220667 0.02767908 0.         0.         0.         0.         0.         0.         0.         0.         0.         0.         0.01286187 0.         0.         0.         0.         0.         0.         0.         0.01751393 0.         0.89923866 0.         0.         0.         0.         0.        ],[0. 1. 1. 1. 1. 0. 0. 0. 0. 0. 0. 0. 0. 0. 0. 1. 0. 0. 0. 0. 0. 0. 0. 1. 0. 1. 0. 0. 0. 0. 0.],7.0,best,100,1000,100,0.9,0.5,0.9,0.5,0.9,5,0.29,1,7,,problem_solving,10
9,0.004207344267753996,0.172092,0.004047136704447836,0.536,0.8536266869369854,-2.624839058110108,[0.         0.01310302 0.01739676 0.01220667 0.02767908 0.         0.         0.         0.         0.         0.         0.         0.         0.         0.         0.01286187 0.         0.         0.         0.         0.         0.         0.         0.01751393 0.         0.89923866 0.         0.         0.         0.         0.        ],[0. 1. 1. 1. 1. 0. 0. 0. 0. 0. 0. 0. 0. 0. 0. 1. 0. 0. 0. 0. 0. 0. 0. 1. 0. 1. 0. 0. 0. 0. 0.],7.0,best,100,1000,100,0.9,0.5,0.9,0.5,0.9,5,0.29,1,7,,problem_solving,10
10,0.004207344267753996,0.172092,0.004047136704447836,0.54,0.8486239003628652,4.191866411093554,[0.         0.01310302 0.01739676 0.01220667 0.02767908 0.         0.         0.         0.         0.         0.         0.         0.         0.         0.         0.01286187 0.         0.         0.         0.         0.         0.         0.         0.01751393 0.         0.89923866 0.         0.         0.         0.         0.        ],[0. 1. 1. 1. 1. 0. 0. 0. 0. 0. 0. 0. 0. 0. 0. 1. 0. 0. 0. 0. 0. 0. 0. 1. 0. 1. 0. 0. 0. 0. 0.],7.0,best,100,1000,100,0.9,0.5,0.9,0.5,0.9,5,0.29,1,7,,problem_solving,10
11,0.004207344267753996,0.172092,0.004047136704447836,0.544,0.8436504332487491,-0.7020288082956724,[0.         0.01310302 0.01739676 0.01220667 0.02767908 0.         0.         0.         0.         0.         0.         0.         0.         0.         0.         0.01286187 0.         0.         0.         0.         0.         0.         0.         0.01751393 0.         0.89923866 0.         0.         0.         0.         0.        ],[0. 1. 1. 1. 1. 0. 0. 0. 0. 0. 0. 0. 0. 0. 0. 1. 0. 0. 0. 0. 0. 0. 0. 1. 0. 1. 0. 0. 0. 0. 0.],7.0,best,100,1000,100,0.9,0.5,0.9,0.5,0.9,5,0.29,1,7,,problem_solving,10
12,0.004207344267753996,0.172092,0.004047136704447836,0.548,0.838706113764254,-2.0788955881353472,[0.         0.01310302 0.01739676 0.01220667 0.02767908 0.         0.         0.         0.         0.         0.         0.         0.         0.         0.         0.01286187 0.         0.         0.         0.         0.         0.         0.         0.01751393 0.         0.89923866 0.         0.         0.         0.         0.        ],[0. 1. 1. 1. 1. 0. 0. 0. 0. 0. 0. 0. 0. 0. 0. 1. 0. 0. 0. 0. 0. 0. 0. 1. 0. 1. 0. 0. 0. 0. 0.],7.0,best,100,1000,100,0.9,0.5,0.9,0.5,0.9,5,0.29,1,7,,problem_solving,10
13,0.004207344267753996,0.172092,0.004047136704447836,0.552,0.83379077108603,-1.2383317809324366,[0.         0.01310302 0.01739676 0.01220667 0.02767908 0.         0.         0.         0.         0.         0.         0.         0.         0.         0.         0.01286187 0.         0.         0.         0.         0.         0.         0.         0.01751393 0.         0.89923866 0.         0.         0.         0.         0.        ],[0. 1. 1. 1. 1. 0. 0. 0. 0. 0. 0. 0. 0. 0. 0. 1. 0. 0. 0. 0. 0. 0. 0. 1. 0. 1. 0. 0. 0. 0. 0.],7.0,best,100,1000,100,0.9,0.5,0.9,0.5,0.9,5,0.29,1,7,,problem_solving,10
14,0.004207344267753996,0.172092,0.004047136704447836,0.556,0.828904235391859,-5.830090032786392,[0.         0.01310302 0.01739676 0.01220667 0.02767908 0.         0.         0.         0.         0.         0.         0.         0.         0.         0.         0.01286187 0.         0.         0.         0.         0.         0.         0.         0.01751393 0.         0.89923866 0.         0.         0.         0.         0.        ],[0. 1. 1. 1. 1. 0. 0. 0. 0. 0. 0. 0. 0. 0. 0. 1. 0. 0. 0. 0. 0. 0. 0. 1. 0. 1. 0. 0. 0. 0. 0.],7.0,best,100,1000,100,0.9,0.5,0.9,0.5,0.9,5,0.29,1,7,,problem_solving,10
15,0.004207344267753996,0.172092,0.004047136704447836,0.56,0.8240463378547873,2.412512618647548,[0.         0.01310302 0.01739676 0.01220667 0.02767908 0.         0.         0.         0.         0.         0.         0.         0.         0.         0.         0.01286187 0.         0.         0.         0.         0.         0.         0.         0.01751393 0.         0.89923866 0.         0.         0.         0.         0.        ],[0. 1. 1. 1. 1. 0. 0. 0. 0. 0. 0. 0. 0. 0. 0. 1. 0. 0. 0. 0. 0. 0. 0. 1. 0. 1. 0. 0. 0. 0. 0.],7.0,best,100,1000,100,0.9,0.5,0.9,0.5,0.9,5,0.29,1,7,,problem_solving,10
16,0.004207344267753996,0.172092,0.004047136704447836,0.5640000000000001,0.8192169106372932,2.7053347173617355,[0.         0.01310302 0.01739676 0.01220667 0.02767908 0.         0.         0.         0.         0.         0.         0.         0.         0.         0.         0.01286187 0.         0.         0.         0.         0.         0.         0.         0.01751393 0.         0.89923866 0.         0.         0.         0.         0.        ],[0. 1. 1. 1. 1. 0. 0. 0. 0. 0. 0. 0. 0. 0. 0. 1. 0. 0. 0. 0. 0. 0. 0. 1. 0. 1. 0. 0. 0. 0. 0.],7.0,best,100,1000,100,0.9,0.5,0.9,0.5,0.9,5,0.29,1,7,,problem_solving,10
17,0.004207344267753996,0.172092,0.004047136704447836,0.5680000000000001,0.8144157868854872,-4.202846551386285,[0.         0.01310302 0.01739676 0.01220667 0.02767908 0.         0.         0.         0.         0.         0.         0.         0.         0.         0.         0.01286187 0.         0.         0.         0.         0.         0.         0.         0.01751393 0.         0.89923866 0.         0.         0.         0.         0.        ],[0. 1. 1. 1. 1. 0. 0. 0. 0. 0. 0. 0. 0. 0. 0. 1. 0. 0. 0. 0. 0. 0. 0. 1. 0. 1. 0. 0. 0. 0. 0.],7.0,best,100,1000,100,0.9,0.5,0.9,0.5,0.9,5,0.29,1,7,,problem_solving,10
18,0.004207344267753996,0.172092,0.004047136704447836,0.5720000000000001,0.8096428007233489,-4.491310557898649,[0.         0.01310302 0.01739676 0.01220667 0.02767908 0.         0.         0.         0.         0.         0.         0.         0.         0.         0.         0.01286187 0.         0.         0.         0.         0.         0.         0.         0.01751393 0.         0.89923866 0.         0.         0.         0.         0.        ],[0. 1. 1. 1. 1. 0. 0. 0. 0. 0. 0. 0. 0. 0. 0. 1. 0. 0. 0. 0. 0. 0. 0. 1. 0. 1. 0. 0. 0. 0. 0.],7.0,best,100,1000,100,0.9,0.5,0.9,0.5,0.9,5,0.29,1,7,,problem_solving,10
19,0.004207344267753996,0.172092,0.004047136704447836,0.576,0.8048977872469943,-0.1998429659326067,[0.         0.01310302 0.01739676 0.01220667 0.02767908 0.         0.         0.         0.         0.         0.         0.         0.         0.         0.         0.01286187 0.         0.         0.         0.         0.         0.         0.         0.01751393 0.         0.89923866 0.         0.         0.         0.         0.        ],[0. 1. 1. 1. 1. 0. 0. 0. 0. 0. 0. 0. 0. 0. 0. 1. 0. 0. 0. 0. 0. 0. 0. 1. 0. 1. 0. 0. 0. 0. 0.],7.0,best,100,1000,100,0.9,0.5,0.9,0.5,0.9,5,0.29,1,7,,problem_solving,10
20,0.004207344267753996,0.172092,0.004047136704447836,0.58,0.80018058251898,-7.595973177194995,[0.         0.01310302 0.01739676 0.01220667 0.02767908 0.         0.         0.         0.         0.         0.         0.         0.         0.         0.         0.01286187 0.         0.         0.         0.         0.         0.         0.         0.01751393 0.         0.89923866 0.         0.         0.         0.         0.        ],[0. 1. 1. 1. 1. 0. 0. 0. 0. 0. 0. 0. 0. 0. 0. 1. 0. 0. 0. 0. 0. 0. 0. 1. 0. 1. 0. 0. 0. 0. 0.],7.0,best,100,1000,100,0.9,0.5,0.9,0.5,0.9,5,0.29,1,7,,problem_solving,10
21,0.004207344267753996,0.172092,0.004047136704447836,0.584,0.7954910235626382,-2.166433321034707,[0.         0.01310302 0.01739676 0.01220667 0.02767908 0.         0.         0.         0.         0.         0.         0.         0.         0.         0.         0.01286187 0.         0.         0.         0.         0.         0.         0.         0.01751393 0.         0.89923866 0.         0.         0.         0.         0.        ],[0. 1. 1. 1. 1. 0. 0. 0. 0. 0. 0. 0. 0. 0. 0. 1. 0. 0. 0. 0. 0. 0. 0. 1. 0. 1. 0. 0. 0. 0. 0.],7.0,best,100,1000,100,0.9,0.5,0.9,0.5,0.9,5,0.29,1,7,,problem_solving,10
22,0.004207344267753996,0.172092,0.004047136704447836,0.588,0.7908289483564468,-7.199714423979828,[0.         0.01310302 0.01739676 0.01220667 0.02767908 0.         0.         0.         0.         0.         0.         0.         0.         0.         0.         0.01286187 0.         0.         0.         0.         0.         0.         0.         0.01751393 0.         0.89923866 0.         0.         0.         0.         0.        ],[0. 1. 1. 1. 1. 0. 0. 0. 0. 0. 0. 0. 0. 0. 0. 1. 0. 0. 0. 0. 0. 0. 0. 1. 0. 1. 0. 0. 0. 0. 0.],7.0,best,100,1000,100,0.9,0.5,0.9,0.5,0.9,5,0.29,1,7,,problem_solving,10
23,0.004207344267753996,0.172092,0.004047136704447836,0.592,0.7861941958284306,2.2644841106265754,[0.         0.01310302 0.01739676 0.01220667 0.02767908 0.         0.         0.         0.         0.         0.         0.         0.         0.         0.         0.01286187 0.         0.         0.         0.         0.         0.         0.         0.01751393 0.         0.89923866 0.         0.         0.         0.         0.        ],[0. 1. 1. 1. 1. 0. 0. 0. 0. 0. 0. 0. 0. 0. 0. 1. 0. 0. 0. 0. 0. 0. 0. 1. 0. 1. 0. 0. 0. 0. 0.],7.0,best,100,1000,100,0.9,0.5,0.9,0.5,0.9,5,0.29,1,7,,problem_solving,10
24,0.004207344267753996,0.172092,0.004047136704447836,0.596,0.7815866058505976,-8.545384230792441,[0.         0.01310302 0.01739676 0.01220667 0.02767908 0.         0.         0.         0.         0.         0.         0.         0.         0.         0.         0.01286187 0.         0.         0.         0.         0.         0.         0.         0.01751393 0.         0.89923866 0.         0.         0.         0.         0.        ],[0. 1. 1. 1. 1. 0. 0. 0. 0. 0. 0. 0. 0. 0. 0. 1. 0. 0. 0. 0. 0. 0. 0. 1. 0. 1. 0. 0. 0. 0. 0.],7.0,best,100,1000,100,0.9,0.5,0.9,0.5,0.9,5,0.29,1,7,,problem_solving,10
25,0.004207344267753996,0.172092,0.004047136704447836,0.6,0.7770060192334055,3.4561410894517914,[0.         0.01310302 0.01739676 0.01220667 0.02767908 0.         0.         0.         0.         0.         0.         0.         0.         0.         0.         0.01286187 0.         0.         0.         0.         0.         0.         0.         0.01751393 0.         0.89923866 0.         0.         0.         0.         0.        ],[0. 1. 1. 1. 1. 0. 0. 0. 0. 0. 0. 0. 0. 0. 0. 1. 0. 0. 0. 0. 0. 0. 0. 1. 0. 1. 0. 0. 0. 0. 0.],7.0,best,100,1000,100,0.9,0.5,0.9,0.5,0.9,5,0.29,1,7,,problem_solving,10
26,0.004207344267753996,0.172092,0.004047136704447836,0.604,0.7724522777202626,-3.5425385551071056,[0.         0.01310302 0.01739676 0.01220667 0.02767908 0.         0.         0.         0.         0.         0.         0.         0.         0.         0.         0.01286187 0.         0.         0.         0.         0.         0.         0.         0.01751393 0.         0.89923866 0.         0.         0.         0.         0.        ],[0. 1. 1. 1. 1. 0. 0. 0. 0. 0. 0. 0. 0. 0. 0. 1. 0. 0. 0. 0. 0. 0. 0. 1. 0. 1. 0. 0. 0. 0. 0.],7.0,best,100,1000,100,0.9,0.5,0.9,0.5,0.9,5,0.29,1,7,,problem_solving,10
27,0.004207344267753996,0.172092,0.004047136704447836,0.608,0.7679252239820602,-0.748233211570225,[0.         0.01310302 0.01739676 0.01220667 0.02767908 0.         0.         0.         0.         0.         0.         0.         0.         0.         0.         0.01286187 0.         0.         0.         0.         0.         0.         0.         0.01751393 0.         0.89923866 0.         0.         0.         0.         0.        ],[0. 1. 1. 1. 1. 0. 0. 0. 0. 0. 0. 0. 0. 0. 0. 1. 0. 0. 0. 0. 0. 0. 0. 1. 0. 1. 0. 0. 0. 0. 0.],7.0,best,100,1000,100,0.9,0.5,0.9,0.5,0.9,5,0.29,1,7,,problem_solving,10
28,0.004207344267753996,0.172092,0.004047136704447836,0.612,0.7634247016117359,1.5482201172500754,[0.         0.01310302 0.01739676 0.01220667 0.02767908 0.         0.         0.         0.         0.         0.         0.         0.         0.         0.         0.01286187 0.         0.         0.         0.         0.         0.         0.         0.01751393 0.         0.89923866 0.         0.         0.         0.         0.        ],[0. 1. 1. 1. 1. 0. 0. 0. 0. 0. 0. 0. 0. 0. 0. 1. 0. 0. 0. 0. 0. 0. 0. 1. 0. 1. 0. 0. 0. 0. 0.],7.0,best,100,1000,100,0.9,0.5,0.9,0.5,0.9,5,0.29,1,7,,problem_solving,10
29,0.004207344267753996,0.172092,0.004047136704447836,0.616,0.758950555118871,-6.706542656212081,[0.         0.01310302 0.01739676 0.01220667 0.02767908 0.         0.         0.         0.         0.         0.         0.         0.         0.         0.         0.01286187 0.         0.         0.         0.         0.         0.         0.         0.01751393 0.         0.89923866 0.         0.         0.         0.         0.        ],[0. 1. 1. 1. 1. 0. 0. 0. 0. 0. 0. 0. 0. 0. 0. 1. 0. 0. 0. 0. 0. 0. 0. 1. 0. 1. 0. 0. 0. 0. 0.],7.0,best,100,1000,100,0.9,0.5,0.9,0.5,0.9,5,0.29,1,7,,problem_solving,10
30,0.004207344267753996,0.172092,0.004047136704447836,0.62,0.754502629924318,1.0203088731601544,[0.         0.01310302 0.01739676 0.01220667 0.02767908 0.         0.         0.         0.         0.         0.         0.         0.         0.         0.         0.01286187 0.         0.         0.         0.         0.         0.         0.         0.01751393 0.         0.89923866 0.         0.         0.         0.         0.        ],[0. 1. 1. 1. 1. 0. 0. 0. 0. 0. 0. 0. 0. 0. 0. 1. 0. 0. 0. 0. 0. 0. 0. 1. 0. 1. 0. 0. 0. 0. 0.],7.0,best,100,1000,100,0.9,0.5,0.9,0.5,0.9,5,0.29,1,7,,problem_solving,10
31,0.004207344267753996,0.172092,0.004047136704447836,0.624,0.7500807723548599,0.06359212541531108,[0.         0.01310302 0.01739676 0.01220667 0.02767908 0.         0.         0.         0.         0.         0.         0.         0.         0.         0.         0.01286187 0.         0.         0.         0.         0.         0.         0.         0.01751393 0.         0.89923866 0.         0.         0.         0.         0.        ],[0. 1. 1. 1. 1. 0. 0. 0. 0. 0. 0. 0. 0. 0. 0. 1. 0. 0. 0. 0. 0. 0. 0. 1. 0. 1. 0. 0. 0. 0. 0.],7.0,best,100,1000,100,0.9,0.5,0.9,0.5,0.9,5,0.29,1,7,,problem_solving,10
32,0.004207344267753996,0.172092,0.004047136704447836,0.628,0.7456848296379007,-4.053973351826314,[0.         0.01310302 0.01739676 0.01220667 0.02767908 0.         0.         0.         0.         0.         0.         0.         0.         0.         0.         0.01286187 0.         0.         0.         0.         0.         0.         0.         0.01751393 0.         0.89923866 0.         0.         0.         0.         0.        ],[0. 1. 1. 1. 1. 0. 0. 0. 0. 0. 0. 0. 0. 0. 0. 1. 0. 0. 0. 0. 0. 0. 0. 1. 0. 1. 0. 0. 0. 0. 0.],7.0,best,100,1000,100,0.9,0.5,0.9,0.5,0.9,5,0.29,1,7,,problem_solving,10
33,0.004207344267753996,0.172092,0.004047136704447836,0.632,0.7413146498961878,-0.8653829706153628,[0.         0.01310302 0.01739676 0.01220667 0.02767908 0.         0.         0.         0.         0.         0.         0.         0.         0.         0.         0.01286187 0.         0.         0.         0.         0.         0.         0.         0.01751393 0.         0.89923866 0.         0.         0.         0.         0.        ],[0. 1. 1. 1. 1. 0. 0. 0. 0. 0. 0. 0. 0. 0. 0. 1. 0. 0. 0. 0. 0. 0. 0. 1. 0. 1. 0. 0. 0. 0. 0.],7.0,best,100,1000,100,0.9,0.5,0.9,0.5,0.9,5,0.29,1,7,,problem_solving,10
34,0.004207344267753996,0.172092,0.004047136704447836,0.636,0.7369700821425638,5.571982488354572,[0.         0.01310302 0.01739676 0.01220667 0.02767908 0.         0.         0.         0.         0.         0.         0.         0.         0.         0.         0.01286187 0.         0.         0.         0.         0.         0.         0.         0.01751393 0.         0.89923866 0.         0.         0.         0.         0.        ],[0. 1. 1. 1. 1. 0. 0. 0. 0. 0. 0. 0. 0. 0. 0. 1. 0. 0. 0. 0. 0. 0. 0. 1. 0. 1. 0. 0. 0. 0. 0.],7.0,best,100,1000,100,0.9,0.5,0.9,0.5,0.9,5,0.29,1,7,,problem_solving,10
35,0.004207344267753996,0.172092,0.004047136704447836,0.64,0.7326509762747511,-0.9740855261703019,[0.         0.01310302 0.01739676 0.01220667 0.02767908 0.         0.         0.         0.         0.         0.         0.         0.         0.         0.         0.01286187 0.         0.         0.         0.         0.         0.         0.         0.01751393 0.         0.89923866 0.         0.         0.         0.         0.        ],[0. 1. 1. 1. 1. 0. 0. 0. 0. 0. 0. 0. 0. 0. 0. 1. 0. 0. 0. 0. 0. 0. 0. 1. 0. 1. 0. 0. 0. 0. 0.],7.0,best,100,1000,100,0.9,0.5,0.9,0.5,0.9,5,0.29,1,7,,problem_solving,10
36,0.004207344267753996,0.172092,0.004047136704447836,0.644,0.7283571830701648,5.588288746596502,[0.         0.01310302 0.01739676 0.01220667 0.02767908 0.         0.         0.         0.         0.         0.         0.         0.         0.         0.         0.01286187 0.         0.         0.         0.         0.         0.         0.         0.01751393 0.         0.89923866 0.         0.         0.         0.         0.        ],[0. 1. 1. 1. 1. 0. 0. 0. 0. 0. 0. 0. 0. 0. 0. 1. 0. 0. 0. 0. 0. 0. 0. 1. 0. 1. 0. 0. 0. 0. 0.],7.0,best,100,1000,100,0.9,0.5,0.9,0.5,0.9,5,0.29,1,7,,problem_solving,10
37,0.004207344267753996,0.172092,0.004047136704447836,0.648,0.7240885541807586,-4.461442580988137,[0.         0.01310302 0.01739676 0.01220667 0.02767908 0.         0.         0.         0.         0.         0.         0.         0.         0.         0.         0.01286187 0.         0.         0.         0.         0.         0.         0.         0.01751393 0.         0.89923866 0.         0.         0.         0.         0.        ],[0. 1. 1. 1. 1. 0. 0. 0. 0. 0. 0. 0. 0. 0. 0. 1. 0. 0. 0. 0. 0. 0. 0. 1. 0. 1. 0. 0. 0. 0. 0.],7.0,best,100,1000,100,0.9,0.5,0.9,0.5,0.9,5,0.29,1,7,,problem_solving,10
38,0.004207344267753996,0.172092,0.004047136704447836,0.652,0.7198449421278975,-0.6640668956840372,[0.         0.01310302 0.01739676 0.01220667 0.02767908 0.         0.         0.         0.         0.         0.         0.         0.         0.         0.         0.01286187 0.         0.         0.         0.         0.         0.         0.         0.01751393 0.         0.89923866 0.         0.         0.         0.         0.        ],[0. 1. 1. 1. 1. 0. 0. 0. 0. 0. 0. 0. 0. 0. 0. 1. 0. 0. 0. 0. 0. 0. 0. 1. 0. 1. 0. 0. 0. 0. 0.],7.0,best,100,1000,100,0.9,0.5,0.9,0.5,0.9,5,0.29,1,7,,problem_solving,10
39,0.004207344267753996,0.172092,0.004047136704447836,0.656,0.7156262002972644,0.3742339090817499,[0.         0.01310302 0.01739676 0.01220667 0.02767908 0.         0.         0.         0.         0.         0.         0.         0.         0.         0.         0.01286187 0.         0.         0.         0.         0.         0.         0.         0.01751393 0.         0.89923866 0.         0.         0.         0.         0.        ],[0. 1. 1. 1. 1. 0. 0. 0. 0. 0. 0. 0. 0. 0. 0. 1. 0. 0. 0. 0. 0. 0. 0. 1. 0. 1. 0. 0. 0. 0. 0.],7.0,best,100,1000,100,0.9,0.5,0.9,0.5,0.9,5,0.29,1,7,,problem_solving,10
40,0.004207344267753996,0.172092,0.004047136704447836,0.66,0.7114321829337936,4.087177985061608,[0.         0.01310302 0.01739676 0.01220667 0.02767908 0.         0.         0.         0.         0.         0.         0.         0.         0.         0.         0.01286187 0.         0.         0.         0.         0.         0.         0.         0.01751393 0.         0.89923866 0.         0.         0.         0.         0.        ],[0. 1. 1. 1. 1. 0. 0. 0. 0. 0. 0. 0. 0. 0. 0. 1. 0. 0. 0. 0. 0. 0. 0. 1. 0. 1. 0. 0. 0. 0. 0.],7.0,best,100,1000,100,0.9,0.5,0.9,0.5,0.9,5,0.29,1,7,,problem_solving,10
41,0.004207344267753996,0.172092,0.004047136704447836,0.664,0.707262745136635,2.0907866188114084,[0.         0.01310302 0.01739676 0.01220667 0.02767908 0.         0.         0.         0.         0.         0.         0.         0.         0.         0.         0.01286187 0.         0.         0.         0.         0.         0.         0.         0.01751393 0.         0.89923866 0.         0.         0.         0.         0.        ],[0. 1. 1. 1. 1. 0. 0. 0. 0. 0. 0. 0. 0. 0. 0. 1. 0. 0. 0. 0. 0. 0. 0. 1. 0. 1. 0. 0. 0. 0. 0.],7.0,best,100,1000,100,0.9,0.5,0.9,0.5,0.9,5,0.29,1,7,,problem_solving,10
42,0.004207344267753996,0.172092,0.004047136704447836,0.668,0.7031177428541489,0.8945351602112439,[0.         0.01310302 0.01739676 0.01220667 0.02767908 0.         0.         0.         0.         0.         0.         0.         0.         0.         0.         0.01286187 0.         0.         0.         0.         0.         0.         0.         0.01751393 0.         0.89923866 0.         0.         0.         0.         0.        ],[0. 1. 1. 1. 1. 0. 0. 0. 0. 0. 0. 0. 0. 0. 0. 1. 0. 0. 0. 0. 0. 0. 0. 1. 0. 1. 0. 0. 0. 0. 0.],7.0,best,100,1000,100,0.9,0.5,0.9,0.5,0.9,5,0.29,1,7,,problem_solving,10
43,0.004207344267753996,0.172092,0.004047136704447836,0.672,0.6989970328789274,-0.9823729970452724,[0.         0.01310302 0.01739676 0.01220667 0.02767908 0.         0.         0.         0.         0.         0.         0.         0.         0.         0.         0.01286187 0.         0.         0.         0.         0.         0.         0.         0.01751393 0.         0.89923866 0.         0.         0.         0.         0.        ],[0. 1. 1. 1. 1. 0. 0. 0. 0. 0. 0. 0. 0. 0. 0. 1. 0. 0. 0. 0. 0. 0. 0. 1. 0. 1. 0. 0. 0. 0. 0.],7.0,best,100,1000,100,0.9,0.5,0.9,0.5,0.9,5,0.29,1,7,,problem_solving,10
44,0.004207344267753996,0.172092,0.004047136704447836,0.6759999999999999,0.6949004728428485,2.3636761914491524,[0.         0.01310302 0.01739676 0.01220667 0.02767908 0.         0.         0.         0.         0.         0.         0.         0.         0.         0.         0.01286187 0.         0.         0.         0.         0.         0.         0.         0.01751393 0.         0.89923866 0.         0.         0.         0.         0.        ],[0. 1. 1. 1. 1. 0. 0. 0. 0. 0. 0. 0. 0. 0. 0. 1. 0. 0. 0. 0. 0. 0. 0. 1. 0. 1. 0. 0. 0. 0. 0.],7.0,best,100,1000,100,0.9,0.5,0.9,0.5,0.9,5,0.29,1,7,,problem_solving,10
45,0.004207344267753996,0.172092,0.004047136704447836,0.6799999999999999,0.6908279212121557,5.211208178386622,[0.         0.01310302 0.01739676 0.01220667 0.02767908 0.         0.         0.         0.         0.         0.         0.         0.         0.         0.         0.01286187 0.         0.         0.         0.         0.         0.         0.         0.01751393 0.         0.89923866 0.         0.         0.         0.         0.        ],[0. 1. 1. 1. 1. 0. 0. 0. 0. 0. 0. 0. 0. 0. 0. 1. 0. 0. 0. 0. 0. 0. 0. 1. 0. 1. 0. 0. 0. 0. 0.],7.0,best,100,1000,100,0.9,0.5,0.9,0.5,0.9,5,0.29,1,7,,problem_solving,10
46,0.004207344267753996,0.172092,0.004047136704447836,0.6839999999999999,0.6867792372825696,1.306261286279663,[0.         0.01310302 0.01739676 0.01220667 0.02767908 0.         0.         0.         0.         0.         0.         0.         0.         0.         0.         0.01286187 0.         0.         0.         0.         0.         0.         0.         0.01751393 0.         0.89923866 0.         0.         0.         0.         0.        ],[0. 1. 1. 1. 1. 0. 0. 0. 0. 0. 0. 0. 0. 0. 0. 1. 0. 0. 0. 0. 0. 0. 0. 1. 0. 1. 0. 0. 0. 0. 0.],7.0,best,100,1000,100,0.9,0.5,0.9,0.5,0.9,5,0.29,1,7,,problem_solving,10
47,0.004207344267753996,0.172092,0.004047136704447836,0.688,0.6827542811744257,-2.424015402539605,[0.         0.01310302 0.01739676 0.01220667 0.02767908 0.         0.         0.         0.         0.         0.         0.         0.         0.         0.         0.01286187 0.         0.         0.         0.         0.         0.         0.         0.01751393 0.         0.89923866 0.         0.         0.         0.         0.        ],[0. 1. 1. 1. 1. 0. 0. 0. 0. 0. 0. 0. 0. 0. 0. 1. 0. 0. 0. 0. 0. 0. 0. 1. 0. 1. 0. 0. 0. 0. 0.],7.0,best,100,1000,100,0.9,0.5,0.9,0.5,0.9,5,0.29,1,7,,problem_solving,10
48,0.004207344267753996,0.172092,0.004047136704447836,0.692,0.6787529138278414,0.3898037419646393,[0.         0.01310302 0.01739676 0.01220667 0.02767908 0.         0.         0.         0.         0.         0.         0.         0.         0.         0.         0.01286187 0.         0.         0.         0.         0.         0.         0.         0.01751393 0.         0.89923866 0.         0.         0.         0.         0.        ],[0. 1. 1. 1. 1. 0. 0. 0. 0. 0. 0. 0. 0. 0. 0. 1. 0. 0. 0. 0. 0. 0. 0. 1. 0. 1. 0. 0. 0. 0. 0.],7.0,best,100,1000,100,0.9,0.5,0.9,0.5,0.9,5,0.29,1,7,,problem_solving,10
49,0.003862153711278661,0.162553,0.0036570239987403653,0.696,0.6747749969979128,-3.4264851727556747,[0.         0.         0.         0.         0.0154192  0.         0.         0.         0.         0.         0.         0.         0.         0.         0.         0.         0.         0.01499735 0.         0.01178902 0.         0.01178902 0.         0.         0.02066304 0.91326454 0.         0.         0.01207782 0.         0.        ],[0. 0. 0. 0. 1. 0. 0. 0. 0. 0. 0. 0. 0. 0. 0. 0. 0. 1. 0. 1. 0. 1. 0. 0. 1. 1. 0. 0. 1. 0. 0.],7.0,best,100,1000,100,0.9,0.5,0.9,0.5,0.9,5,0.29,1,7,,problem_solving,10
50,0.003862153711278661,0.162553,0.0036570239987403653,0.7,0.6708203932499369,1.354787443620902,[0.         0.         0.         0.         0.0154192  0.         0.         0.         0.         0.         0.         0.         0.         0.         0.         0.         0.         0.01499735 0.         0.01178902 0.         0.01178902 0.         0.         0.02066304 0.91326454 0.         0.         0.01207782 0.         0.        ],[0. 0. 0. 0. 1. 0. 0. 0. 0. 0. 0. 0. 0. 0. 0. 0. 0. 1. 0. 1. 0. 1. 0. 0. 1. 1. 0. 0. 1. 0. 0.],7.0,best,100,1000,100,0.9,0.5,0.9,0.5,0.9,5,0.29,1,7,,problem_solving,10
51,0.003862153711278661,0.162553,0.0036570239987403653,0.704,0.6668889659546647,3.7073144192218823,[0.         0.         0.         0.         0.0154192  0.         0.         0.         0.         0.         0.         0.         0.         0.         0.         0.         0.         0.01499735 0.         0.01178902 0.         0.01178902 0.         0.         0.02066304 0.91326454 0.         0.         0.01207782 0.         0.        ],[0. 0. 0. 0. 1. 0. 0. 0. 0. 0. 0. 0. 0. 0. 0. 0. 0. 1. 0. 1. 0. 1. 0. 0. 1. 1. 0. 0. 1. 0. 0.],7.0,best,100,1000,100,0.9,0.5,0.9,0.5,0.9,5,0.29,1,7,,problem_solving,10
52,0.003862153711278661,0.162553,0.0036570239987403653,0.708,0.6629805792835798,2.3010214775692344,[0.         0.         0.         0.         0.0154192  0.         0.         0.         0.         0.         0.         0.         0.         0.         0.         0.         0.         0.01499735 0.         0.01178902 0.         0.01178902 0.         0.         0.02066304 0.91326454 0.         0.         0.01207782 0.         0.        ],[0. 0. 0. 0. 1. 0. 0. 0. 0. 0. 0. 0. 0. 0. 0. 0. 0. 1. 0. 1. 0. 1. 0. 0. 1. 1. 0. 0. 1. 0. 0.],7.0,best,100,1000,100,0.9,0.5,0.9,0.5,0.9,5,0.29,1,7,,problem_solving,10
53,0.003862153711278661,0.162553,0.0036570239987403653,0.712,0.6590950982042058,0.27493786131476794,[0.         0.         0.         0.         0.0154192  0.         0.         0.         0.         0.         0.         0.         0.         0.         0.         0.         0.         0.01499735 0.         0.01178902 0.         0.01178902 0.         0.         0.02066304 0.91326454 0.         0.         0.01207782 0.         0.        ],[0. 0. 0. 0. 1. 0. 0. 0. 0. 0. 0. 0. 0. 0. 0. 0. 0. 1. 0. 1. 0. 1. 0. 0. 1. 1. 0. 0. 1. 0. 0.],7.0,best,100,1000,100,0.9,0.5,0.9,0.5,0.9,5,0.29,1,7,,problem_solving,10
54,0.003862153711278661,0.162553,0.0036570239987403653,0.716,0.6552323884754414,8.238438116404966,[0.         0.         0.         0.         0.0154192  0.         0.         0.         0.         0.         0.         0.         0.         0.         0.         0.         0.         0.01499735 0.         0.01178902 0.         0.01178902 0.         0.         0.02066304 0.91326454 0.         0.         0.01207782 0.         0.        ],[0. 0. 0. 0. 1. 0. 0. 0. 0. 0. 0. 0. 0. 0. 0. 0. 0. 1. 0. 1. 0. 1. 0. 0. 1. 1. 0. 0. 1. 0. 0.],7.0,best,100,1000,100,0.9,0.5,0.9,0.5,0.9,5,0.29,1,7,,problem_solving,10
55,0.003862153711278661,0.162553,0.0036570239987403653,0.72,0.651392316642922,-1.664980148876372,[0.         0.         0.         0.         0.0154192  0.         0.         0.         0.         0.         0.         0.         0.         0.         0.         0.         0.         0.01499735 0.         0.01178902 0.         0.01178902 0.         0.         0.02066304 0.91326454 0.         0.         0.01207782 0.         0.        ],[0. 0. 0. 0. 1. 0. 0. 0. 0. 0. 0. 0. 0. 0. 0. 0. 0. 1. 0. 1. 0. 1. 0. 0. 1. 1. 0. 0. 1. 0. 0.],7.0,best,100,1000,100,0.9,0.5,0.9,0.5,0.9,5,0.29,1,7,,problem_solving,10
56,0.003862153711278661,0.162553,0.0036570239987403653,0.724,0.6475747500344088,1.5606143514375308,[0.         0.         0.         0.         0.0154192  0.         0.         0.         0.         0.         0.         0.         0.         0.         0.         0.         0.         0.01499735 0.         0.01178902 0.         0.01178902 0.         0.         0.02066304 0.91326454 0.         0.         0.01207782 0.         0.        ],[0. 0. 0. 0. 1. 0. 0. 0. 0. 0. 0. 0. 0. 0. 0. 0. 0. 1. 0. 1. 0. 1. 0. 0. 1. 1. 0. 0. 1. 0. 0.],7.0,best,100,1000,100,0.9,0.5,0.9,0.5,0.9,5,0.29,1,7,,problem_solving,10
57,0.003862153711278661,0.162553,0.0036570239987403653,0.728,0.6437795567552059,0.5574032453428549,[0.         0.         0.         0.         0.0154192  0.         0.         0.         0.         0.         0.         0.         0.         0.         0.         0.         0.         0.01499735 0.         0.01178902 0.         0.01178902 0.         0.         0.02066304 0.91326454 0.         0.         0.01207782 0.         0.        ],[0. 0. 0. 0. 1. 0. 0. 0. 0. 0. 0. 0. 0. 0. 0. 0. 0. 1. 0. 1. 0. 1. 0. 0. 1. 1. 0. 0. 1. 0. 0.],7.0,best,100,1000,100,0.9,0.5,0.9,0.5,0.9,5,0.29,1,7,,problem_solving,10
58,0.003862153711278661,0.162553,0.0036570239987403653,0.732,0.6400066056836028,5.177665805993047,[0.         0.         0.         0.         0.0154192  0.         0.         0.         0.         0.         0.         0.         0.         0.         0.         0.         0.         0.01499735 0.         0.01178902 0.         0.01178902 0.         0.         0.02066304 0.91326454 0.         0.         0.01207782 0.         0.        ],[0. 0. 0. 0. 1. 0. 0. 0. 0. 0. 0. 0. 0. 0. 0. 0. 0. 1. 0. 1. 0. 1. 0. 0. 1. 1. 0. 0. 1. 0. 0.],7.0,best,100,1000,100,0.9,0.5,0.9,0.5,0.9,5,0.29,1,7,,problem_solving,10
59,0.003862153711278661,0.162553,0.0036570239987403653,0.736,0.6362557664663436,-2.950590767064508,[0.         0.         0.         0.         0.0154192  0.         0.         0.         0.         0.         0.         0.         0.         0.         0.         0.         0.         0.01499735 0.         0.01178902 0.         0.01178902 0.         0.         0.02066304 0.91326454 0.         0.         0.01207782 0.         0.        ],[0. 0. 0. 0. 1. 0. 0. 0. 0. 0. 0. 0. 0. 0. 0. 0. 0. 1. 0. 1. 0. 1. 0. 0. 1. 1. 0. 0. 1. 0. 0.],7.0,best,100,1000,100,0.9,0.5,0.9,0.5,0.9,5,0.29,1,7,,problem_solving,10
60,0.003862153711278661,0.162553,0.0036570239987403653,0.74,0.6325269095141249,2.0761354565788763,[0.         0.         0.         0.         0.0154192  0.         0.         0.         0.         0.         0.         0.         0.         0.         0.         0.         0.         0.01499735 0.         0.01178902 0.         0.01178902 0.         0.         0.02066304 0.91326454 0.         0.         0.01207782 0.         0.        ],[0. 0. 0. 0. 1. 0. 0. 0. 0. 0. 0. 0. 0. 0. 0. 0. 0. 1. 0. 1. 0. 1. 0. 0. 1. 1. 0. 0. 1. 0. 0.],7.0,best,100,1000,100,0.9,0.5,0.9,0.5,0.9,5,0.29,1,7,,problem_solving,10
61,0.003862153711278661,0.162553,0.0036570239987403653,0.744,0.6288199059971172,1.9704516692483658,[0.         0.         0.         0.         0.0154192  0.         0.         0.         0.         0.         0.         0.         0.         0.         0.         0.         0.         0.01499735 0.         0.01178902 0.         0.01178902 0.         0.         0.02066304 0.91326454 0.         0.         0.01207782 0.         0.        ],[0. 0. 0. 0. 1. 0. 0. 0. 0. 0. 0. 0. 0. 0. 0. 0. 0. 1. 0. 1. 0. 1. 0. 0. 1. 1. 0. 0. 1. 0. 0.],7.0,best,100,1000,100,0.9,0.5,0.9,0.5,0.9,5,0.29,1,7,,problem_solving,10
62,0.003862153711278661,0.162553,0.0036570239987403653,0.748,0.6251346278405147,1.7396471563916187,[0.         0.         0.         0.         0.0154192  0.         0.         0.         0.         0.         0.         0.         0.         0.         0.         0.         0.         0.01499735 0.         0.01178902 0.         0.01178902 0.         0.         0.02066304 0.91326454 0.         0.         0.01207782 0.         0.        ],[0. 0. 0. 0. 1. 0. 0. 0. 0. 0. 0. 0. 0. 0. 0. 0. 0. 1. 0. 1. 0. 1. 0. 0. 1. 1. 0. 0. 1. 0. 0.],7.0,best,100,1000,100,0.9,0.5,0.9,0.5,0.9,5,0.29,1,7,,problem_solving,10
63,0.003862153711278661,0.162553,0.0036570239987403653,0.752,0.6214709477201097,-3.1261451480982245,[0.         0.         0.         0.         0.0154192  0.         0.         0.         0.         0.         0.         0.         0.         0.         0.         0.         0.         0.01499735 0.         0.01178902 0.         0.01178902 0.         0.         0.02066304 0.91326454 0.         0.         0.01207782 0.         0.        ],[0. 0. 0. 0. 1. 0. 0. 0. 0. 0. 0. 0. 0. 0. 0. 0. 0. 1. 0. 1. 0. 1. 0. 0. 1. 1. 0. 0. 1. 0. 0.],7.0,best,100,1000,100,0.9,0.5,0.9,0.5,0.9,5,0.29,1,7,,problem_solving,10
64,0.003862153711278661,0.162553,0.0036570239987403653,0.756,0.6178287390578946,-1.097381086074363,[0.         0.         0.         0.         0.0154192  0.         0.         0.         0.         0.         0.         0.         0.         0.         0.         0.         0.         0.01499735 0.         0.01178902 0.         0.01178902 0.         0.         0.02066304 0.91326454 0.         0.         0.01207782 0.         0.        ],[0. 0. 0. 0. 1. 0. 0. 0. 0. 0. 0. 0. 0. 0. 0. 0. 0. 1. 0. 1. 0. 1. 0. 0. 1. 1. 0. 0. 1. 0. 0.],7.0,best,100,1000,100,0.9,0.5,0.9,0.5,0.9,5,0.29,1,7,,problem_solving,10
65,0.003862153711278661,0.162553,0.0036570239987403653,0.76,0.6142078760176876,-1.8481989518462905,[0.         0.         0.         0.         0.0154192  0.         0.         0.         0.         0.         0.         0.         0.         0.         0.         0.         0.         0.01499735 0.         0.01178902 0.         0.01178902 0.         0.         0.02066304 0.91326454 0.         0.         0.01207782 0.         0.        ],[0. 0. 0. 0. 1. 0. 0. 0. 0. 0. 0. 0. 0. 0. 0. 0. 0. 1. 0. 1. 0. 1. 0. 0. 1. 1. 0. 0. 1. 0. 0.],7.0,best,100,1000,100,0.9,0.5,0.9,0.5,0.9,5,0.29,1,7,,problem_solving,10
66,0.003862153711278661,0.162553,0.0036570239987403653,0.764,0.6106082335007861,-2.703641501048693,[0.         0.         0.         0.         0.0154192  0.         0.         0.         0.         0.         0.         0.         0.         0.         0.         0.         0.         0.01499735 0.         0.01178902 0.         0.01178902 0.         0.         0.02066304 0.91326454 0.         0.         0.01207782 0.         0.        ],[0. 0. 0. 0. 1. 0. 0. 0. 0. 0. 0. 0. 0. 0. 0. 0. 0. 1. 0. 1. 0. 1. 0. 0. 1. 1. 0. 0. 1. 0. 0.],7.0,best,100,1000,100,0.9,0.5,0.9,0.5,0.9,5,0.29,1,7,,problem_solving,10
67,0.003862153711278661,0.162553,0.0036570239987403653,0.768,0.6070296871416437,3.4721058074962627,[0.         0.         0.         0.         0.0154192  0.         0.         0.         0.         0.         0.         0.         0.         0.         0.         0.         0.         0.01499735 0.         0.01178902 0.         0.01178902 0.         0.         0.02066304 0.91326454 0.         0.         0.01207782 0.         0.        ],[0. 0. 0. 0. 1. 0. 0. 0. 0. 0. 0. 0. 0. 0. 0. 0. 0. 1. 0. 1. 0. 1. 0. 0. 1. 1. 0. 0. 1. 0. 0.],7.0,best,100,1000,100,0.9,0.5,0.9,0.5,0.9,5,0.29,1,7,,problem_solving,10
68,0.003862153711278661,0.162553,0.0036570239987403653,0.772,0.6034721133035746,1.6017515756551097,[0.         0.         0.         0.         0.0154192  0.         0.         0.         0.         0.         0.         0.         0.         0.         0.         0.         0.         0.01499735 0.         0.01178902 0.         0.01178902 0.         0.         0.02066304 0.91326454 0.         0.         0.01207782 0.         0.        ],[0. 0. 0. 0. 1. 0. 0. 0. 0. 0. 0. 0. 0. 0. 0. 0. 0. 1. 0. 1. 0. 1. 0. 0. 1. 1. 0. 0. 1. 0. 0.],7.0,best,100,1000,100,0.9,0.5,0.9,0.5,0.9,5,0.29,1,7,,problem_solving,10
69,0.003862153711278661,0.162553,0.0036570239987403653,0.776,0.5999353890744809,3.4500135046815976,[0.         0.         0.         0.         0.0154192  0.         0.         0.         0.         0.         0.         0.         0.         0.         0.         0.         0.         0.01499735 0.         0.01178902 0.         0.01178902 0.         0.         0.02066304 0.91326454 0.         0.         0.01207782 0.         0.        ],[0. 0. 0. 0. 1. 0. 0. 0. 0. 0. 0. 0. 0. 0. 0. 0. 0. 1. 0. 1. 0. 1. 0. 0. 1. 1. 0. 0. 1. 0. 0.],7.0,best,100,1000,100,0.9,0.5,0.9,0.5,0.9,5,0.29,1,7,,problem_solving,10
70,0.003862153711278661,0.162553,0.0036570239987403653,0.78,0.5964193922626064,5.621586329805512,[0.         0.         0.         0.         0.0154192  0.         0.         0.         0.         0.         0.         0.         0.         0.         0.         0.         0.         0.01499735 0.         0.01178902 0.         0.01178902 0.         0.         0.02066304 0.91326454 0.         0.         0.01207782 0.         0.        ],[0. 0. 0. 0. 1. 0. 0. 0. 0. 0. 0. 0. 0. 0. 0. 0. 0. 1. 0. 1. 0. 1. 0. 0. 1. 1. 0. 0. 1. 0. 0.],7.0,best,100,1000,100,0.9,0.5,0.9,0.5,0.9,5,0.29,1,7,,problem_solving,10
71,0.003862153711278661,0.162553,0.0036570239987403653,0.784,0.5929240013923155,1.3434862046089906,[0.         0.         0.         0.         0.0154192  0.         0.         0.         0.         0.         0.         0.         0.         0.         0.         0.         0.         0.01499735 0.         0.01178902 0.         0.01178902 0.         0.         0.02066304 0.91326454 0.         0.         0.01207782 0.         0.        ],[0. 0. 0. 0. 1. 0. 0. 0. 0. 0. 0. 0. 0. 0. 0. 0. 0. 1. 0. 1. 0. 1. 0. 0. 1. 1. 0. 0. 1. 0. 0.],7.0,best,100,1000,100,0.9,0.5,0.9,0.5,0.9,5,0.29,1,7,,problem_solving,10
72,0.003862153711278661,0.162553,0.0036570239987403653,0.788,0.5894490956998952,-2.8755256995516,[0.         0.         0.         0.         0.0154192  0.         0.         0.         0.         0.         0.         0.         0.         0.         0.         0.         0.         0.01499735 0.         0.01178902 0.         0.01178902 0.         0.         0.02066304 0.91326454 0.         0.         0.01207782 0.         0.        ],[0. 0. 0. 0. 1. 0. 0. 0. 0. 0. 0. 0. 0. 0. 0. 0. 0. 1. 0. 1. 0. 1. 0. 0. 1. 1. 0. 0. 1. 0. 0.],7.0,best,100,1000,100,0.9,0.5,0.9,0.5,0.9,5,0.29,1,7,,problem_solving,10
73,0.003862153711278661,0.162553,0.0036570239987403653,0.792,0.5859945551293841,1.9458361205171189,[0.         0.         0.         0.         0.0154192  0.         0.         0.         0.         0.         0.         0.         0.         0.         0.         0.         0.         0.01499735 0.         0.01178902 0.         0.01178902 0.         0.         0.02066304 0.91326454 0.         0.         0.01207782 0.         0.        ],[0. 0. 0. 0. 1. 0. 0. 0. 0. 0. 0. 0. 0. 0. 0. 0. 0. 1. 0. 1. 0. 1. 0. 0. 1. 1. 0. 0. 1. 0. 0.],7.0,best,100,1000,100,0.9,0.5,0.9,0.5,0.9,5,0.29,1,7,,problem_solving,10
74,0.003862153711278661,0.162553,0.0036570239987403653,0.796,0.5825602603284237,-2.6494470471641236,[0.         0.         0.         0.         0.0154192  0.         0.         0.         0.         0.         0.         0.         0.         0.         0.         0.         0.         0.01499735 0.         0.01178902 0.         0.01178902 0.         0.         0.02066304 0.91326454 0.         0.         0.01207782 0.         0.        ],[0. 0. 0. 0. 1. 0. 0. 0. 0. 0. 0. 0. 0. 0. 0. 0. 0. 1. 0. 1. 0. 1. 0. 0. 1. 1. 0. 0. 1. 0. 0.],7.0,best,100,1000,100,0.9,0.5,0.9,0.5,0.9,5,0.29,1,7,,problem_solving,10
75,0.003862153711278661,0.162553,0.0036570239987403653,0.8,0.5791460926441345,-2.185912113329168,[0.         0.         0.         0.         0.0154192  0.         0.         0.         0.         0.         0.         0.         0.         0.         0.         0.         0.         0.01499735 0.         0.01178902 0.         0.01178902 0.         0.         0.02066304 0.91326454 0.         0.         0.01207782 0.         0.        ],[0. 0. 0. 0. 1. 0. 0. 0. 0. 0. 0. 0. 0. 0. 0. 0. 0. 1. 0. 1. 0. 1. 0. 0. 1. 1. 0. 0. 1. 0. 0.],7.0,best,100,1000,100,0.9,0.5,0.9,0.5,0.9,5,0.29,1,7,,problem_solving,10
76,0.003862153711278661,0.162553,0.0036570239987403653,0.804,0.5757519341190179,-5.377496492892266,[0.         0.         0.         0.         0.0154192  0.         0.         0.         0.         0.         0.         0.         0.         0.         0.         0.         0.         0.01499735 0.         0.01178902 0.         0.01178902 0.         0.         0.02066304 0.91326454 0.         0.         0.01207782 0.         0.        ],[0. 0. 0. 0. 1. 0. 0. 0. 0. 0. 0. 0. 0. 0. 0. 0. 0. 1. 0. 1. 0. 1. 0. 0. 1. 1. 0. 0. 1. 0. 0.],7.0,best,100,1000,100,0.9,0.5,0.9,0.5,0.9,5,0.29,1,7,,problem_solving,10
77,0.003862153711278661,0.162553,0.0036570239987403653,0.808,0.5723776674868795,0.8713958799988171,[0.         0.         0.         0.         0.0154192  0.         0.         0.         0.         0.         0.         0.         0.         0.         0.         0.         0.         0.01499735 0.         0.01178902 0.         0.01178902 0.         0.         0.02066304 0.91326454 0.         0.         0.01207782 0.         0.        ],[0. 0. 0. 0. 1. 0. 0. 0. 0. 0. 0. 0. 0. 0. 0. 0. 0. 1. 0. 1. 0. 1. 0. 0. 1. 1. 0. 0. 1. 0. 0.],7.0,best,100,1000,100,0.9,0.5,0.9,0.5,0.9,5,0.29,1,7,,problem_solving,10
78,0.003862153711278661,0.162553,0.0036570239987403653,0.812,0.5690231761687783,-0.7917644035454585,[0.         0.         0.         0.         0.0154192  0.         0.         0.         0.         0.         0.         0.         0.         0.         0.         0.         0.         0.01499735 0.         0.01178902 0.         0.01178902 0.         0.         0.02066304 0.91326454 0.         0.         0.01207782 0.         0.        ],[0. 0. 0. 0. 1. 0. 0. 0. 0. 0. 0. 0. 0. 0. 0. 0. 0. 1. 0. 1. 0. 1. 0. 0. 1. 1. 0. 0. 1. 0. 0.],7.0,best,100,1000,100,0.9,0.5,0.9,0.5,0.9,5,0.29,1,7,,problem_solving,10
79,0.003862153711278661,0.162553,0.0036570239987403653,0.8160000000000001,0.5656883442689988,0.3198765813676246,[0.         0.         0.         0.         0.0154192  0.         0.         0.         0.         0.         0.         0.         0.         0.         0.         0.         0.         0.01499735 0.         0.01178902 0.         0.01178902 0.         0.         0.02066304 0.91326454 0.         0.         0.01207782 0.         0.        ],[0. 0. 0. 0. 1. 0. 0. 0. 0. 0. 0. 0. 0. 0. 0. 0. 0. 1. 0. 1. 0. 1. 0. 0. 1. 1. 0. 0. 1. 0. 0.],7.0,best,100,1000,100,0.9,0.5,0.9,0.5,0.9,5,0.29,1,7,,problem_solving,10
80,0.003862153711278661,0.162553,0.0036570239987403653,0.8200000000000001,0.5623730565710474,3.2563698112827733,[0.         0.         0.         0.         0.0154192  0.         0.         0.         0.         0.         0.         0.         0.         0.         0.         0.         0.         0.01499735 0.         0.01178902 0.         0.01178902 0.         0.         0.02066304 0.91326454 0.         0.         0.01207782 0.         0.        ],[0. 0. 0. 0. 1. 0. 0. 0. 0. 0. 0. 0. 0. 0. 0. 0. 0. 1. 0. 1. 0. 1. 0. 0. 1. 1. 0. 0. 1. 0. 0.],7.0,best,100,1000,100,0.9,0.5,0.9,0.5,0.9,5,0.29,1,7,,problem_solving,10
81,0.003862153711278661,0.162553,0.0036570239987403653,0.8240000000000001,0.5590771985336705,-3.39681451189822,[0.         0.         0.         0.         0.0154192  0.         0.         0.         0.         0.         0.         0.         0.         0.         0.         0.         0.         0.01499735 0.         0.01178902 0.         0.01178902 0.         0.         0.02066304 0.91326454 0.         0.         0.01207782 0.         0.        ],[0. 0. 0. 0. 1. 0. 0. 0. 0. 0. 0. 0. 0. 0. 0. 0. 0. 1. 0. 1. 0. 1. 0. 0. 1. 1. 0. 0. 1. 0. 0.],7.0,best,100,1000,100,0.9,0.5,0.9,0.5,0.9,5,0.29,1,7,,problem_solving,10
82,0.003862153711278661,0.162553,0.0036570239987403653,0.8280000000000001,0.5558006562868987,0.11206437792523344,[0.         0.         0.         0.         0.0154192  0.         0.         0.         0.         0.         0.         0.         0.         0.         0.         0.         0.         0.01499735 0.         0.01178902 0.         0.01178902 0.         0.         0.02066304 0.91326454 0.         0.         0.01207782 0.         0.        ],[0. 0. 0. 0. 1. 0. 0. 0. 0. 0. 0. 0. 0. 0. 0. 0. 0. 1. 0. 1. 0. 1. 0. 0. 1. 1. 0. 0. 1. 0. 0.],7.0,best,100,1000,100,0.9,0.5,0.9,0.5,0.9,5,0.29,1,7,,problem_solving,10
83,0.003862153711278661,0.162553,0.0036570239987403653,0.8320000000000001,0.5525433166281111,-2.954187876995361,[0.         0.         0.         0.         0.0154192  0.         0.         0.         0.         0.         0.         0.         0.         0.         0.         0.         0.         0.01499735 0.         0.01178902 0.         0.01178902 0.         0.         0.02066304 0.91326454 0.         0.         0.01207782 0.         0.        ],[0. 0. 0. 0. 1. 0. 0. 0. 0. 0. 0. 0. 0. 0. 0. 0. 0. 1. 0. 1. 0. 1. 0. 0. 1. 1. 0. 0. 1. 0. 0.],7.0,best,100,1000,100,0.9,0.5,0.9,0.5,0.9,5,0.29,1,7,,problem_solving,10
84,0.003862153711278661,0.162553,0.0036570239987403653,0.8360000000000001,0.5493050670181254,-0.09719003563257335,[0.         0.         0.         0.         0.0154192  0.         0.         0.         0.         0.         0.         0.         0.         0.         0.         0.         0.         0.01499735 0.         0.01178902 0.         0.01178902 0.         0.         0.02066304 0.91326454 0.         0.         0.01207782 0.         0.        ],[0. 0. 0. 0. 1. 0. 0. 0. 0. 0. 0. 0. 0. 0. 0. 0. 0. 1. 0. 1. 0. 1. 0. 0. 1. 1. 0. 0. 1. 0. 0.],7.0,best,100,1000,100,0.9,0.5,0.9,0.5,0.9,5,0.29,1,7,,problem_solving,10
85,0.003862153711278661,0.162553,0.0036570239987403653,0.8400000000000001,0.5460857955773096,-3.9515245038377387,[0.         0.         0.         0.         0.0154192  0.         0.         0.         0.         0.         0.         0.         0.         0.         0.         0.         0.         0.01499735 0.         0.01178902 0.         0.01178902 0.         0.         0.02066304 0.91326454 0.         0.         0.01207782 0.         0.        ],[0. 0. 0. 0. 1. 0. 0. 0. 0. 0. 0. 0. 0. 0. 0. 0. 0. 1. 0. 1. 0. 1. 0. 0. 1. 1. 0. 0. 1. 0. 0.],7.0,best,100,1000,100,0.9,0.5,0.9,0.5,0.9,5,0.29,1,7,,problem_solving,10
86,0.003862153711278661,0.162553,0.0036570239987403653,0.8440000000000001,0.542885391081716,-4.521969498030681,[0.         0.         0.         0.         0.0154192  0.         0.         0.         0.         0.         0.         0.         0.         0.         0.         0.         0.         0.01499735 0.         0.01178902 0.         0.01178902 0.         0.         0.02066304 0.91326454 0.         0.         0.01207782 0.         0.        ],[0. 0. 0. 0. 1. 0. 0. 0. 0. 0. 0. 0. 0. 0. 0. 0. 0. 1. 0. 1. 0. 1. 0. 0. 1. 1. 0. 0. 1. 0. 0.],7.0,best,100,1000,100,0.9,0.5,0.9,0.5,0.9,5,0.29,1,7,,problem_solving,10
87,0.003862153711278661,0.162553,0.0036570239987403653,0.8480000000000001,0.5397037429592386,-2.192827287615584,[0.         0.         0.         0.         0.0154192  0.         0.         0.         0.         0.         0.         0.         0.         0.         0.         0.         0.         0.01499735 0.         0.01178902 0.         0.01178902 0.         0.         0.02066304 0.91326454 0.         0.         0.01207782 0.         0.        ],[0. 0. 0. 0. 1. 0. 0. 0. 0. 0. 0. 0. 0. 0. 0. 0. 0. 1. 0. 1. 0. 1. 0. 0. 1. 1. 0. 0. 1. 0. 0.],7.0,best,100,1000,100,0.9,0.5,0.9,0.5,0.9,5,0.29,1,7,,problem_solving,10
88,0.003862153711278661,0.162553,0.0036570239987403653,0.852,0.5365407412857937,-2.0283540810366536,[0.         0.         0.         0.         0.0154192  0.         0.         0.         0.         0.         0.         0.         0.         0.         0.         0.         0.         0.01499735 0.         0.01178902 0.         0.01178902 0.         0.         0.02066304 0.91326454 0.         0.         0.01207782 0.         0.        ],[0. 0. 0. 0. 1. 0. 0. 0. 0. 0. 0. 0. 0. 0. 0. 0. 0. 1. 0. 1. 0. 1. 0. 0. 1. 1. 0. 0. 1. 0. 0.],7.0,best,100,1000,100,0.9,0.5,0.9,0.5,0.9,5,0.29,1,7,,problem_solving,10
89,0.003862153711278661,0.162553,0.0036570239987403653,0.856,0.5333962767815211,-1.9185182971647883,[0.         0.         0.         0.         0.0154192  0.         0.         0.         0.         0.         0.         0.         0.         0.         0.         0.         0.         0.01499735 0.         0.01178902 0.         0.01178902 0.         0.         0.02066304 0.91326454 0.         0.         0.01207782 0.         0.        ],[0. 0. 0. 0. 1. 0. 0. 0. 0. 0. 0. 0. 0. 0. 0. 0. 0. 1. 0. 1. 0. 1. 0. 0. 1. 1. 0. 0. 1. 0. 0.],7.0,best,100,1000,100,0.9,0.5,0.9,0.5,0.9,5,0.29,1,7,,problem_solving,10
90,0.003862153711278661,0.162553,0.0036570239987403653,0.86,0.5302702408070095,1.693789352054453,[0.         0.         0.         0.         0.0154192  0.         0.         0.         0.         0.         0.         0.         0.         0.         0.         0.         0.         0.01499735 0.         0.01178902 0.         0.01178902 0.         0.         0.02066304 0.91326454 0.         0.         0.01207782 0.         0.        ],[0. 0. 0. 0. 1. 0. 0. 0. 0. 0. 0. 0. 0. 0. 0. 0. 0. 1. 0. 1. 0. 1. 0. 0. 1. 1. 0. 0. 1. 0. 0.],7.0,best,100,1000,100,0.9,0.5,0.9,0.5,0.9,5,0.29,1,7,,problem_solving,10
91,0.003862153711278661,0.162553,0.0036570239987403653,0.864,0.5271625253595416,-3.3963212726303555,[0.         0.         0.         0.         0.0154192  0.         0.         0.         0.         0.         0.         0.         0.         0.         0.         0.         0.         0.01499735 0.         0.01178902 0.         0.01178902 0.         0.         0.02066304 0.91326454 0.         0.         0.01207782 0.         0.        ],[0. 0. 0. 0. 1. 0. 0. 0. 0. 0. 0. 0. 0. 0. 0. 0. 0. 1. 0. 1. 0. 1. 0. 0. 1. 1. 0. 0. 1. 0. 0.],7.0,best,100,1000,100,0.9,0.5,0.9,0.5,0.9,5,0.29,1,7,,problem_solving,10
92,0.003862153711278661,0.162553,0.0036570239987403653,0.868,0.5240730230693645,2.4251425169918344,[0.         0.         0.         0.         0.0154192  0.         0.         0.         0.         0.         0.         0.         0.         0.         0.         0.         0.         0.01499735 0.         0.01178902 0.         0.01178902 0.         0.         0.02066304 0.91326454 0.         0.         0.01207782 0.         0.        ],[0. 0. 0. 0. 1. 0. 0. 0. 0. 0. 0. 0. 0. 0. 0. 0. 0. 1. 0. 1. 0. 1. 0. 0. 1. 1. 0. 0. 1. 0. 0.],7.0,best,100,1000,100,0.9,0.5,0.9,0.5,0.9,5,0.29,1,7,,problem_solving,10
93,0.003862153711278661,0.162553,0.0036570239987403653,0.872,0.5210016271959791,-0.08657720382888226,[0.         0.         0.         0.         0.0154192  0.         0.         0.         0.         0.         0.         0.         0.         0.         0.         0.         0.         0.01499735 0.         0.01178902 0.         0.01178902 0.         0.         0.02066304 0.91326454 0.         0.         0.01207782 0.         0.        ],[0. 0. 0. 0. 1. 0. 0. 0. 0. 0. 0. 0. 0. 0. 0. 0. 0. 1. 0. 1. 0. 1. 0. 0. 1. 1. 0. 0. 1. 0. 0.],7.0,best,100,1000,100,0.9,0.5,0.9,0.5,0.9,5,0.29,1,7,,problem_solving,10
94,0.003862153711278661,0.162553,0.0036570239987403653,0.876,0.5179482316244518,2.7580794573579714,[0.         0.         0.         0.         0.0154192  0.         0.         0.         0.         0.         0.         0.         0.         0.         0.         0.         0.         0.01499735 0.         0.01178902 0.         0.01178902 0.         0.         0.02066304 0.91326454 0.         0.         0.01207782 0.         0.        ],[0. 0. 0. 0. 1. 0. 0. 0. 0. 0. 0. 0. 0. 0. 0. 0. 0. 1. 0. 1. 0. 1. 0. 0. 1. 1. 0. 0. 1. 0. 0.],7.0,best,100,1000,100,0.9,0.5,0.9,0.5,0.9,5,0.29,1,7,,problem_solving,10
95,0.003862153711278661,0.162553,0.0036570239987403653,0.88,0.5149127308617497,4.526394065641726,[0.         0.         0.         0.         0.0154192  0.         0.         0.         0.         0.         0.         0.         0.         0.         0.         0.         0.         0.01499735 0.         0.01178902 0.         0.01178902 0.         0.         0.02066304 0.91326454 0.         0.         0.01207782 0.         0.        ],[0. 0. 0. 0. 1. 0. 0. 0. 0. 0. 0. 0. 0. 0. 0. 0. 0. 1. 0. 1. 0. 1. 0. 0. 1. 1. 0. 0. 1. 0. 0.],7.0,best,100,1000,100,0.9,0.5,0.9,0.5,0.9,5,0.29,1,7,,problem_solving,10
96,0.003862153711278661,0.162553,0.0036570239987403653,0.884,0.5118950200330946,2.6093524008314812,[0.         0.         0.         0.         0.0154192  0.         0.         0.         0.         0.         0.         0.         0.         0.         0.         0.         0.         0.01499735 0.         0.01178902 0.         0.01178902 0.         0.         0.02066304 0.91326454 0.         0.         0.01207782 0.         0.        ],[0. 0. 0. 0. 1. 0. 0. 0. 0. 0. 0. 0. 0. 0. 0. 0. 0. 1. 0. 1. 0. 1. 0. 0. 1. 1. 0. 0. 1. 0. 0.],7.0,best,100,1000,100,0.9,0.5,0.9,0.5,0.9,5,0.29,1,7,,problem_solving,10
97,0.003862153711278661,0.162553,0.0036570239987403653,0.888,0.5088949948783402,2.2904089855288157,[0.         0.         0.         0.         0.0154192  0.         0.         0.         0.         0.         0.         0.         0.         0.         0.         0.         0.         0.01499735 0.         0.01178902 0.         0.01178902 0.         0.         0.02066304 0.91326454 0.         0.         0.01207782 0.         0.        ],[0. 0. 0. 0. 1. 0. 0. 0. 0. 0. 0. 0. 0. 0. 0. 0. 0. 1. 0. 1. 0. 1. 0. 0. 1. 1. 0. 0. 1. 0. 0.],7.0,best,100,1000,100,0.9,0.5,0.9,0.5,0.9,5,0.29,1,7,,problem_solving,10
98,0.003862153711278661,0.162553,0.0036570239987403653,0.892,0.5059125517483702,-0.247096562624408,[0.         0.         0.         0.         0.0154192  0.         0.         0.         0.         0.         0.         0.         0.         0.         0.         0.         0.         0.01499735 0.         0.01178902 0.         0.01178902 0.         0.         0.02066304 0.91326454 0.         0.         0.01207782 0.         0.        ],[0. 0. 0. 0. 1. 0. 0. 0. 0. 0. 0. 0. 0. 0. 0. 0. 0. 1. 0. 1. 0. 1. 0. 0. 1. 1. 0. 0. 1. 0. 0.],7.0,best,100,1000,100,0.9,0.5,0.9,0.5,0.9,5,0.29,1,7,,problem_solving,10
99,0.003862153711278661,0.162553,0.0036570239987403653,0.896,0.5029475876015165,-1.238205988808726,[0.         0.         0.         0.         0.0154192  0.         0.         0.         0.         0.         0.         0.         0.         0.         0.         0.         0.         0.01499735 0.         0.01178902 0.         0.01178902 0.         0.         0.02066304 0.91326454 0.         0.         0.01207782 0.         0.        ],[0. 0. 0. 0. 1. 0. 0. 0. 0. 0. 0. 0. 0. 0. 0. 0. 0. 1. 0. 1. 0. 1. 0. 0. 1. 1. 0. 0. 1. 0. 0.],7.0,best,100,1000,100,0.9,0.5,0.9,0.5,0.9,5,0.29,1,7,,problem_solving,10
