iter,cost,risk,return,par,bw,move,X,Z,Q,pop_init,max_iter,pop_size,mem_size,mem_consider,par_min,par_max,bw_min,bw_max,sigma,lambda,port_n,k,seed,tag,local_search
1,0.03963676218258337,0.142229,0.00489966884436001,0.50004,0.8999471007548476,0.6155542361759074,[0.         0.         0.         0.         0.         0.         0.         0.01381221 0.         0.         0.         0.01271052 0.01163222 0.         0.         0.         0.         0.01225334 0.01442828 0.         0.01194775 0.         0.         0.         0.         0.89901459 0.         0.01194775 0.01225334 0.         0.        ],[0. 0. 0. 0. 0. 0. 0. 1. 0. 0. 0. 1. 1. 0. 0. 0. 0. 1. 1. 0. 1. 0. 0. 0. 0. 1. 0. 1. 1. 0. 0.],9.0,best,10000,100000,100,0.9,0.5,0.9,0.5,0.9,5,0.76,1,9,,problem_solving,10
100,0.016273221276225984,0.131243,0.004389866967214532,0.504,0.894725436791504,-2.46855827758122,[0.         0.         0.         0.01125195 0.90659657 0.         0.         0.         0.         0.         0.0108507  0.         0.01188798 0.         0.         0.01123251 0.         0.         0.         0.         0.01296057 0.         0.         0.         0.         0.01099698 0.         0.01337203 0.         0.         0.0108507 ],[0. 0. 0. 1. 1. 0. 0. 0. 0. 0. 1. 0. 1. 0. 0. 1. 0. 0. 0. 0. 1. 0. 0. 0. 0. 1. 0. 1. 0. 0. 1.],9.0,best,10000,100000,100,0.9,0.5,0.9,0.5,0.9,5,0.76,1,9,,problem_solving,10
200,0.016273221276225984,0.131243,0.004389866967214532,0.508,0.8894817858241639,4.153693080272633,[0.         0.         0.         0.01125195 0.90659657 0.         0.         0.         0.         0.         0.0108507  0.         0.01188798 0.         0.         0.01123251 0.         0.         0.         0.         0.01296057 0.         0.         0.         0.         0.01099698 0.         0.01337203 0.         0.         0.0108507 ],[0. 0. 0. 1. 1. 0. 0. 0. 0. 0. 1. 0. 1. 0. 0. 1. 0. 0. 0. 0. 1. 0. 0. 0. 0. 1. 0. 1. 0. 0. 1.],9.0,best,10000,100000,100,0.9,0.5,0.9,0.5,0.9,5,0.76,1,9,,problem_solving,10
300,0.016273221276225984,0.131243,0.004389866967214532,0.512,0.8842688659329022,5.929172453040927,[0.         0.         0.         0.01125195 0.90659657 0.         0.         0.         0.         0.         0.0108507  0.         0.01188798 0.         0.         0.01123251 0.         0.         0.         0.         0.01296057 0.         0.         0.         0.         0.01099698 0.         0.01337203 0.         0.         0.0108507 ],[0. 0. 0. 1. 1. 0. 0. 0. 0. 0. 1. 0. 1. 0. 0. 1. 0. 0. 0. 0. 1. 0. 0. 0. 0. 1. 0. 1. 0. 0. 1.],9.0,best,10000,100000,100,0.9,0.5,0.9,0.5,0.9,5,0.76,1,9,,problem_solving,10
400,0.016273221276225984,0.131243,0.004389866967214532,0.516,0.879086497014382,4.302011375509037,[0.         0.         0.         0.01125195 0.90659657 0.         0.         0.         0.         0.         0.0108507  0.         0.01188798 0.         0.         0.01123251 0.         0.         0.         0.         0.01296057 0.         0.         0.         0.         0.01099698 0.         0.01337203 0.         0.         0.0108507 ],[0. 0. 0. 1. 1. 0. 0. 0. 0. 0. 1. 0. 1. 0. 0. 1. 0. 0. 0. 0. 1. 0. 0. 0. 0. 1. 0. 1. 0. 0. 1.],9.0,best,10000,100000,100,0.9,0.5,0.9,0.5,0.9,5,0.76,1,9,,problem_solving,10
500,0.016273221276225984,0.131243,0.004389866967214532,0.52,0.8739345000207845,-0.5203462997139692,[0.         0.         0.         0.01125195 0.90659657 0.         0.         0.         0.         0.         0.0108507  0.         0.01188798 0.         0.         0.01123251 0.         0.         0.         0.         0.01296057 0.         0.         0.         0.         0.01099698 0.         0.01337203 0.         0.         0.0108507 ],[0. 0. 0. 1. 1. 0. 0. 0. 0. 0. 1. 0. 1. 0. 0. 1. 0. 0. 0. 0. 1. 0. 0. 0. 0. 1. 0. 1. 0. 0. 1.],9.0,best,10000,100000,100,0.9,0.5,0.9,0.5,0.9,5,0.76,1,9,,problem_solving,10
600,0.016273221276225984,0.131243,0.004389866967214532,0.524,0.8688126969536234,3.3539122789985876,[0.         0.         0.         0.01125195 0.90659657 0.         0.         0.         0.         0.         0.0108507  0.         0.01188798 0.         0.         0.01123251 0.         0.         0.         0.         0.01296057 0.         0.         0.         0.         0.01099698 0.         0.01337203 0.         0.         0.0108507 ],[0. 0. 0. 1. 1. 0. 0. 0. 0. 0. 1. 0. 1. 0. 0. 1. 0. 0. 0. 0. 1. 0. 0. 0. 0. 1. 0. 1. 0. 0. 1.],9.0,best,10000,100000,100,0.9,0.5,0.9,0.5,0.9,5,0.76,1,9,,problem_solving,10
700,0.016273221276225984,0.131243,0.004389866967214532,0.528,0.8637209108575947,0.6621972796281351,[0.         0.         0.         0.01125195 0.90659657 0.         0.         0.         0.         0.         0.0108507  0.         0.01188798 0.         0.         0.01123251 0.         0.         0.         0.         0.01296057 0.         0.         0.         0.         0.01099698 0.         0.01337203 0.         0.         0.0108507 ],[0. 0. 0. 1. 1. 0. 0. 0. 0. 0. 1. 0. 1. 0. 0. 1. 0. 0. 0. 0. 1. 0. 0. 0. 0. 1. 0. 1. 0. 0. 1.],9.0,best,10000,100000,100,0.9,0.5,0.9,0.5,0.9,5,0.76,1,9,,problem_solving,10
800,0.016273221276225984,0.131243,0.004389866967214532,0.532,0.8586589658144633,0.5163209077068301,[0.         0.         0.         0.01125195 0.90659657 0.         0.         0.         0.         0.         0.0108507  0.         0.01188798 0.         0.         0.01123251 0.         0.         0.         0.         0.01296057 0.         0.         0.         0.         0.01099698 0.         0.01337203 0.         0.         0.0108507 ],[0. 0. 0. 1. 1. 0. 0. 0. 0. 0. 1. 0. 1. 0. 0. 1. 0. 0. 0. 0. 1. 0. 0. 0. 0. 1. 0. 1. 0. 0. 1.],9.0,best,10000,100000,100,0.9,0.5,0.9,0.5,0.9,5,0.76,1,9,,problem_solving,10
900,0.016273221276225984,0.131243,0.004389866967214532,0.536,0.8536266869369854,1.1009353253905227,[0.         0.         0.         0.01125195 0.90659657 0.         0.         0.         0.         0.         0.0108507  0.         0.01188798 0.         0.         0.01123251 0.         0.         0.         0.         0.01296057 0.         0.         0.         0.         0.01099698 0.         0.01337203 0.         0.         0.0108507 ],[0. 0. 0. 1. 1. 0. 0. 0. 0. 0. 1. 0. 1. 0. 0. 1. 0. 0. 0. 0. 1. 0. 0. 0. 0. 1. 0. 1. 0. 0. 1.],9.0,best,10000,100000,100,0.9,0.5,0.9,0.5,0.9,5,0.76,1,9,,problem_solving,10
1000,0.016273221276225984,0.131243,0.004389866967214532,0.54,0.8486239003628652,-2.615501183015229,[0.         0.         0.         0.01125195 0.90659657 0.         0.         0.         0.         0.         0.0108507  0.         0.01188798 0.         0.         0.01123251 0.         0.         0.         0.         0.01296057 0.         0.         0.         0.         0.01099698 0.         0.01337203 0.         0.         0.0108507 ],[0. 0. 0. 1. 1. 0. 0. 0. 0. 0. 1. 0. 1. 0. 0. 1. 0. 0. 0. 0. 1. 0. 0. 0. 0. 1. 0. 1. 0. 0. 1.],9.0,best,10000,100000,100,0.9,0.5,0.9,0.5,0.9,5,0.76,1,9,,problem_solving,10
1100,0.016273221276225984,0.131243,0.004389866967214532,0.544,0.8436504332487491,4.28060545451787,[0.         0.         0.         0.01125195 0.90659657 0.         0.         0.         0.         0.         0.0108507  0.         0.01188798 0.         0.         0.01123251 0.         0.         0.         0.         0.01296057 0.         0.         0.         0.         0.01099698 0.         0.01337203 0.         0.         0.0108507 ],[0. 0. 0. 1. 1. 0. 0. 0. 0. 0. 1. 0. 1. 0. 0. 1. 0. 0. 0. 0. 1. 0. 0. 0. 0. 1. 0. 1. 0. 0. 1.],9.0,best,10000,100000,100,0.9,0.5,0.9,0.5,0.9,5,0.76,1,9,,problem_solving,10
1200,0.016273221276225984,0.131243,0.004389866967214532,0.548,0.838706113764254,0.12254048993349823,[0.         0.         0.         0.01125195 0.90659657 0.         0.         0.         0.         0.         0.0108507  0.         0.01188798 0.         0.         0.01123251 0.         0.         0.         0.         0.01296057 0.         0.         0.         0.         0.01099698 0.         0.01337203 0.         0.         0.0108507 ],[0. 0. 0. 1. 1. 0. 0. 0. 0. 0. 1. 0. 1. 0. 0. 1. 0. 0. 0. 0. 1. 0. 0. 0. 0. 1. 0. 1. 0. 0. 1.],9.0,best,10000,100000,100,0.9,0.5,0.9,0.5,0.9,5,0.76,1,9,,problem_solving,10
1300,0.016273221276225984,0.131243,0.004389866967214532,0.552,0.83379077108603,-0.25378699091426143,[0.         0.         0.         0.01125195 0.90659657 0.         0.         0.         0.         0.         0.0108507  0.         0.01188798 0.         0.         0.01123251 0.         0.         0.         0.         0.01296057 0.         0.         0.         0.         0.01099698 0.         0.01337203 0.         0.         0.0108507 ],[0. 0. 0. 1. 1. 0. 0. 0. 0. 0. 1. 0. 1. 0. 0. 1. 0. 0. 0. 0. 1. 0. 0. 0. 0. 1. 0. 1. 0. 0. 1.],9.0,best,10000,100000,100,0.9,0.5,0.9,0.5,0.9,5,0.76,1,9,,problem_solving,10
1400,0.016273221276225984,0.131243,0.004389866967214532,0.556,0.828904235391859,0.3764554753433844,[0.         0.         0.         0.01125195 0.90659657 0.         0.         0.         0.         0.         0.0108507  0.         0.01188798 0.         0.         0.01123251 0.         0.         0.         0.         0.01296057 0.         0.         0.         0.         0.01099698 0.         0.01337203 0.         0.         0.0108507 ],[0. 0. 0. 1. 1. 0. 0. 0. 0. 0. 1. 0. 1. 0. 0. 1. 0. 0. 0. 0. 1. 0. 0. 0. 0. 1. 0. 1. 0. 0. 1.],9.0,best,10000,100000,100,0.9,0.5,0.9,0.5,0.9,5,0.76,1,9,,problem_solving,10
1500,0.016273221276225984,0.131243,0.004389866967214532,0.56,0.8240463378547873,5.968328507223489,[0.         0.         0.         0.01125195 0.90659657 0.         0.         0.         0.         0.         0.0108507  0.         0.01188798 0.         0.         0.01123251 0.         0.         0.         0.         0.01296057 0.         0.         0.         0.         0.01099698 0.         0.01337203 0.         0.         0.0108507 ],[0. 0. 0. 1. 1. 0. 0. 0. 0. 0. 1. 0. 1. 0. 0. 1. 0. 0. 0. 0. 1. 0. 0. 0. 0. 1. 0. 1. 0. 0. 1.],9.0,best,10000,100000,100,0.9,0.5,0.9,0.5,0.9,5,0.76,1,9,,problem_solving,10
1600,0.016114277391784726,0.138882,0.004357975726359127,0.5640000000000001,0.8192169106372932,-8.489768928754813,[0.         0.         0.01107249 0.         0.         0.         0.         0.         0.01265766 0.         0.         0.         0.01133252 0.         0.         0.01107249 0.         0.         0.01149657 0.         0.         0.         0.         0.01107249 0.01143857 0.90845402 0.         0.01140318 0.         0.         0.        ],[0. 0. 1. 0. 0. 0. 0. 0. 1. 0. 0. 0. 1. 0. 0. 1. 0. 0. 1. 0. 0. 0. 0. 1. 1. 1. 0. 1. 0. 0. 0.],9.0,best,10000,100000,100,0.9,0.5,0.9,0.5,0.9,5,0.76,1,9,,problem_solving,10
1700,0.016114277391784726,0.138882,0.004357975726359127,0.5680000000000001,0.8144157868854872,-1.5192863693785592,[0.         0.         0.01107249 0.         0.         0.         0.         0.         0.01265766 0.         0.         0.         0.01133252 0.         0.         0.01107249 0.         0.         0.01149657 0.         0.         0.         0.         0.01107249 0.01143857 0.90845402 0.         0.01140318 0.         0.         0.        ],[0. 0. 1. 0. 0. 0. 0. 0. 1. 0. 0. 0. 1. 0. 0. 1. 0. 0. 1. 0. 0. 0. 0. 1. 1. 1. 0. 1. 0. 0. 0.],9.0,best,10000,100000,100,0.9,0.5,0.9,0.5,0.9,5,0.76,1,9,,problem_solving,10
1800,0.016114277391784726,0.138882,0.004357975726359127,0.5720000000000001,0.8096428007233489,2.098841469969763,[0.         0.         0.01107249 0.         0.         0.         0.         0.         0.01265766 0.         0.         0.         0.01133252 0.         0.         0.01107249 0.         0.         0.01149657 0.         0.         0.         0.         0.01107249 0.01143857 0.90845402 0.         0.01140318 0.         0.         0.        ],[0. 0. 1. 0. 0. 0. 0. 0. 1. 0. 0. 0. 1. 0. 0. 1. 0. 0. 1. 0. 0. 0. 0. 1. 1. 1. 0. 1. 0. 0. 0.],9.0,best,10000,100000,100,0.9,0.5,0.9,0.5,0.9,5,0.76,1,9,,problem_solving,10
1900,0.016114277391784726,0.138882,0.004357975726359127,0.5760000000000001,0.8048977872469943,3.1172956068191597,[0.         0.         0.01107249 0.         0.         0.         0.         0.         0.01265766 0.         0.         0.         0.01133252 0.         0.         0.01107249 0.         0.         0.01149657 0.         0.         0.         0.         0.01107249 0.01143857 0.90845402 0.         0.01140318 0.         0.         0.        ],[0. 0. 1. 0. 0. 0. 0. 0. 1. 0. 0. 0. 1. 0. 0. 1. 0. 0. 1. 0. 0. 0. 0. 1. 1. 1. 0. 1. 0. 0. 0.],9.0,best,10000,100000,100,0.9,0.5,0.9,0.5,0.9,5,0.76,1,9,,problem_solving,10
2000,0.016114277391784726,0.138882,0.004357975726359127,0.58,0.80018058251898,-0.8234798269777686,[0.         0.         0.01107249 0.         0.         0.         0.         0.         0.01265766 0.         0.         0.         0.01133252 0.         0.         0.01107249 0.         0.         0.01149657 0.         0.         0.         0.         0.01107249 0.01143857 0.90845402 0.         0.01140318 0.         0.         0.        ],[0. 0. 1. 0. 0. 0. 0. 0. 1. 0. 0. 0. 1. 0. 0. 1. 0. 0. 1. 0. 0. 0. 0. 1. 1. 1. 0. 1. 0. 0. 0.],9.0,best,10000,100000,100,0.9,0.5,0.9,0.5,0.9,5,0.76,1,9,,problem_solving,10
2100,0.016114277391784726,0.138882,0.004357975726359127,0.584,0.7954910235626383,1.5869883431408223,[0.         0.         0.01107249 0.         0.         0.         0.         0.         0.01265766 0.         0.         0.         0.01133252 0.         0.         0.01107249 0.         0.         0.01149657 0.         0.         0.         0.         0.01107249 0.01143857 0.90845402 0.         0.01140318 0.         0.         0.        ],[0. 0. 1. 0. 0. 0. 0. 0. 1. 0. 0. 0. 1. 0. 0. 1. 0. 0. 1. 0. 0. 0. 0. 1. 1. 1. 0. 1. 0. 0. 0.],9.0,best,10000,100000,100,0.9,0.5,0.9,0.5,0.9,5,0.76,1,9,,problem_solving,10
2200,0.016114277391784726,0.138882,0.004357975726359127,0.588,0.7908289483564468,-0.39909460828056215,[0.         0.         0.01107249 0.         0.         0.         0.         0.         0.01265766 0.         0.         0.         0.01133252 0.         0.         0.01107249 0.         0.         0.01149657 0.         0.         0.         0.         0.01107249 0.01143857 0.90845402 0.         0.01140318 0.         0.         0.        ],[0. 0. 1. 0. 0. 0. 0. 0. 1. 0. 0. 0. 1. 0. 0. 1. 0. 0. 1. 0. 0. 0. 0. 1. 1. 1. 0. 1. 0. 0. 0.],9.0,best,10000,100000,100,0.9,0.5,0.9,0.5,0.9,5,0.76,1,9,,problem_solving,10
2300,0.016114277391784726,0.138882,0.004357975726359127,0.592,0.7861941958284306,-0.20800164856909226,[0.         0.         0.01107249 0.         0.         0.         0.         0.         0.01265766 0.         0.         0.         0.01133252 0.         0.         0.01107249 0.         0.         0.01149657 0.         0.         0.         0.         0.01107249 0.01143857 0.90845402 0.         0.01140318 0.         0.         0.        ],[0. 0. 1. 0. 0. 0. 0. 0. 1. 0. 0. 0. 1. 0. 0. 1. 0. 0. 1. 0. 0. 0. 0. 1. 1. 1. 0. 1. 0. 0. 0.],9.0,best,10000,100000,100,0.9,0.5,0.9,0.5,0.9,5,0.76,1,9,,problem_solving,10
2400,0.016114277391784726,0.138882,0.004357975726359127,0.596,0.7815866058505976,-2.7941371924962297,[0.         0.         0.01107249 0.         0.         0.         0.         0.         0.01265766 0.         0.         0.         0.01133252 0.         0.         0.01107249 0.         0.         0.01149657 0.         0.         0.         0.         0.01107249 0.01143857 0.90845402 0.         0.01140318 0.         0.         0.        ],[0. 0. 1. 0. 0. 0. 0. 0. 1. 0. 0. 0. 1. 0. 0. 1. 0. 0. 1. 0. 0. 0. 0. 1. 1. 1. 0. 1. 0. 0. 0.],9.0,best,10000,100000,100,0.9,0.5,0.9,0.5,0.9,5,0.76,1,9,,problem_solving,10
2500,0.016114277391784726,0.138882,0.004357975726359127,0.6,0.7770060192334055,2.3040074679879856,[0.         0.         0.01107249 0.         0.         0.         0.         0.         0.01265766 0.         0.         0.         0.01133252 0.         0.         0.01107249 0.         0.         0.01149657 0.         0.         0.         0.         0.01107249 0.01143857 0.90845402 0.         0.01140318 0.         0.         0.        ],[0. 0. 1. 0. 0. 0. 0. 0. 1. 0. 0. 0. 1. 0. 0. 1. 0. 0. 1. 0. 0. 0. 0. 1. 1. 1. 0. 1. 0. 0. 0.],9.0,best,10000,100000,100,0.9,0.5,0.9,0.5,0.9,5,0.76,1,9,,problem_solving,10
2600,0.016114277391784726,0.138882,0.004357975726359127,0.604,0.7724522777202627,2.09728102973914,[0.         0.         0.01107249 0.         0.         0.         0.         0.         0.01265766 0.         0.         0.         0.01133252 0.         0.         0.01107249 0.         0.         0.01149657 0.         0.         0.         0.         0.01107249 0.01143857 0.90845402 0.         0.01140318 0.         0.         0.        ],[0. 0. 1. 0. 0. 0. 0. 0. 1. 0. 0. 0. 1. 0. 0. 1. 0. 0. 1. 0. 0. 0. 0. 1. 1. 1. 0. 1. 0. 0. 0.],9.0,best,10000,100000,100,0.9,0.5,0.9,0.5,0.9,5,0.76,1,9,,problem_solving,10
2700,0.016114277391784726,0.138882,0.004357975726359127,0.608,0.7679252239820602,-6.158357964849214,[0.         0.         0.01107249 0.         0.         0.         0.         0.         0.01265766 0.         0.         0.         0.01133252 0.         0.         0.01107249 0.         0.         0.01149657 0.         0.         0.         0.         0.01107249 0.01143857 0.90845402 0.         0.01140318 0.         0.         0.        ],[0. 0. 1. 0. 0. 0. 0. 0. 1. 0. 0. 0. 1. 0. 0. 1. 0. 0. 1. 0. 0. 0. 0. 1. 1. 1. 0. 1. 0. 0. 0.],9.0,best,10000,100000,100,0.9,0.5,0.9,0.5,0.9,5,0.76,1,9,,problem_solving,10
2800,0.016114277391784726,0.138882,0.004357975726359127,0.612,0.7634247016117359,-5.111404176762168,[0.         0.         0.01107249 0.         0.         0.         0.         0.         0.01265766 0.         0.         0.         0.01133252 0.         0.         0.01107249 0.         0.         0.01149657 0.         0.         0.         0.         0.01107249 0.01143857 0.90845402 0.         0.01140318 0.         0.         0.        ],[0. 0. 1. 0. 0. 0. 0. 0. 1. 0. 0. 0. 1. 0. 0. 1. 0. 0. 1. 0. 0. 0. 0. 1. 1. 1. 0. 1. 0. 0. 0.],9.0,best,10000,100000,100,0.9,0.5,0.9,0.5,0.9,5,0.76,1,9,,problem_solving,10
2900,0.016114277391784726,0.138882,0.004357975726359127,0.616,0.758950555118871,-2.1329512871317897,[0.         0.         0.01107249 0.         0.         0.         0.         0.         0.01265766 0.         0.         0.         0.01133252 0.         0.         0.01107249 0.         0.         0.01149657 0.         0.         0.         0.         0.01107249 0.01143857 0.90845402 0.         0.01140318 0.         0.         0.        ],[0. 0. 1. 0. 0. 0. 0. 0. 1. 0. 0. 0. 1. 0. 0. 1. 0. 0. 1. 0. 0. 0. 0. 1. 1. 1. 0. 1. 0. 0. 0.],9.0,best,10000,100000,100,0.9,0.5,0.9,0.5,0.9,5,0.76,1,9,,problem_solving,10
3000,0.016114277391784726,0.138882,0.004357975726359127,0.62,0.754502629924318,-6.860004306923074,[0.         0.         0.01107249 0.         0.         0.         0.         0.         0.01265766 0.         0.         0.         0.01133252 0.         0.         0.01107249 0.         0.         0.01149657 0.         0.         0.         0.         0.01107249 0.01143857 0.90845402 0.         0.01140318 0.         0.         0.        ],[0. 0. 1. 0. 0. 0. 0. 0. 1. 0. 0. 0. 1. 0. 0. 1. 0. 0. 1. 0. 0. 0. 0. 1. 1. 1. 0. 1. 0. 0. 0.],9.0,best,10000,100000,100,0.9,0.5,0.9,0.5,0.9,5,0.76,1,9,,problem_solving,10
3100,0.016114277391784726,0.138882,0.004357975726359127,0.624,0.7500807723548599,-2.5010673453684356,[0.         0.         0.01107249 0.         0.         0.         0.         0.         0.01265766 0.         0.         0.         0.01133252 0.         0.         0.01107249 0.         0.         0.01149657 0.         0.         0.         0.         0.01107249 0.01143857 0.90845402 0.         0.01140318 0.         0.         0.        ],[0. 0. 1. 0. 0. 0. 0. 0. 1. 0. 0. 0. 1. 0. 0. 1. 0. 0. 1. 0. 0. 0. 0. 1. 1. 1. 0. 1. 0. 0. 0.],9.0,best,10000,100000,100,0.9,0.5,0.9,0.5,0.9,5,0.76,1,9,,problem_solving,10
3200,0.016114277391784726,0.138882,0.004357975726359127,0.628,0.7456848296379007,-2.473042271076794,[0.         0.         0.01107249 0.         0.         0.         0.         0.         0.01265766 0.         0.         0.         0.01133252 0.         0.         0.01107249 0.         0.         0.01149657 0.         0.         0.         0.         0.01107249 0.01143857 0.90845402 0.         0.01140318 0.         0.         0.        ],[0. 0. 1. 0. 0. 0. 0. 0. 1. 0. 0. 0. 1. 0. 0. 1. 0. 0. 1. 0. 0. 0. 0. 1. 1. 1. 0. 1. 0. 0. 0.],9.0,best,10000,100000,100,0.9,0.5,0.9,0.5,0.9,5,0.76,1,9,,problem_solving,10
3300,0.016114277391784726,0.138882,0.004357975726359127,0.632,0.7413146498961878,-0.5141664481286025,[0.         0.         0.01107249 0.         0.         0.         0.         0.         0.01265766 0.         0.         0.         0.01133252 0.         0.         0.01107249 0.         0.         0.01149657 0.         0.         0.         0.         0.01107249 0.01143857 0.90845402 0.         0.01140318 0.         0.         0.        ],[0. 0. 1. 0. 0. 0. 0. 0. 1. 0. 0. 0. 1. 0. 0. 1. 0. 0. 1. 0. 0. 0. 0. 1. 1. 1. 0. 1. 0. 0. 0.],9.0,best,10000,100000,100,0.9,0.5,0.9,0.5,0.9,5,0.76,1,9,,problem_solving,10
3400,0.016114277391784726,0.138882,0.004357975726359127,0.636,0.7369700821425638,1.4523936933309594,[0.         0.         0.01107249 0.         0.         0.         0.         0.         0.01265766 0.         0.         0.         0.01133252 0.         0.         0.01107249 0.         0.         0.01149657 0.         0.         0.         0.         0.01107249 0.01143857 0.90845402 0.         0.01140318 0.         0.         0.        ],[0. 0. 1. 0. 0. 0. 0. 0. 1. 0. 0. 0. 1. 0. 0. 1. 0. 0. 1. 0. 0. 0. 0. 1. 1. 1. 0. 1. 0. 0. 0.],9.0,best,10000,100000,100,0.9,0.5,0.9,0.5,0.9,5,0.76,1,9,,problem_solving,10
3500,0.016114277391784726,0.138882,0.004357975726359127,0.64,0.7326509762747511,0.16465335121443922,[0.         0.         0.01107249 0.         0.         0.         0.         0.         0.01265766 0.         0.         0.         0.01133252 0.         0.         0.01107249 0.         0.         0.01149657 0.         0.         0.         0.         0.01107249 0.01143857 0.90845402 0.         0.01140318 0.         0.         0.        ],[0. 0. 1. 0. 0. 0. 0. 0. 1. 0. 0. 0. 1. 0. 0. 1. 0. 0. 1. 0. 0. 0. 0. 1. 1. 1. 0. 1. 0. 0. 0.],9.0,best,10000,100000,100,0.9,0.5,0.9,0.5,0.9,5,0.76,1,9,,problem_solving,10
3600,0.016114277391784726,0.138882,0.004357975726359127,0.644,0.7283571830701648,4.564937504620679,[0.         0.         0.01107249 0.         0.         0.         0.         0.         0.01265766 0.         0.         0.         0.01133252 0.         0.         0.01107249 0.         0.         0.01149657 0.         0.         0.         0.         0.01107249 0.01143857 0.90845402 0.         0.01140318 0.         0.         0.        ],[0. 0. 1. 0. 0. 0. 0. 0. 1. 0. 0. 0. 1. 0. 0. 1. 0. 0. 1. 0. 0. 0. 0. 1. 1. 1. 0. 1. 0. 0. 0.],9.0,best,10000,100000,100,0.9,0.5,0.9,0.5,0.9,5,0.76,1,9,,problem_solving,10
3700,0.016114277391784726,0.138882,0.004357975726359127,0.648,0.7240885541807586,3.0178393611266565,[0.         0.         0.01107249 0.         0.         0.         0.         0.         0.01265766 0.         0.         0.         0.01133252 0.         0.         0.01107249 0.         0.         0.01149657 0.         0.         0.         0.         0.01107249 0.01143857 0.90845402 0.         0.01140318 0.         0.         0.        ],[0. 0. 1. 0. 0. 0. 0. 0. 1. 0. 0. 0. 1. 0. 0. 1. 0. 0. 1. 0. 0. 0. 0. 1. 1. 1. 0. 1. 0. 0. 0.],9.0,best,10000,100000,100,0.9,0.5,0.9,0.5,0.9,5,0.76,1,9,,problem_solving,10
3800,0.016114277391784726,0.138882,0.004357975726359127,0.652,0.7198449421278975,2.0198062646332757,[0.         0.         0.01107249 0.         0.         0.         0.         0.         0.01265766 0.         0.         0.         0.01133252 0.         0.         0.01107249 0.         0.         0.01149657 0.         0.         0.         0.         0.01107249 0.01143857 0.90845402 0.         0.01140318 0.         0.         0.        ],[0. 0. 1. 0. 0. 0. 0. 0. 1. 0. 0. 0. 1. 0. 0. 1. 0. 0. 1. 0. 0. 0. 0. 1. 1. 1. 0. 1. 0. 0. 0.],9.0,best,10000,100000,100,0.9,0.5,0.9,0.5,0.9,5,0.76,1,9,,problem_solving,10
3900,0.016114277391784726,0.138882,0.004357975726359127,0.656,0.7156262002972644,2.2823685005768946,[0.         0.         0.01107249 0.         0.         0.         0.         0.         0.01265766 0.         0.         0.         0.01133252 0.         0.         0.01107249 0.         0.         0.01149657 0.         0.         0.         0.         0.01107249 0.01143857 0.90845402 0.         0.01140318 0.         0.         0.        ],[0. 0. 1. 0. 0. 0. 0. 0. 1. 0. 0. 0. 1. 0. 0. 1. 0. 0. 1. 0. 0. 0. 0. 1. 1. 1. 0. 1. 0. 0. 0.],9.0,best,10000,100000,100,0.9,0.5,0.9,0.5,0.9,5,0.76,1,9,,problem_solving,10
4000,0.016114277391784726,0.138882,0.004357975726359127,0.66,0.7114321829337936,-4.301169948574583,[0.         0.         0.01107249 0.         0.         0.         0.         0.         0.01265766 0.         0.         0.         0.01133252 0.         0.         0.01107249 0.         0.         0.01149657 0.         0.         0.         0.         0.01107249 0.01143857 0.90845402 0.         0.01140318 0.         0.         0.        ],[0. 0. 1. 0. 0. 0. 0. 0. 1. 0. 0. 0. 1. 0. 0. 1. 0. 0. 1. 0. 0. 0. 0. 1. 1. 1. 0. 1. 0. 0. 0.],9.0,best,10000,100000,100,0.9,0.5,0.9,0.5,0.9,5,0.76,1,9,,problem_solving,10
4100,0.016114277391784726,0.138882,0.004357975726359127,0.664,0.707262745136635,-4.28041732687883,[0.         0.         0.01107249 0.         0.         0.         0.         0.         0.01265766 0.         0.         0.         0.01133252 0.         0.         0.01107249 0.         0.         0.01149657 0.         0.         0.         0.         0.01107249 0.01143857 0.90845402 0.         0.01140318 0.         0.         0.        ],[0. 0. 1. 0. 0. 0. 0. 0. 1. 0. 0. 0. 1. 0. 0. 1. 0. 0. 1. 0. 0. 0. 0. 1. 1. 1. 0. 1. 0. 0. 0.],9.0,best,10000,100000,100,0.9,0.5,0.9,0.5,0.9,5,0.76,1,9,,problem_solving,10
4200,0.016114277391784726,0.138882,0.004357975726359127,0.668,0.7031177428541489,3.695118526712013,[0.         0.         0.01107249 0.         0.         0.         0.         0.         0.01265766 0.         0.         0.         0.01133252 0.         0.         0.01107249 0.         0.         0.01149657 0.         0.         0.         0.         0.01107249 0.01143857 0.90845402 0.         0.01140318 0.         0.         0.        ],[0. 0. 1. 0. 0. 0. 0. 0. 1. 0. 0. 0. 1. 0. 0. 1. 0. 0. 1. 0. 0. 0. 0. 1. 1. 1. 0. 1. 0. 0. 0.],9.0,best,10000,100000,100,0.9,0.5,0.9,0.5,0.9,5,0.76,1,9,,problem_solving,10
4300,0.016114277391784726,0.138882,0.004357975726359127,0.672,0.6989970328789274,-5.8150773213134395,[0.         0.         0.01107249 0.         0.         0.         0.         0.         0.01265766 0.         0.         0.         0.01133252 0.         0.         0.01107249 0.         0.         0.01149657 0.         0.         0.         0.         0.01107249 0.01143857 0.90845402 0.         0.01140318 0.         0.         0.        ],[0. 0. 1. 0. 0. 0. 0. 0. 1. 0. 0. 0. 1. 0. 0. 1. 0. 0. 1. 0. 0. 0. 0. 1. 1. 1. 0. 1. 0. 0. 0.],9.0,best,10000,100000,100,0.9,0.5,0.9,0.5,0.9,5,0.76,1,9,,problem_solving,10
4400,0.016114277391784726,0.138882,0.004357975726359127,0.676,0.6949004728428485,5.064404066355508,[0.         0.         0.01107249 0.         0.         0.         0.         0.         0.01265766 0.         0.         0.         0.01133252 0.         0.         0.01107249 0.         0.         0.01149657 0.         0.         0.         0.         0.01107249 0.01143857 0.90845402 0.         0.01140318 0.         0.         0.        ],[0. 0. 1. 0. 0. 0. 0. 0. 1. 0. 0. 0. 1. 0. 0. 1. 0. 0. 1. 0. 0. 0. 0. 1. 1. 1. 0. 1. 0. 0. 0.],9.0,best,10000,100000,100,0.9,0.5,0.9,0.5,0.9,5,0.76,1,9,,problem_solving,10
4500,0.016114277391784726,0.138882,0.004357975726359127,0.68,0.6908279212121557,-2.82313812869319,[0.         0.         0.01107249 0.         0.         0.         0.         0.         0.01265766 0.         0.         0.         0.01133252 0.         0.         0.01107249 0.         0.         0.01149657 0.         0.         0.         0.         0.01107249 0.01143857 0.90845402 0.         0.01140318 0.         0.         0.        ],[0. 0. 1. 0. 0. 0. 0. 0. 1. 0. 0. 0. 1. 0. 0. 1. 0. 0. 1. 0. 0. 0. 0. 1. 1. 1. 0. 1. 0. 0. 0.],9.0,best,10000,100000,100,0.9,0.5,0.9,0.5,0.9,5,0.76,1,9,,problem_solving,10
4600,0.016114277391784726,0.138882,0.004357975726359127,0.684,0.6867792372825697,-1.224066693730849,[0.         0.         0.01107249 0.         0.         0.         0.         0.         0.01265766 0.         0.         0.         0.01133252 0.         0.         0.01107249 0.         0.         0.01149657 0.         0.         0.         0.         0.01107249 0.01143857 0.90845402 0.         0.01140318 0.         0.         0.        ],[0. 0. 1. 0. 0. 0. 0. 0. 1. 0. 0. 0. 1. 0. 0. 1. 0. 0. 1. 0. 0. 0. 0. 1. 1. 1. 0. 1. 0. 0. 0.],9.0,best,10000,100000,100,0.9,0.5,0.9,0.5,0.9,5,0.76,1,9,,problem_solving,10
4700,0.016114277391784726,0.138882,0.004357975726359127,0.6880000000000001,0.6827542811744257,4.52192094045905,[0.         0.         0.01107249 0.         0.         0.         0.         0.         0.01265766 0.         0.         0.         0.01133252 0.         0.         0.01107249 0.         0.         0.01149657 0.         0.         0.         0.         0.01107249 0.01143857 0.90845402 0.         0.01140318 0.         0.         0.        ],[0. 0. 1. 0. 0. 0. 0. 0. 1. 0. 0. 0. 1. 0. 0. 1. 0. 0. 1. 0. 0. 0. 0. 1. 1. 1. 0. 1. 0. 0. 0.],9.0,best,10000,100000,100,0.9,0.5,0.9,0.5,0.9,5,0.76,1,9,,problem_solving,10
4800,0.016114277391784726,0.138882,0.004357975726359127,0.692,0.6787529138278414,0.5982343796730318,[0.         0.         0.01107249 0.         0.         0.         0.         0.         0.01265766 0.         0.         0.         0.01133252 0.         0.         0.01107249 0.         0.         0.01149657 0.         0.         0.         0.         0.01107249 0.01143857 0.90845402 0.         0.01140318 0.         0.         0.        ],[0. 0. 1. 0. 0. 0. 0. 0. 1. 0. 0. 0. 1. 0. 0. 1. 0. 0. 1. 0. 0. 0. 0. 1. 1. 1. 0. 1. 0. 0. 0.],9.0,best,10000,100000,100,0.9,0.5,0.9,0.5,0.9,5,0.76,1,9,,problem_solving,10
4900,0.016114277391784726,0.138882,0.004357975726359127,0.696,0.6747749969979128,-0.14584706509153889,[0.         0.         0.01107249 0.         0.         0.         0.         0.         0.01265766 0.         0.         0.         0.01133252 0.         0.         0.01107249 0.         0.         0.01149657 0.         0.         0.         0.         0.01107249 0.01143857 0.90845402 0.         0.01140318 0.         0.         0.        ],[0. 0. 1. 0. 0. 0. 0. 0. 1. 0. 0. 0. 1. 0. 0. 1. 0. 0. 1. 0. 0. 0. 0. 1. 1. 1. 0. 1. 0. 0. 0.],9.0,best,10000,100000,100,0.9,0.5,0.9,0.5,0.9,5,0.76,1,9,,problem_solving,10
5000,0.016114277391784726,0.138882,0.004357975726359127,0.7,0.6708203932499369,-0.15238630423641147,[0.         0.         0.01107249 0.         0.         0.         0.         0.         0.01265766 0.         0.         0.         0.01133252 0.         0.         0.01107249 0.         0.         0.01149657 0.         0.         0.         0.         0.01107249 0.01143857 0.90845402 0.         0.01140318 0.         0.         0.        ],[0. 0. 1. 0. 0. 0. 0. 0. 1. 0. 0. 0. 1. 0. 0. 1. 0. 0. 1. 0. 0. 0. 0. 1. 1. 1. 0. 1. 0. 0. 0.],9.0,best,10000,100000,100,0.9,0.5,0.9,0.5,0.9,5,0.76,1,9,,problem_solving,10
5100,0.016114277391784726,0.138882,0.004357975726359127,0.704,0.6668889659546647,5.405256539334038,[0.         0.         0.01107249 0.         0.         0.         0.         0.         0.01265766 0.         0.         0.         0.01133252 0.         0.         0.01107249 0.         0.         0.01149657 0.         0.         0.         0.         0.01107249 0.01143857 0.90845402 0.         0.01140318 0.         0.         0.        ],[0. 0. 1. 0. 0. 0. 0. 0. 1. 0. 0. 0. 1. 0. 0. 1. 0. 0. 1. 0. 0. 0. 0. 1. 1. 1. 0. 1. 0. 0. 0.],9.0,best,10000,100000,100,0.9,0.5,0.9,0.5,0.9,5,0.76,1,9,,problem_solving,10
5200,0.016114277391784726,0.138882,0.004357975726359127,0.708,0.6629805792835798,3.9535562366815973,[0.         0.         0.01107249 0.         0.         0.         0.         0.         0.01265766 0.         0.         0.         0.01133252 0.         0.         0.01107249 0.         0.         0.01149657 0.         0.         0.         0.         0.01107249 0.01143857 0.90845402 0.         0.01140318 0.         0.         0.        ],[0. 0. 1. 0. 0. 0. 0. 0. 1. 0. 0. 0. 1. 0. 0. 1. 0. 0. 1. 0. 0. 0. 0. 1. 1. 1. 0. 1. 0. 0. 0.],9.0,best,10000,100000,100,0.9,0.5,0.9,0.5,0.9,5,0.76,1,9,,problem_solving,10
5300,0.016114277391784726,0.138882,0.004357975726359127,0.712,0.6590950982042058,1.940973578179539,[0.         0.         0.01107249 0.         0.         0.         0.         0.         0.01265766 0.         0.         0.         0.01133252 0.         0.         0.01107249 0.         0.         0.01149657 0.         0.         0.         0.         0.01107249 0.01143857 0.90845402 0.         0.01140318 0.         0.         0.        ],[0. 0. 1. 0. 0. 0. 0. 0. 1. 0. 0. 0. 1. 0. 0. 1. 0. 0. 1. 0. 0. 0. 0. 1. 1. 1. 0. 1. 0. 0. 0.],9.0,best,10000,100000,100,0.9,0.5,0.9,0.5,0.9,5,0.76,1,9,,problem_solving,10
5400,0.016114277391784726,0.138882,0.004357975726359127,0.716,0.6552323884754414,3.3450569169636393,[0.         0.         0.01107249 0.         0.         0.         0.         0.         0.01265766 0.         0.         0.         0.01133252 0.         0.         0.01107249 0.         0.         0.01149657 0.         0.         0.         0.         0.01107249 0.01143857 0.90845402 0.         0.01140318 0.         0.         0.        ],[0. 0. 1. 0. 0. 0. 0. 0. 1. 0. 0. 0. 1. 0. 0. 1. 0. 0. 1. 0. 0. 0. 0. 1. 1. 1. 0. 1. 0. 0. 0.],9.0,best,10000,100000,100,0.9,0.5,0.9,0.5,0.9,5,0.76,1,9,,problem_solving,10
5500,0.016114277391784726,0.138882,0.004357975726359127,0.72,0.651392316642922,-0.7881811747388545,[0.         0.         0.01107249 0.         0.         0.         0.         0.         0.01265766 0.         0.         0.         0.01133252 0.         0.         0.01107249 0.         0.         0.01149657 0.         0.         0.         0.         0.01107249 0.01143857 0.90845402 0.         0.01140318 0.         0.         0.        ],[0. 0. 1. 0. 0. 0. 0. 0. 1. 0. 0. 0. 1. 0. 0. 1. 0. 0. 1. 0. 0. 0. 0. 1. 1. 1. 0. 1. 0. 0. 0.],9.0,best,10000,100000,100,0.9,0.5,0.9,0.5,0.9,5,0.76,1,9,,problem_solving,10
5600,0.016114277391784726,0.138882,0.004357975726359127,0.724,0.6475747500344088,-1.632213047683383,[0.         0.         0.01107249 0.         0.         0.         0.         0.         0.01265766 0.         0.         0.         0.01133252 0.         0.         0.01107249 0.         0.         0.01149657 0.         0.         0.         0.         0.01107249 0.01143857 0.90845402 0.         0.01140318 0.         0.         0.        ],[0. 0. 1. 0. 0. 0. 0. 0. 1. 0. 0. 0. 1. 0. 0. 1. 0. 0. 1. 0. 0. 0. 0. 1. 1. 1. 0. 1. 0. 0. 0.],9.0,best,10000,100000,100,0.9,0.5,0.9,0.5,0.9,5,0.76,1,9,,problem_solving,10
5700,0.016114277391784726,0.138882,0.004357975726359127,0.728,0.643779556755206,1.056760767010251,[0.         0.         0.01107249 0.         0.         0.         0.         0.         0.01265766 0.         0.         0.         0.01133252 0.         0.         0.01107249 0.         0.         0.01149657 0.         0.         0.         0.         0.01107249 0.01143857 0.90845402 0.         0.01140318 0.         0.         0.        ],[0. 0. 1. 0. 0. 0. 0. 0. 1. 0. 0. 0. 1. 0. 0. 1. 0. 0. 1. 0. 0. 0. 0. 1. 1. 1. 0. 1. 0. 0. 0.],9.0,best,10000,100000,100,0.9,0.5,0.9,0.5,0.9,5,0.76,1,9,,problem_solving,10
5800,0.016114277391784726,0.138882,0.004357975726359127,0.732,0.6400066056836028,-3.8294625662821593,[0.         0.         0.01107249 0.         0.         0.         0.         0.         0.01265766 0.         0.         0.         0.01133252 0.         0.         0.01107249 0.         0.         0.01149657 0.         0.         0.         0.         0.01107249 0.01143857 0.90845402 0.         0.01140318 0.         0.         0.        ],[0. 0. 1. 0. 0. 0. 0. 0. 1. 0. 0. 0. 1. 0. 0. 1. 0. 0. 1. 0. 0. 0. 0. 1. 1. 1. 0. 1. 0. 0. 0.],9.0,best,10000,100000,100,0.9,0.5,0.9,0.5,0.9,5,0.76,1,9,,problem_solving,10
5900,0.016114277391784726,0.138882,0.004357975726359127,0.736,0.6362557664663436,-4.922138071115095,[0.         0.         0.01107249 0.         0.         0.         0.         0.         0.01265766 0.         0.         0.         0.01133252 0.         0.         0.01107249 0.         0.         0.01149657 0.         0.         0.         0.         0.01107249 0.01143857 0.90845402 0.         0.01140318 0.         0.         0.        ],[0. 0. 1. 0. 0. 0. 0. 0. 1. 0. 0. 0. 1. 0. 0. 1. 0. 0. 1. 0. 0. 0. 0. 1. 1. 1. 0. 1. 0. 0. 0.],9.0,best,10000,100000,100,0.9,0.5,0.9,0.5,0.9,5,0.76,1,9,,problem_solving,10
6000,0.016114277391784726,0.138882,0.004357975726359127,0.74,0.6325269095141249,-2.007117386506451,[0.         0.         0.01107249 0.         0.         0.         0.         0.         0.01265766 0.         0.         0.         0.01133252 0.         0.         0.01107249 0.         0.         0.01149657 0.         0.         0.         0.         0.01107249 0.01143857 0.90845402 0.         0.01140318 0.         0.         0.        ],[0. 0. 1. 0. 0. 0. 0. 0. 1. 0. 0. 0. 1. 0. 0. 1. 0. 0. 1. 0. 0. 0. 0. 1. 1. 1. 0. 1. 0. 0. 0.],9.0,best,10000,100000,100,0.9,0.5,0.9,0.5,0.9,5,0.76,1,9,,problem_solving,10
6100,0.016114277391784726,0.138882,0.004357975726359127,0.744,0.6288199059971172,3.954489175663045,[0.         0.         0.01107249 0.         0.         0.         0.         0.         0.01265766 0.         0.         0.         0.01133252 0.         0.         0.01107249 0.         0.         0.01149657 0.         0.         0.         0.         0.01107249 0.01143857 0.90845402 0.         0.01140318 0.         0.         0.        ],[0. 0. 1. 0. 0. 0. 0. 0. 1. 0. 0. 0. 1. 0. 0. 1. 0. 0. 1. 0. 0. 0. 0. 1. 1. 1. 0. 1. 0. 0. 0.],9.0,best,10000,100000,100,0.9,0.5,0.9,0.5,0.9,5,0.76,1,9,,problem_solving,10
6200,0.016114277391784726,0.138882,0.004357975726359127,0.748,0.6251346278405147,-3.487886517038159,[0.         0.         0.01107249 0.         0.         0.         0.         0.         0.01265766 0.         0.         0.         0.01133252 0.         0.         0.01107249 0.         0.         0.01149657 0.         0.         0.         0.         0.01107249 0.01143857 0.90845402 0.         0.01140318 0.         0.         0.        ],[0. 0. 1. 0. 0. 0. 0. 0. 1. 0. 0. 0. 1. 0. 0. 1. 0. 0. 1. 0. 0. 0. 0. 1. 1. 1. 0. 1. 0. 0. 0.],9.0,best,10000,100000,100,0.9,0.5,0.9,0.5,0.9,5,0.76,1,9,,problem_solving,10
6300,0.016114277391784726,0.138882,0.004357975726359127,0.752,0.6214709477201097,0.7856861324950133,[0.         0.         0.01107249 0.         0.         0.         0.         0.         0.01265766 0.         0.         0.         0.01133252 0.         0.         0.01107249 0.         0.         0.01149657 0.         0.         0.         0.         0.01107249 0.01143857 0.90845402 0.         0.01140318 0.         0.         0.        ],[0. 0. 1. 0. 0. 0. 0. 0. 1. 0. 0. 0. 1. 0. 0. 1. 0. 0. 1. 0. 0. 0. 0. 1. 1. 1. 0. 1. 0. 0. 0.],9.0,best,10000,100000,100,0.9,0.5,0.9,0.5,0.9,5,0.76,1,9,,problem_solving,10
6400,0.016114277391784726,0.138882,0.004357975726359127,0.756,0.6178287390578946,3.653331204330618,[0.         0.         0.01107249 0.         0.         0.         0.         0.         0.01265766 0.         0.         0.         0.01133252 0.         0.         0.01107249 0.         0.         0.01149657 0.         0.         0.         0.         0.01107249 0.01143857 0.90845402 0.         0.01140318 0.         0.         0.        ],[0. 0. 1. 0. 0. 0. 0. 0. 1. 0. 0. 0. 1. 0. 0. 1. 0. 0. 1. 0. 0. 0. 0. 1. 1. 1. 0. 1. 0. 0. 0.],9.0,best,10000,100000,100,0.9,0.5,0.9,0.5,0.9,5,0.76,1,9,,problem_solving,10
6500,0.016114277391784726,0.138882,0.004357975726359127,0.76,0.6142078760176876,-2.1875468438705723,[0.         0.         0.01107249 0.         0.         0.         0.         0.         0.01265766 0.         0.         0.         0.01133252 0.         0.         0.01107249 0.         0.         0.01149657 0.         0.         0.         0.         0.01107249 0.01143857 0.90845402 0.         0.01140318 0.         0.         0.        ],[0. 0. 1. 0. 0. 0. 0. 0. 1. 0. 0. 0. 1. 0. 0. 1. 0. 0. 1. 0. 0. 0. 0. 1. 1. 1. 0. 1. 0. 0. 0.],9.0,best,10000,100000,100,0.9,0.5,0.9,0.5,0.9,5,0.76,1,9,,problem_solving,10
6600,0.016114277391784726,0.138882,0.004357975726359127,0.764,0.6106082335007861,4.095788447052527,[0.         0.         0.01107249 0.         0.         0.         0.         0.         0.01265766 0.         0.         0.         0.01133252 0.         0.         0.01107249 0.         0.         0.01149657 0.         0.         0.         0.         0.01107249 0.01143857 0.90845402 0.         0.01140318 0.         0.         0.        ],[0. 0. 1. 0. 0. 0. 0. 0. 1. 0. 0. 0. 1. 0. 0. 1. 0. 0. 1. 0. 0. 0. 0. 1. 1. 1. 0. 1. 0. 0. 0.],9.0,best,10000,100000,100,0.9,0.5,0.9,0.5,0.9,5,0.76,1,9,,problem_solving,10
6700,0.016114277391784726,0.138882,0.004357975726359127,0.768,0.6070296871416437,1.048593057639624,[0.         0.         0.01107249 0.         0.         0.         0.         0.         0.01265766 0.         0.         0.         0.01133252 0.         0.         0.01107249 0.         0.         0.01149657 0.         0.         0.         0.         0.01107249 0.01143857 0.90845402 0.         0.01140318 0.         0.         0.        ],[0. 0. 1. 0. 0. 0. 0. 0. 1. 0. 0. 0. 1. 0. 0. 1. 0. 0. 1. 0. 0. 0. 0. 1. 1. 1. 0. 1. 0. 0. 0.],9.0,best,10000,100000,100,0.9,0.5,0.9,0.5,0.9,5,0.76,1,9,,problem_solving,10
6800,0.016114277391784726,0.138882,0.004357975726359127,0.772,0.6034721133035746,-1.6704461458735012,[0.         0.         0.01107249 0.         0.         0.         0.         0.         0.01265766 0.         0.         0.         0.01133252 0.         0.         0.01107249 0.         0.         0.01149657 0.         0.         0.         0.         0.01107249 0.01143857 0.90845402 0.         0.01140318 0.         0.         0.        ],[0. 0. 1. 0. 0. 0. 0. 0. 1. 0. 0. 0. 1. 0. 0. 1. 0. 0. 1. 0. 0. 0. 0. 1. 1. 1. 0. 1. 0. 0. 0.],9.0,best,10000,100000,100,0.9,0.5,0.9,0.5,0.9,5,0.76,1,9,,problem_solving,10
6900,0.016114277391784726,0.138882,0.004357975726359127,0.776,0.5999353890744809,1.3539474778367795,[0.         0.         0.01107249 0.         0.         0.         0.         0.         0.01265766 0.         0.         0.         0.01133252 0.         0.         0.01107249 0.         0.         0.01149657 0.         0.         0.         0.         0.01107249 0.01143857 0.90845402 0.         0.01140318 0.         0.         0.        ],[0. 0. 1. 0. 0. 0. 0. 0. 1. 0. 0. 0. 1. 0. 0. 1. 0. 0. 1. 0. 0. 0. 0. 1. 1. 1. 0. 1. 0. 0. 0.],9.0,best,10000,100000,100,0.9,0.5,0.9,0.5,0.9,5,0.76,1,9,,problem_solving,10
7000,0.016114277391784726,0.138882,0.004357975726359127,0.78,0.5964193922626064,-3.555482914584607,[0.         0.         0.01107249 0.         0.         0.         0.         0.         0.01265766 0.         0.         0.         0.01133252 0.         0.         0.01107249 0.         0.         0.01149657 0.         0.         0.         0.         0.01107249 0.01143857 0.90845402 0.         0.01140318 0.         0.         0.        ],[0. 0. 1. 0. 0. 0. 0. 0. 1. 0. 0. 0. 1. 0. 0. 1. 0. 0. 1. 0. 0. 0. 0. 1. 1. 1. 0. 1. 0. 0. 0.],9.0,best,10000,100000,100,0.9,0.5,0.9,0.5,0.9,5,0.76,1,9,,problem_solving,10
7100,0.016114277391784726,0.138882,0.004357975726359127,0.784,0.5929240013923155,1.8986165106849124,[0.         0.         0.01107249 0.         0.         0.         0.         0.         0.01265766 0.         0.         0.         0.01133252 0.         0.         0.01107249 0.         0.         0.01149657 0.         0.         0.         0.         0.01107249 0.01143857 0.90845402 0.         0.01140318 0.         0.         0.        ],[0. 0. 1. 0. 0. 0. 0. 0. 1. 0. 0. 0. 1. 0. 0. 1. 0. 0. 1. 0. 0. 0. 0. 1. 1. 1. 0. 1. 0. 0. 0.],9.0,best,10000,100000,100,0.9,0.5,0.9,0.5,0.9,5,0.76,1,9,,problem_solving,10
7200,0.016114277391784726,0.138882,0.004357975726359127,0.788,0.5894490956998952,0.9350860609977578,[0.         0.         0.01107249 0.         0.         0.         0.         0.         0.01265766 0.         0.         0.         0.01133252 0.         0.         0.01107249 0.         0.         0.01149657 0.         0.         0.         0.         0.01107249 0.01143857 0.90845402 0.         0.01140318 0.         0.         0.        ],[0. 0. 1. 0. 0. 0. 0. 0. 1. 0. 0. 0. 1. 0. 0. 1. 0. 0. 1. 0. 0. 0. 0. 1. 1. 1. 0. 1. 0. 0. 0.],9.0,best,10000,100000,100,0.9,0.5,0.9,0.5,0.9,5,0.76,1,9,,problem_solving,10
7300,0.016114277391784726,0.138882,0.004357975726359127,0.792,0.5859945551293843,-1.6473495281031594,[0.         0.         0.01107249 0.         0.         0.         0.         0.         0.01265766 0.         0.         0.         0.01133252 0.         0.         0.01107249 0.         0.         0.01149657 0.         0.         0.         0.         0.01107249 0.01143857 0.90845402 0.         0.01140318 0.         0.         0.        ],[0. 0. 1. 0. 0. 0. 0. 0. 1. 0. 0. 0. 1. 0. 0. 1. 0. 0. 1. 0. 0. 0. 0. 1. 1. 1. 0. 1. 0. 0. 0.],9.0,best,10000,100000,100,0.9,0.5,0.9,0.5,0.9,5,0.76,1,9,,problem_solving,10
7400,0.016114277391784726,0.138882,0.004357975726359127,0.796,0.5825602603284237,-2.947383558138821,[0.         0.         0.01107249 0.         0.         0.         0.         0.         0.01265766 0.         0.         0.         0.01133252 0.         0.         0.01107249 0.         0.         0.01149657 0.         0.         0.         0.         0.01107249 0.01143857 0.90845402 0.         0.01140318 0.         0.         0.        ],[0. 0. 1. 0. 0. 0. 0. 0. 1. 0. 0. 0. 1. 0. 0. 1. 0. 0. 1. 0. 0. 0. 0. 1. 1. 1. 0. 1. 0. 0. 0.],9.0,best,10000,100000,100,0.9,0.5,0.9,0.5,0.9,5,0.76,1,9,,problem_solving,10
7500,0.016114277391784726,0.138882,0.004357975726359127,0.8,0.5791460926441345,-3.221877229705136,[0.         0.         0.01107249 0.         0.         0.         0.         0.         0.01265766 0.         0.         0.         0.01133252 0.         0.         0.01107249 0.         0.         0.01149657 0.         0.         0.         0.         0.01107249 0.01143857 0.90845402 0.         0.01140318 0.         0.         0.        ],[0. 0. 1. 0. 0. 0. 0. 0. 1. 0. 0. 0. 1. 0. 0. 1. 0. 0. 1. 0. 0. 0. 0. 1. 1. 1. 0. 1. 0. 0. 0.],9.0,best,10000,100000,100,0.9,0.5,0.9,0.5,0.9,5,0.76,1,9,,problem_solving,10
7600,0.016114277391784726,0.138882,0.004357975726359127,0.804,0.5757519341190179,0.7061188660370112,[0.         0.         0.01107249 0.         0.         0.         0.         0.         0.01265766 0.         0.         0.         0.01133252 0.         0.         0.01107249 0.         0.         0.01149657 0.         0.         0.         0.         0.01107249 0.01143857 0.90845402 0.         0.01140318 0.         0.         0.        ],[0. 0. 1. 0. 0. 0. 0. 0. 1. 0. 0. 0. 1. 0. 0. 1. 0. 0. 1. 0. 0. 0. 0. 1. 1. 1. 0. 1. 0. 0. 0.],9.0,best,10000,100000,100,0.9,0.5,0.9,0.5,0.9,5,0.76,1,9,,problem_solving,10
7700,0.016114277391784726,0.138882,0.004357975726359127,0.808,0.5723776674868795,1.3405081434265202,[0.         0.         0.01107249 0.         0.         0.         0.         0.         0.01265766 0.         0.         0.         0.01133252 0.         0.         0.01107249 0.         0.         0.01149657 0.         0.         0.         0.         0.01107249 0.01143857 0.90845402 0.         0.01140318 0.         0.         0.        ],[0. 0. 1. 0. 0. 0. 0. 0. 1. 0. 0. 0. 1. 0. 0. 1. 0. 0. 1. 0. 0. 0. 0. 1. 1. 1. 0. 1. 0. 0. 0.],9.0,best,10000,100000,100,0.9,0.5,0.9,0.5,0.9,5,0.76,1,9,,problem_solving,10
7800,0.016114277391784726,0.138882,0.004357975726359127,0.812,0.5690231761687783,1.1764300220897916,[0.         0.         0.01107249 0.         0.         0.         0.         0.         0.01265766 0.         0.         0.         0.01133252 0.         0.         0.01107249 0.         0.         0.01149657 0.         0.         0.         0.         0.01107249 0.01143857 0.90845402 0.         0.01140318 0.         0.         0.        ],[0. 0. 1. 0. 0. 0. 0. 0. 1. 0. 0. 0. 1. 0. 0. 1. 0. 0. 1. 0. 0. 0. 0. 1. 1. 1. 0. 1. 0. 0. 0.],9.0,best,10000,100000,100,0.9,0.5,0.9,0.5,0.9,5,0.76,1,9,,problem_solving,10
7900,0.016114277391784726,0.138882,0.004357975726359127,0.8160000000000001,0.5656883442689989,-1.1847329228443513,[0.         0.         0.01107249 0.         0.         0.         0.         0.         0.01265766 0.         0.         0.         0.01133252 0.         0.         0.01107249 0.         0.         0.01149657 0.         0.         0.         0.         0.01107249 0.01143857 0.90845402 0.         0.01140318 0.         0.         0.        ],[0. 0. 1. 0. 0. 0. 0. 0. 1. 0. 0. 0. 1. 0. 0. 1. 0. 0. 1. 0. 0. 0. 0. 1. 1. 1. 0. 1. 0. 0. 0.],9.0,best,10000,100000,100,0.9,0.5,0.9,0.5,0.9,5,0.76,1,9,,problem_solving,10
8000,0.016114277391784726,0.138882,0.004357975726359127,0.8200000000000001,0.5623730565710474,-6.730229566498689,[0.         0.         0.01107249 0.         0.         0.         0.         0.         0.01265766 0.         0.         0.         0.01133252 0.         0.         0.01107249 0.         0.         0.01149657 0.         0.         0.         0.         0.01107249 0.01143857 0.90845402 0.         0.01140318 0.         0.         0.        ],[0. 0. 1. 0. 0. 0. 0. 0. 1. 0. 0. 0. 1. 0. 0. 1. 0. 0. 1. 0. 0. 0. 0. 1. 1. 1. 0. 1. 0. 0. 0.],9.0,best,10000,100000,100,0.9,0.5,0.9,0.5,0.9,5,0.76,1,9,,problem_solving,10
8100,0.016114277391784726,0.138882,0.004357975726359127,0.8240000000000001,0.5590771985336705,-0.2146911731920083,[0.         0.         0.01107249 0.         0.         0.         0.         0.         0.01265766 0.         0.         0.         0.01133252 0.         0.         0.01107249 0.         0.         0.01149657 0.         0.         0.         0.         0.01107249 0.01143857 0.90845402 0.         0.01140318 0.         0.         0.        ],[0. 0. 1. 0. 0. 0. 0. 0. 1. 0. 0. 0. 1. 0. 0. 1. 0. 0. 1. 0. 0. 0. 0. 1. 1. 1. 0. 1. 0. 0. 0.],9.0,best,10000,100000,100,0.9,0.5,0.9,0.5,0.9,5,0.76,1,9,,problem_solving,10
8200,0.016114277391784726,0.138882,0.004357975726359127,0.8280000000000001,0.5558006562868987,-0.1290762235029016,[0.         0.         0.01107249 0.         0.         0.         0.         0.         0.01265766 0.         0.         0.         0.01133252 0.         0.         0.01107249 0.         0.         0.01149657 0.         0.         0.         0.         0.01107249 0.01143857 0.90845402 0.         0.01140318 0.         0.         0.        ],[0. 0. 1. 0. 0. 0. 0. 0. 1. 0. 0. 0. 1. 0. 0. 1. 0. 0. 1. 0. 0. 0. 0. 1. 1. 1. 0. 1. 0. 0. 0.],9.0,best,10000,100000,100,0.9,0.5,0.9,0.5,0.9,5,0.76,1,9,,problem_solving,10
8300,0.016114277391784726,0.138882,0.004357975726359127,0.8320000000000001,0.5525433166281111,-1.7607784037445051,[0.         0.         0.01107249 0.         0.         0.         0.         0.         0.01265766 0.         0.         0.         0.01133252 0.         0.         0.01107249 0.         0.         0.01149657 0.         0.         0.         0.         0.01107249 0.01143857 0.90845402 0.         0.01140318 0.         0.         0.        ],[0. 0. 1. 0. 0. 0. 0. 0. 1. 0. 0. 0. 1. 0. 0. 1. 0. 0. 1. 0. 0. 0. 0. 1. 1. 1. 0. 1. 0. 0. 0.],9.0,best,10000,100000,100,0.9,0.5,0.9,0.5,0.9,5,0.76,1,9,,problem_solving,10
8400,0.016114277391784726,0.138882,0.004357975726359127,0.8360000000000001,0.5493050670181255,-2.540129967200947,[0.         0.         0.01107249 0.         0.         0.         0.         0.         0.01265766 0.         0.         0.         0.01133252 0.         0.         0.01107249 0.         0.         0.01149657 0.         0.         0.         0.         0.01107249 0.01143857 0.90845402 0.         0.01140318 0.         0.         0.        ],[0. 0. 1. 0. 0. 0. 0. 0. 1. 0. 0. 0. 1. 0. 0. 1. 0. 0. 1. 0. 0. 0. 0. 1. 1. 1. 0. 1. 0. 0. 0.],9.0,best,10000,100000,100,0.9,0.5,0.9,0.5,0.9,5,0.76,1,9,,problem_solving,10
8500,0.016114277391784726,0.138882,0.004357975726359127,0.8400000000000001,0.5460857955773097,1.9531270945694583,[0.         0.         0.01107249 0.         0.         0.         0.         0.         0.01265766 0.         0.         0.         0.01133252 0.         0.         0.01107249 0.         0.         0.01149657 0.         0.         0.         0.         0.01107249 0.01143857 0.90845402 0.         0.01140318 0.         0.         0.        ],[0. 0. 1. 0. 0. 0. 0. 0. 1. 0. 0. 0. 1. 0. 0. 1. 0. 0. 1. 0. 0. 0. 0. 1. 1. 1. 0. 1. 0. 0. 0.],9.0,best,10000,100000,100,0.9,0.5,0.9,0.5,0.9,5,0.76,1,9,,problem_solving,10
8600,0.016114277391784726,0.138882,0.004357975726359127,0.8440000000000001,0.542885391081716,-0.2927020640182287,[0.         0.         0.01107249 0.         0.         0.         0.         0.         0.01265766 0.         0.         0.         0.01133252 0.         0.         0.01107249 0.         0.         0.01149657 0.         0.         0.         0.         0.01107249 0.01143857 0.90845402 0.         0.01140318 0.         0.         0.        ],[0. 0. 1. 0. 0. 0. 0. 0. 1. 0. 0. 0. 1. 0. 0. 1. 0. 0. 1. 0. 0. 0. 0. 1. 1. 1. 0. 1. 0. 0. 0.],9.0,best,10000,100000,100,0.9,0.5,0.9,0.5,0.9,5,0.76,1,9,,problem_solving,10
8700,0.016114277391784726,0.138882,0.004357975726359127,0.8480000000000001,0.5397037429592386,1.633564346275755,[0.         0.         0.01107249 0.         0.         0.         0.         0.         0.01265766 0.         0.         0.         0.01133252 0.         0.         0.01107249 0.         0.         0.01149657 0.         0.         0.         0.         0.01107249 0.01143857 0.90845402 0.         0.01140318 0.         0.         0.        ],[0. 0. 1. 0. 0. 0. 0. 0. 1. 0. 0. 0. 1. 0. 0. 1. 0. 0. 1. 0. 0. 0. 0. 1. 1. 1. 0. 1. 0. 0. 0.],9.0,best,10000,100000,100,0.9,0.5,0.9,0.5,0.9,5,0.76,1,9,,problem_solving,10
8800,0.016114277391784726,0.138882,0.004357975726359127,0.8520000000000001,0.5365407412857937,4.195881742763499,[0.         0.         0.01107249 0.         0.         0.         0.         0.         0.01265766 0.         0.         0.         0.01133252 0.         0.         0.01107249 0.         0.         0.01149657 0.         0.         0.         0.         0.01107249 0.01143857 0.90845402 0.         0.01140318 0.         0.         0.        ],[0. 0. 1. 0. 0. 0. 0. 0. 1. 0. 0. 0. 1. 0. 0. 1. 0. 0. 1. 0. 0. 0. 0. 1. 1. 1. 0. 1. 0. 0. 0.],9.0,best,10000,100000,100,0.9,0.5,0.9,0.5,0.9,5,0.76,1,9,,problem_solving,10
8900,0.016114277391784726,0.138882,0.004357975726359127,0.8560000000000001,0.5333962767815211,6.254593657755048,[0.         0.         0.01107249 0.         0.         0.         0.         0.         0.01265766 0.         0.         0.         0.01133252 0.         0.         0.01107249 0.         0.         0.01149657 0.         0.         0.         0.         0.01107249 0.01143857 0.90845402 0.         0.01140318 0.         0.         0.        ],[0. 0. 1. 0. 0. 0. 0. 0. 1. 0. 0. 0. 1. 0. 0. 1. 0. 0. 1. 0. 0. 0. 0. 1. 1. 1. 0. 1. 0. 0. 0.],9.0,best,10000,100000,100,0.9,0.5,0.9,0.5,0.9,5,0.76,1,9,,problem_solving,10
9000,0.016114277391784726,0.138882,0.004357975726359127,0.8600000000000001,0.5302702408070095,-0.9000724459506344,[0.         0.         0.01107249 0.         0.         0.         0.         0.         0.01265766 0.         0.         0.         0.01133252 0.         0.         0.01107249 0.         0.         0.01149657 0.         0.         0.         0.         0.01107249 0.01143857 0.90845402 0.         0.01140318 0.         0.         0.        ],[0. 0. 1. 0. 0. 0. 0. 0. 1. 0. 0. 0. 1. 0. 0. 1. 0. 0. 1. 0. 0. 0. 0. 1. 1. 1. 0. 1. 0. 0. 0.],9.0,best,10000,100000,100,0.9,0.5,0.9,0.5,0.9,5,0.76,1,9,,problem_solving,10
9100,0.016114277391784726,0.138882,0.004357975726359127,0.8640000000000001,0.5271625253595416,-0.814667819341225,[0.         0.         0.01107249 0.         0.         0.         0.         0.         0.01265766 0.         0.         0.         0.01133252 0.         0.         0.01107249 0.         0.         0.01149657 0.         0.         0.         0.         0.01107249 0.01143857 0.90845402 0.         0.01140318 0.         0.         0.        ],[0. 0. 1. 0. 0. 0. 0. 0. 1. 0. 0. 0. 1. 0. 0. 1. 0. 0. 1. 0. 0. 0. 0. 1. 1. 1. 0. 1. 0. 0. 0.],9.0,best,10000,100000,100,0.9,0.5,0.9,0.5,0.9,5,0.76,1,9,,problem_solving,10
9200,0.016114277391784726,0.138882,0.004357975726359127,0.8680000000000001,0.5240730230693647,1.1296639957639176,[0.         0.         0.01107249 0.         0.         0.         0.         0.         0.01265766 0.         0.         0.         0.01133252 0.         0.         0.01107249 0.         0.         0.01149657 0.         0.         0.         0.         0.01107249 0.01143857 0.90845402 0.         0.01140318 0.         0.         0.        ],[0. 0. 1. 0. 0. 0. 0. 0. 1. 0. 0. 0. 1. 0. 0. 1. 0. 0. 1. 0. 0. 0. 0. 1. 1. 1. 0. 1. 0. 0. 0.],9.0,best,10000,100000,100,0.9,0.5,0.9,0.5,0.9,5,0.76,1,9,,problem_solving,10
9300,0.016114277391784726,0.138882,0.004357975726359127,0.8720000000000001,0.5210016271959791,1.654236741543714,[0.         0.         0.01107249 0.         0.         0.         0.         0.         0.01265766 0.         0.         0.         0.01133252 0.         0.         0.01107249 0.         0.         0.01149657 0.         0.         0.         0.         0.01107249 0.01143857 0.90845402 0.         0.01140318 0.         0.         0.        ],[0. 0. 1. 0. 0. 0. 0. 0. 1. 0. 0. 0. 1. 0. 0. 1. 0. 0. 1. 0. 0. 0. 0. 1. 1. 1. 0. 1. 0. 0. 0.],9.0,best,10000,100000,100,0.9,0.5,0.9,0.5,0.9,5,0.76,1,9,,problem_solving,10
9400,0.016114277391784726,0.138882,0.004357975726359127,0.8760000000000001,0.5179482316244518,1.0327087211256996,[0.         0.         0.01107249 0.         0.         0.         0.         0.         0.01265766 0.         0.         0.         0.01133252 0.         0.         0.01107249 0.         0.         0.01149657 0.         0.         0.         0.         0.01107249 0.01143857 0.90845402 0.         0.01140318 0.         0.         0.        ],[0. 0. 1. 0. 0. 0. 0. 0. 1. 0. 0. 0. 1. 0. 0. 1. 0. 0. 1. 0. 0. 0. 0. 1. 1. 1. 0. 1. 0. 0. 0.],9.0,best,10000,100000,100,0.9,0.5,0.9,0.5,0.9,5,0.76,1,9,,problem_solving,10
9500,0.016114277391784726,0.138882,0.004357975726359127,0.88,0.5149127308617497,0.08251198915589958,[0.         0.         0.01107249 0.         0.         0.         0.         0.         0.01265766 0.         0.         0.         0.01133252 0.         0.         0.01107249 0.         0.         0.01149657 0.         0.         0.         0.         0.01107249 0.01143857 0.90845402 0.         0.01140318 0.         0.         0.        ],[0. 0. 1. 0. 0. 0. 0. 0. 1. 0. 0. 0. 1. 0. 0. 1. 0. 0. 1. 0. 0. 0. 0. 1. 1. 1. 0. 1. 0. 0. 0.],9.0,best,10000,100000,100,0.9,0.5,0.9,0.5,0.9,5,0.76,1,9,,problem_solving,10
9600,0.016114277391784726,0.138882,0.004357975726359127,0.884,0.5118950200330946,-3.4030417636790413,[0.         0.         0.01107249 0.         0.         0.         0.         0.         0.01265766 0.         0.         0.         0.01133252 0.         0.         0.01107249 0.         0.         0.01149657 0.         0.         0.         0.         0.01107249 0.01143857 0.90845402 0.         0.01140318 0.         0.         0.        ],[0. 0. 1. 0. 0. 0. 0. 0. 1. 0. 0. 0. 1. 0. 0. 1. 0. 0. 1. 0. 0. 0. 0. 1. 1. 1. 0. 1. 0. 0. 0.],9.0,best,10000,100000,100,0.9,0.5,0.9,0.5,0.9,5,0.76,1,9,,problem_solving,10
9700,0.016114277391784726,0.138882,0.004357975726359127,0.888,0.5088949948783402,-0.723179788335291,[0.         0.         0.01107249 0.         0.         0.         0.         0.         0.01265766 0.         0.         0.         0.01133252 0.         0.         0.01107249 0.         0.         0.01149657 0.         0.         0.         0.         0.01107249 0.01143857 0.90845402 0.         0.01140318 0.         0.         0.        ],[0. 0. 1. 0. 0. 0. 0. 0. 1. 0. 0. 0. 1. 0. 0. 1. 0. 0. 1. 0. 0. 0. 0. 1. 1. 1. 0. 1. 0. 0. 0.],9.0,best,10000,100000,100,0.9,0.5,0.9,0.5,0.9,5,0.76,1,9,,problem_solving,10
9800,0.016114277391784726,0.138882,0.004357975726359127,0.892,0.5059125517483702,-2.6447424535010957,[0.         0.         0.01107249 0.         0.         0.         0.         0.         0.01265766 0.         0.         0.         0.01133252 0.         0.         0.01107249 0.         0.         0.01149657 0.         0.         0.         0.         0.01107249 0.01143857 0.90845402 0.         0.01140318 0.         0.         0.        ],[0. 0. 1. 0. 0. 0. 0. 0. 1. 0. 0. 0. 1. 0. 0. 1. 0. 0. 1. 0. 0. 0. 0. 1. 1. 1. 0. 1. 0. 0. 0.],9.0,best,10000,100000,100,0.9,0.5,0.9,0.5,0.9,5,0.76,1,9,,problem_solving,10
9900,0.016114277391784726,0.138882,0.004357975726359127,0.896,0.5029475876015165,4.266005530827249,[0.         0.         0.01107249 0.         0.         0.         0.         0.         0.01265766 0.         0.         0.         0.01133252 0.         0.         0.01107249 0.         0.         0.01149657 0.         0.         0.         0.         0.01107249 0.01143857 0.90845402 0.         0.01140318 0.         0.         0.        ],[0. 0. 1. 0. 0. 0. 0. 0. 1. 0. 0. 0. 1. 0. 0. 1. 0. 0. 1. 0. 0. 0. 0. 1. 1. 1. 0. 1. 0. 0. 0.],9.0,best,10000,100000,100,0.9,0.5,0.9,0.5,0.9,5,0.76,1,9,,problem_solving,10
9999,0.016114277391784726,0.138882,0.004357975726359127,0.8999600000000001,0.500029390196995,0.04681652764445768,[0.         0.         0.01107249 0.         0.         0.         0.         0.         0.01265766 0.         0.         0.         0.01133252 0.         0.         0.01107249 0.         0.         0.01149657 0.         0.         0.         0.         0.01107249 0.01143857 0.90845402 0.         0.01140318 0.         0.         0.        ],[0. 0. 1. 0. 0. 0. 0. 0. 1. 0. 0. 0. 1. 0. 0. 1. 0. 0. 1. 0. 0. 0. 0. 1. 1. 1. 0. 1. 0. 0. 0.],9.0,best,10000,100000,100,0.9,0.5,0.9,0.5,0.9,5,0.76,1,9,,problem_solving,10
