iter,cost,risk,return,par,bw,move,X,Z,Q,pop_init,max_iter,pop_size,mem_size,mem_consider,par_min,par_max,bw_min,bw_max,sigma,lambda,port_n,k,seed,tag,local_search
1,-0.00134475491746722,0.004394,0.010707986624913738,0.50004,0.8999471007548476,2.177413939452337,[0.         0.         0.         0.         0.98757044 0.         0.         0.         0.         0.         0.         0.         0.         0.         0.         0.         0.         0.         0.         0.         0.         0.         0.         0.         0.         0.01242956 0.         0.         0.         0.         0.        ],[0. 0. 0. 0. 1. 0. 0. 0. 0. 0. 0. 0. 0. 0. 0. 0. 0. 0. 0. 0. 0. 0. 0. 0. 0. 1. 0. 0. 0. 0. 0.],2.0,best,10000,100000,100,0.9,0.5,0.9,0.5,0.9,3,0.62,1,2,,problem_solving,10
100,-0.0028093565845877366,0.007758,0.00495727296539433,0.504,0.894725436791504,1.5363361353886065,[0.         0.         0.         0.         0.98791545 0.         0.         0.         0.         0.         0.         0.         0.         0.         0.         0.         0.         0.         0.         0.         0.         0.         0.         0.         0.         0.01208455 0.         0.         0.         0.         0.        ],[0. 0. 0. 0. 1. 0. 0. 0. 0. 0. 0. 0. 0. 0. 0. 0. 0. 0. 0. 0. 0. 0. 0. 0. 0. 1. 0. 0. 0. 0. 0.],2.0,best,10000,100000,100,0.9,0.5,0.9,0.5,0.9,3,0.62,1,2,,problem_solving,10
200,-0.0028093565845877366,0.007758,0.00495727296539433,0.508,0.8894817858241639,0.5339651326817513,[0.         0.         0.         0.         0.98791545 0.         0.         0.         0.         0.         0.         0.         0.         0.         0.         0.         0.         0.         0.         0.         0.         0.         0.         0.         0.         0.01208455 0.         0.         0.         0.         0.        ],[0. 0. 0. 0. 1. 0. 0. 0. 0. 0. 0. 0. 0. 0. 0. 0. 0. 0. 0. 0. 0. 0. 0. 0. 0. 1. 0. 0. 0. 0. 0.],2.0,best,10000,100000,100,0.9,0.5,0.9,0.5,0.9,3,0.62,1,2,,problem_solving,10
300,-0.0028093565845877366,0.007758,0.00495727296539433,0.512,0.8842688659329022,2.7585345285996663,[0.         0.         0.         0.         0.98791545 0.         0.         0.         0.         0.         0.         0.         0.         0.         0.         0.         0.         0.         0.         0.         0.         0.         0.         0.         0.         0.01208455 0.         0.         0.         0.         0.        ],[0. 0. 0. 0. 1. 0. 0. 0. 0. 0. 0. 0. 0. 0. 0. 0. 0. 0. 0. 0. 0. 0. 0. 0. 0. 1. 0. 0. 0. 0. 0.],2.0,best,10000,100000,100,0.9,0.5,0.9,0.5,0.9,3,0.62,1,2,,problem_solving,10
400,-0.0028093565845877366,0.007758,0.00495727296539433,0.516,0.879086497014382,2.873580020509186,[0.         0.         0.         0.         0.98791545 0.         0.         0.         0.         0.         0.         0.         0.         0.         0.         0.         0.         0.         0.         0.         0.         0.         0.         0.         0.         0.01208455 0.         0.         0.         0.         0.        ],[0. 0. 0. 0. 1. 0. 0. 0. 0. 0. 0. 0. 0. 0. 0. 0. 0. 0. 0. 0. 0. 0. 0. 0. 0. 1. 0. 0. 0. 0. 0.],2.0,best,10000,100000,100,0.9,0.5,0.9,0.5,0.9,3,0.62,1,2,,problem_solving,10
500,-0.0028093565845877366,0.007758,0.00495727296539433,0.52,0.8739345000207845,-2.5841816298746765,[0.         0.         0.         0.         0.98791545 0.         0.         0.         0.         0.         0.         0.         0.         0.         0.         0.         0.         0.         0.         0.         0.         0.         0.         0.         0.         0.01208455 0.         0.         0.         0.         0.        ],[0. 0. 0. 0. 1. 0. 0. 0. 0. 0. 0. 0. 0. 0. 0. 0. 0. 0. 0. 0. 0. 0. 0. 0. 0. 1. 0. 0. 0. 0. 0.],2.0,best,10000,100000,100,0.9,0.5,0.9,0.5,0.9,3,0.62,1,2,,problem_solving,10
600,-0.0028093565845877366,0.007758,0.00495727296539433,0.524,0.8688126969536234,1.020266163365171,[0.         0.         0.         0.         0.98791545 0.         0.         0.         0.         0.         0.         0.         0.         0.         0.         0.         0.         0.         0.         0.         0.         0.         0.         0.         0.         0.01208455 0.         0.         0.         0.         0.        ],[0. 0. 0. 0. 1. 0. 0. 0. 0. 0. 0. 0. 0. 0. 0. 0. 0. 0. 0. 0. 0. 0. 0. 0. 0. 1. 0. 0. 0. 0. 0.],2.0,best,10000,100000,100,0.9,0.5,0.9,0.5,0.9,3,0.62,1,2,,problem_solving,10
700,-0.0028469110600375155,0.005331,0.0013303551861112595,0.528,0.8637209108575947,0.9290173567728138,[0.         0.         0.         0.         0.98786858 0.         0.         0.         0.         0.         0.         0.         0.         0.         0.         0.         0.         0.         0.         0.         0.         0.         0.         0.         0.         0.         0.         0.01213142 0.         0.         0.        ],[0. 0. 0. 0. 1. 0. 0. 0. 0. 0. 0. 0. 0. 0. 0. 0. 0. 0. 0. 0. 0. 0. 0. 0. 0. 0. 0. 1. 0. 0. 0.],2.0,best,10000,100000,100,0.9,0.5,0.9,0.5,0.9,3,0.62,1,2,,problem_solving,10
800,-0.0028469110600375155,0.005331,0.0013303551861112595,0.532,0.8586589658144633,2.173656807689228,[0.         0.         0.         0.         0.98786858 0.         0.         0.         0.         0.         0.         0.         0.         0.         0.         0.         0.         0.         0.         0.         0.         0.         0.         0.         0.         0.         0.         0.01213142 0.         0.         0.        ],[0. 0. 0. 0. 1. 0. 0. 0. 0. 0. 0. 0. 0. 0. 0. 0. 0. 0. 0. 0. 0. 0. 0. 0. 0. 0. 0. 1. 0. 0. 0.],2.0,best,10000,100000,100,0.9,0.5,0.9,0.5,0.9,3,0.62,1,2,,problem_solving,10
900,-0.002849459743192744,0.008739,0.006942718078272113,0.536,0.8536266869369854,-1.3398217161305381,[0.         0.         0.         0.         0.98788978 0.         0.         0.         0.         0.         0.         0.         0.         0.         0.         0.         0.         0.         0.         0.         0.         0.         0.         0.         0.         0.         0.         0.01211022 0.         0.         0.        ],[0. 0. 0. 0. 1. 0. 0. 0. 0. 0. 0. 0. 0. 0. 0. 0. 0. 0. 0. 0. 0. 0. 0. 0. 0. 0. 0. 1. 0. 0. 0.],2.0,best,10000,100000,100,0.9,0.5,0.9,0.5,0.9,3,0.62,1,2,,problem_solving,10
1000,-0.002849459743192744,0.008739,0.006942718078272113,0.54,0.8486239003628652,1.8091740896305022,[0.         0.         0.         0.         0.98788978 0.         0.         0.         0.         0.         0.         0.         0.         0.         0.         0.         0.         0.         0.         0.         0.         0.         0.         0.         0.         0.         0.         0.01211022 0.         0.         0.        ],[0. 0. 0. 0. 1. 0. 0. 0. 0. 0. 0. 0. 0. 0. 0. 0. 0. 0. 0. 0. 0. 0. 0. 0. 0. 0. 0. 1. 0. 0. 0.],2.0,best,10000,100000,100,0.9,0.5,0.9,0.5,0.9,3,0.62,1,2,,problem_solving,10
1100,-0.0028936225979961866,0.004549,0.007056594198936162,0.544,0.8436504332487491,0.8741917904914811,[0.         0.         0.         0.         0.98831655 0.         0.         0.         0.         0.         0.         0.         0.         0.         0.         0.         0.         0.         0.         0.         0.         0.         0.         0.         0.         0.         0.         0.01168345 0.         0.         0.        ],[0. 0. 0. 0. 1. 0. 0. 0. 0. 0. 0. 0. 0. 0. 0. 0. 0. 0. 0. 0. 0. 0. 0. 0. 0. 0. 0. 1. 0. 0. 0.],2.0,best,10000,100000,100,0.9,0.5,0.9,0.5,0.9,3,0.62,1,2,,problem_solving,10
1200,-0.0028936225979961866,0.004549,0.007056594198936162,0.548,0.838706113764254,-0.45602013127466523,[0.         0.         0.         0.         0.98831655 0.         0.         0.         0.         0.         0.         0.         0.         0.         0.         0.         0.         0.         0.         0.         0.         0.         0.         0.         0.         0.         0.         0.01168345 0.         0.         0.        ],[0. 0. 0. 0. 1. 0. 0. 0. 0. 0. 0. 0. 0. 0. 0. 0. 0. 0. 0. 0. 0. 0. 0. 0. 0. 0. 0. 1. 0. 0. 0.],2.0,best,10000,100000,100,0.9,0.5,0.9,0.5,0.9,3,0.62,1,2,,problem_solving,10
1300,-0.0028936225979961866,0.004549,0.007056594198936162,0.552,0.83379077108603,2.962441246152039,[0.         0.         0.         0.         0.98831655 0.         0.         0.         0.         0.         0.         0.         0.         0.         0.         0.         0.         0.         0.         0.         0.         0.         0.         0.         0.         0.         0.         0.01168345 0.         0.         0.        ],[0. 0. 0. 0. 1. 0. 0. 0. 0. 0. 0. 0. 0. 0. 0. 0. 0. 0. 0. 0. 0. 0. 0. 0. 0. 0. 0. 1. 0. 0. 0.],2.0,best,10000,100000,100,0.9,0.5,0.9,0.5,0.9,3,0.62,1,2,,problem_solving,10
1400,-0.0028936225979961866,0.004549,0.007056594198936162,0.556,0.828904235391859,2.5077029806529687,[0.         0.         0.         0.         0.98831655 0.         0.         0.         0.         0.         0.         0.         0.         0.         0.         0.         0.         0.         0.         0.         0.         0.         0.         0.         0.         0.         0.         0.01168345 0.         0.         0.        ],[0. 0. 0. 0. 1. 0. 0. 0. 0. 0. 0. 0. 0. 0. 0. 0. 0. 0. 0. 0. 0. 0. 0. 0. 0. 0. 0. 1. 0. 0. 0.],2.0,best,10000,100000,100,0.9,0.5,0.9,0.5,0.9,3,0.62,1,2,,problem_solving,10
1500,-0.0028936225979961866,0.004549,0.007056594198936162,0.56,0.8240463378547873,-2.095478270636196,[0.         0.         0.         0.         0.98831655 0.         0.         0.         0.         0.         0.         0.         0.         0.         0.         0.         0.         0.         0.         0.         0.         0.         0.         0.         0.         0.         0.         0.01168345 0.         0.         0.        ],[0. 0. 0. 0. 1. 0. 0. 0. 0. 0. 0. 0. 0. 0. 0. 0. 0. 0. 0. 0. 0. 0. 0. 0. 0. 0. 0. 1. 0. 0. 0.],2.0,best,10000,100000,100,0.9,0.5,0.9,0.5,0.9,3,0.62,1,2,,problem_solving,10
1600,-0.0028936225979961866,0.004549,0.007056594198936162,0.5640000000000001,0.8192169106372932,3.7248100863862903,[0.         0.         0.         0.         0.98831655 0.         0.         0.         0.         0.         0.         0.         0.         0.         0.         0.         0.         0.         0.         0.         0.         0.         0.         0.         0.         0.         0.         0.01168345 0.         0.         0.        ],[0. 0. 0. 0. 1. 0. 0. 0. 0. 0. 0. 0. 0. 0. 0. 0. 0. 0. 0. 0. 0. 0. 0. 0. 0. 0. 0. 1. 0. 0. 0.],2.0,best,10000,100000,100,0.9,0.5,0.9,0.5,0.9,3,0.62,1,2,,problem_solving,10
1700,-0.0028936225979961866,0.004549,0.007056594198936162,0.5680000000000001,0.8144157868854872,-0.8880038493106334,[0.         0.         0.         0.         0.98831655 0.         0.         0.         0.         0.         0.         0.         0.         0.         0.         0.         0.         0.         0.         0.         0.         0.         0.         0.         0.         0.         0.         0.01168345 0.         0.         0.        ],[0. 0. 0. 0. 1. 0. 0. 0. 0. 0. 0. 0. 0. 0. 0. 0. 0. 0. 0. 0. 0. 0. 0. 0. 0. 0. 0. 1. 0. 0. 0.],2.0,best,10000,100000,100,0.9,0.5,0.9,0.5,0.9,3,0.62,1,2,,problem_solving,10
1800,-0.0028936225979961866,0.004549,0.007056594198936162,0.5720000000000001,0.8096428007233489,2.6092606620477543,[0.         0.         0.         0.         0.98831655 0.         0.         0.         0.         0.         0.         0.         0.         0.         0.         0.         0.         0.         0.         0.         0.         0.         0.         0.         0.         0.         0.         0.01168345 0.         0.         0.        ],[0. 0. 0. 0. 1. 0. 0. 0. 0. 0. 0. 0. 0. 0. 0. 0. 0. 0. 0. 0. 0. 0. 0. 0. 0. 0. 0. 1. 0. 0. 0.],2.0,best,10000,100000,100,0.9,0.5,0.9,0.5,0.9,3,0.62,1,2,,problem_solving,10
1900,-0.0028936225979961866,0.004549,0.007056594198936162,0.5760000000000001,0.8048977872469943,0.06835951542376911,[0.         0.         0.         0.         0.98831655 0.         0.         0.         0.         0.         0.         0.         0.         0.         0.         0.         0.         0.         0.         0.         0.         0.         0.         0.         0.         0.         0.         0.01168345 0.         0.         0.        ],[0. 0. 0. 0. 1. 0. 0. 0. 0. 0. 0. 0. 0. 0. 0. 0. 0. 0. 0. 0. 0. 0. 0. 0. 0. 0. 0. 1. 0. 0. 0.],2.0,best,10000,100000,100,0.9,0.5,0.9,0.5,0.9,3,0.62,1,2,,problem_solving,10
2000,-0.0028936225979961866,0.004549,0.007056594198936162,0.58,0.80018058251898,-3.4800693441720516,[0.         0.         0.         0.         0.98831655 0.         0.         0.         0.         0.         0.         0.         0.         0.         0.         0.         0.         0.         0.         0.         0.         0.         0.         0.         0.         0.         0.         0.01168345 0.         0.         0.        ],[0. 0. 0. 0. 1. 0. 0. 0. 0. 0. 0. 0. 0. 0. 0. 0. 0. 0. 0. 0. 0. 0. 0. 0. 0. 0. 0. 1. 0. 0. 0.],2.0,best,10000,100000,100,0.9,0.5,0.9,0.5,0.9,3,0.62,1,2,,problem_solving,10
2100,-0.0028936225979961866,0.004549,0.007056594198936162,0.584,0.7954910235626383,1.6348521859221758,[0.         0.         0.         0.         0.98831655 0.         0.         0.         0.         0.         0.         0.         0.         0.         0.         0.         0.         0.         0.         0.         0.         0.         0.         0.         0.         0.         0.         0.01168345 0.         0.         0.        ],[0. 0. 0. 0. 1. 0. 0. 0. 0. 0. 0. 0. 0. 0. 0. 0. 0. 0. 0. 0. 0. 0. 0. 0. 0. 0. 0. 1. 0. 0. 0.],2.0,best,10000,100000,100,0.9,0.5,0.9,0.5,0.9,3,0.62,1,2,,problem_solving,10
2200,-0.0028936225979961866,0.004549,0.007056594198936162,0.588,0.7908289483564468,-3.847515602420331,[0.         0.         0.         0.         0.98831655 0.         0.         0.         0.         0.         0.         0.         0.         0.         0.         0.         0.         0.         0.         0.         0.         0.         0.         0.         0.         0.         0.         0.01168345 0.         0.         0.        ],[0. 0. 0. 0. 1. 0. 0. 0. 0. 0. 0. 0. 0. 0. 0. 0. 0. 0. 0. 0. 0. 0. 0. 0. 0. 0. 0. 1. 0. 0. 0.],2.0,best,10000,100000,100,0.9,0.5,0.9,0.5,0.9,3,0.62,1,2,,problem_solving,10
2300,-0.0028936225979961866,0.004549,0.007056594198936162,0.592,0.7861941958284306,3.1347526327527655,[0.         0.         0.         0.         0.98831655 0.         0.         0.         0.         0.         0.         0.         0.         0.         0.         0.         0.         0.         0.         0.         0.         0.         0.         0.         0.         0.         0.         0.01168345 0.         0.         0.        ],[0. 0. 0. 0. 1. 0. 0. 0. 0. 0. 0. 0. 0. 0. 0. 0. 0. 0. 0. 0. 0. 0. 0. 0. 0. 0. 0. 1. 0. 0. 0.],2.0,best,10000,100000,100,0.9,0.5,0.9,0.5,0.9,3,0.62,1,2,,problem_solving,10
2400,-0.0028936225979961866,0.004549,0.007056594198936162,0.596,0.7815866058505976,-3.411576855454974,[0.         0.         0.         0.         0.98831655 0.         0.         0.         0.         0.         0.         0.         0.         0.         0.         0.         0.         0.         0.         0.         0.         0.         0.         0.         0.         0.         0.         0.01168345 0.         0.         0.        ],[0. 0. 0. 0. 1. 0. 0. 0. 0. 0. 0. 0. 0. 0. 0. 0. 0. 0. 0. 0. 0. 0. 0. 0. 0. 0. 0. 1. 0. 0. 0.],2.0,best,10000,100000,100,0.9,0.5,0.9,0.5,0.9,3,0.62,1,2,,problem_solving,10
2500,-0.0028936225979961866,0.004549,0.007056594198936162,0.6,0.7770060192334055,1.6252842508921965,[0.         0.         0.         0.         0.98831655 0.         0.         0.         0.         0.         0.         0.         0.         0.         0.         0.         0.         0.         0.         0.         0.         0.         0.         0.         0.         0.         0.         0.01168345 0.         0.         0.        ],[0. 0. 0. 0. 1. 0. 0. 0. 0. 0. 0. 0. 0. 0. 0. 0. 0. 0. 0. 0. 0. 0. 0. 0. 0. 0. 0. 1. 0. 0. 0.],2.0,best,10000,100000,100,0.9,0.5,0.9,0.5,0.9,3,0.62,1,2,,problem_solving,10
2600,-0.0028936225979961866,0.004549,0.007056594198936162,0.604,0.7724522777202627,-0.875062102406549,[0.         0.         0.         0.         0.98831655 0.         0.         0.         0.         0.         0.         0.         0.         0.         0.         0.         0.         0.         0.         0.         0.         0.         0.         0.         0.         0.         0.         0.01168345 0.         0.         0.        ],[0. 0. 0. 0. 1. 0. 0. 0. 0. 0. 0. 0. 0. 0. 0. 0. 0. 0. 0. 0. 0. 0. 0. 0. 0. 0. 0. 1. 0. 0. 0.],2.0,best,10000,100000,100,0.9,0.5,0.9,0.5,0.9,3,0.62,1,2,,problem_solving,10
2700,-0.0028936225979961866,0.004549,0.007056594198936162,0.608,0.7679252239820602,-0.6763322921479189,[0.         0.         0.         0.         0.98831655 0.         0.         0.         0.         0.         0.         0.         0.         0.         0.         0.         0.         0.         0.         0.         0.         0.         0.         0.         0.         0.         0.         0.01168345 0.         0.         0.        ],[0. 0. 0. 0. 1. 0. 0. 0. 0. 0. 0. 0. 0. 0. 0. 0. 0. 0. 0. 0. 0. 0. 0. 0. 0. 0. 0. 1. 0. 0. 0.],2.0,best,10000,100000,100,0.9,0.5,0.9,0.5,0.9,3,0.62,1,2,,problem_solving,10
2800,-0.0029339319097078783,0.011528,0.01052546011575262,0.612,0.7634247016117359,0.8594871558379233,[0.         0.         0.         0.         0.98870211 0.         0.         0.         0.         0.         0.         0.         0.         0.         0.         0.         0.         0.         0.         0.         0.         0.         0.         0.         0.         0.         0.         0.01129789 0.         0.         0.        ],[0. 0. 0. 0. 1. 0. 0. 0. 0. 0. 0. 0. 0. 0. 0. 0. 0. 0. 0. 0. 0. 0. 0. 0. 0. 0. 0. 1. 0. 0. 0.],2.0,best,10000,100000,100,0.9,0.5,0.9,0.5,0.9,3,0.62,1,2,,problem_solving,10
2900,-0.0029339319097078783,0.011528,0.01052546011575262,0.616,0.758950555118871,1.9514336101881327,[0.         0.         0.         0.         0.98870211 0.         0.         0.         0.         0.         0.         0.         0.         0.         0.         0.         0.         0.         0.         0.         0.         0.         0.         0.         0.         0.         0.         0.01129789 0.         0.         0.        ],[0. 0. 0. 0. 1. 0. 0. 0. 0. 0. 0. 0. 0. 0. 0. 0. 0. 0. 0. 0. 0. 0. 0. 0. 0. 0. 0. 1. 0. 0. 0.],2.0,best,10000,100000,100,0.9,0.5,0.9,0.5,0.9,3,0.62,1,2,,problem_solving,10
3000,-0.0029339319097078783,0.011528,0.01052546011575262,0.62,0.754502629924318,2.146511484872205,[0.         0.         0.         0.         0.98870211 0.         0.         0.         0.         0.         0.         0.         0.         0.         0.         0.         0.         0.         0.         0.         0.         0.         0.         0.         0.         0.         0.         0.01129789 0.         0.         0.        ],[0. 0. 0. 0. 1. 0. 0. 0. 0. 0. 0. 0. 0. 0. 0. 0. 0. 0. 0. 0. 0. 0. 0. 0. 0. 0. 0. 1. 0. 0. 0.],2.0,best,10000,100000,100,0.9,0.5,0.9,0.5,0.9,3,0.62,1,2,,problem_solving,10
3100,-0.0029339319097078783,0.011528,0.01052546011575262,0.624,0.7500807723548599,0.8401157460311147,[0.         0.         0.         0.         0.98870211 0.         0.         0.         0.         0.         0.         0.         0.         0.         0.         0.         0.         0.         0.         0.         0.         0.         0.         0.         0.         0.         0.         0.01129789 0.         0.         0.        ],[0. 0. 0. 0. 1. 0. 0. 0. 0. 0. 0. 0. 0. 0. 0. 0. 0. 0. 0. 0. 0. 0. 0. 0. 0. 0. 0. 1. 0. 0. 0.],2.0,best,10000,100000,100,0.9,0.5,0.9,0.5,0.9,3,0.62,1,2,,problem_solving,10
3200,-0.0029339319097078783,0.011528,0.01052546011575262,0.628,0.7456848296379007,-2.5425962683619607,[0.         0.         0.         0.         0.98870211 0.         0.         0.         0.         0.         0.         0.         0.         0.         0.         0.         0.         0.         0.         0.         0.         0.         0.         0.         0.         0.         0.         0.01129789 0.         0.         0.        ],[0. 0. 0. 0. 1. 0. 0. 0. 0. 0. 0. 0. 0. 0. 0. 0. 0. 0. 0. 0. 0. 0. 0. 0. 0. 0. 0. 1. 0. 0. 0.],2.0,best,10000,100000,100,0.9,0.5,0.9,0.5,0.9,3,0.62,1,2,,problem_solving,10
3300,-0.0029339319097078783,0.011528,0.01052546011575262,0.632,0.7413146498961878,-3.176132344820125,[0.         0.         0.         0.         0.98870211 0.         0.         0.         0.         0.         0.         0.         0.         0.         0.         0.         0.         0.         0.         0.         0.         0.         0.         0.         0.         0.         0.         0.01129789 0.         0.         0.        ],[0. 0. 0. 0. 1. 0. 0. 0. 0. 0. 0. 0. 0. 0. 0. 0. 0. 0. 0. 0. 0. 0. 0. 0. 0. 0. 0. 1. 0. 0. 0.],2.0,best,10000,100000,100,0.9,0.5,0.9,0.5,0.9,3,0.62,1,2,,problem_solving,10
3400,-0.0029339319097078783,0.011528,0.01052546011575262,0.636,0.7369700821425638,-1.5771560879543576,[0.         0.         0.         0.         0.98870211 0.         0.         0.         0.         0.         0.         0.         0.         0.         0.         0.         0.         0.         0.         0.         0.         0.         0.         0.         0.         0.         0.         0.01129789 0.         0.         0.        ],[0. 0. 0. 0. 1. 0. 0. 0. 0. 0. 0. 0. 0. 0. 0. 0. 0. 0. 0. 0. 0. 0. 0. 0. 0. 0. 0. 1. 0. 0. 0.],2.0,best,10000,100000,100,0.9,0.5,0.9,0.5,0.9,3,0.62,1,2,,problem_solving,10
3500,-0.0029339319097078783,0.011528,0.01052546011575262,0.64,0.7326509762747511,-2.5236123468287173,[0.         0.         0.         0.         0.98870211 0.         0.         0.         0.         0.         0.         0.         0.         0.         0.         0.         0.         0.         0.         0.         0.         0.         0.         0.         0.         0.         0.         0.01129789 0.         0.         0.        ],[0. 0. 0. 0. 1. 0. 0. 0. 0. 0. 0. 0. 0. 0. 0. 0. 0. 0. 0. 0. 0. 0. 0. 0. 0. 0. 0. 1. 0. 0. 0.],2.0,best,10000,100000,100,0.9,0.5,0.9,0.5,0.9,3,0.62,1,2,,problem_solving,10
3600,-0.0029339319097078783,0.011528,0.01052546011575262,0.644,0.7283571830701648,-0.5779974193366726,[0.         0.         0.         0.         0.98870211 0.         0.         0.         0.         0.         0.         0.         0.         0.         0.         0.         0.         0.         0.         0.         0.         0.         0.         0.         0.         0.         0.         0.01129789 0.         0.         0.        ],[0. 0. 0. 0. 1. 0. 0. 0. 0. 0. 0. 0. 0. 0. 0. 0. 0. 0. 0. 0. 0. 0. 0. 0. 0. 0. 0. 1. 0. 0. 0.],2.0,best,10000,100000,100,0.9,0.5,0.9,0.5,0.9,3,0.62,1,2,,problem_solving,10
3700,-0.0029339319097078783,0.011528,0.01052546011575262,0.648,0.7240885541807586,0.5343282349781128,[0.         0.         0.         0.         0.98870211 0.         0.         0.         0.         0.         0.         0.         0.         0.         0.         0.         0.         0.         0.         0.         0.         0.         0.         0.         0.         0.         0.         0.01129789 0.         0.         0.        ],[0. 0. 0. 0. 1. 0. 0. 0. 0. 0. 0. 0. 0. 0. 0. 0. 0. 0. 0. 0. 0. 0. 0. 0. 0. 0. 0. 1. 0. 0. 0.],2.0,best,10000,100000,100,0.9,0.5,0.9,0.5,0.9,3,0.62,1,2,,problem_solving,10
3800,-0.0029339319097078783,0.011528,0.01052546011575262,0.652,0.7198449421278975,5.49572933509538,[0.         0.         0.         0.         0.98870211 0.         0.         0.         0.         0.         0.         0.         0.         0.         0.         0.         0.         0.         0.         0.         0.         0.         0.         0.         0.         0.         0.         0.01129789 0.         0.         0.        ],[0. 0. 0. 0. 1. 0. 0. 0. 0. 0. 0. 0. 0. 0. 0. 0. 0. 0. 0. 0. 0. 0. 0. 0. 0. 0. 0. 1. 0. 0. 0.],2.0,best,10000,100000,100,0.9,0.5,0.9,0.5,0.9,3,0.62,1,2,,problem_solving,10
3900,-0.0029339319097078783,0.011528,0.01052546011575262,0.656,0.7156262002972644,1.5818889398920715,[0.         0.         0.         0.         0.98870211 0.         0.         0.         0.         0.         0.         0.         0.         0.         0.         0.         0.         0.         0.         0.         0.         0.         0.         0.         0.         0.         0.         0.01129789 0.         0.         0.        ],[0. 0. 0. 0. 1. 0. 0. 0. 0. 0. 0. 0. 0. 0. 0. 0. 0. 0. 0. 0. 0. 0. 0. 0. 0. 0. 0. 1. 0. 0. 0.],2.0,best,10000,100000,100,0.9,0.5,0.9,0.5,0.9,3,0.62,1,2,,problem_solving,10
4000,-0.0029339319097078783,0.011528,0.01052546011575262,0.66,0.7114321829337936,1.9863864889599028,[0.         0.         0.         0.         0.98870211 0.         0.         0.         0.         0.         0.         0.         0.         0.         0.         0.         0.         0.         0.         0.         0.         0.         0.         0.         0.         0.         0.         0.01129789 0.         0.         0.        ],[0. 0. 0. 0. 1. 0. 0. 0. 0. 0. 0. 0. 0. 0. 0. 0. 0. 0. 0. 0. 0. 0. 0. 0. 0. 0. 0. 1. 0. 0. 0.],2.0,best,10000,100000,100,0.9,0.5,0.9,0.5,0.9,3,0.62,1,2,,problem_solving,10
4100,-0.0029339319097078783,0.011528,0.01052546011575262,0.664,0.707262745136635,-0.3107237171859018,[0.         0.         0.         0.         0.98870211 0.         0.         0.         0.         0.         0.         0.         0.         0.         0.         0.         0.         0.         0.         0.         0.         0.         0.         0.         0.         0.         0.         0.01129789 0.         0.         0.        ],[0. 0. 0. 0. 1. 0. 0. 0. 0. 0. 0. 0. 0. 0. 0. 0. 0. 0. 0. 0. 0. 0. 0. 0. 0. 0. 0. 1. 0. 0. 0.],2.0,best,10000,100000,100,0.9,0.5,0.9,0.5,0.9,3,0.62,1,2,,problem_solving,10
4200,-0.0029339319097078783,0.011528,0.01052546011575262,0.668,0.7031177428541489,3.2653418547518545,[0.         0.         0.         0.         0.98870211 0.         0.         0.         0.         0.         0.         0.         0.         0.         0.         0.         0.         0.         0.         0.         0.         0.         0.         0.         0.         0.         0.         0.01129789 0.         0.         0.        ],[0. 0. 0. 0. 1. 0. 0. 0. 0. 0. 0. 0. 0. 0. 0. 0. 0. 0. 0. 0. 0. 0. 0. 0. 0. 0. 0. 1. 0. 0. 0.],2.0,best,10000,100000,100,0.9,0.5,0.9,0.5,0.9,3,0.62,1,2,,problem_solving,10
4300,-0.0029339319097078783,0.011528,0.01052546011575262,0.672,0.6989970328789274,-2.0236396535849974,[0.         0.         0.         0.         0.98870211 0.         0.         0.         0.         0.         0.         0.         0.         0.         0.         0.         0.         0.         0.         0.         0.         0.         0.         0.         0.         0.         0.         0.01129789 0.         0.         0.        ],[0. 0. 0. 0. 1. 0. 0. 0. 0. 0. 0. 0. 0. 0. 0. 0. 0. 0. 0. 0. 0. 0. 0. 0. 0. 0. 0. 1. 0. 0. 0.],2.0,best,10000,100000,100,0.9,0.5,0.9,0.5,0.9,3,0.62,1,2,,problem_solving,10
4400,-0.0029339319097078783,0.011528,0.01052546011575262,0.676,0.6949004728428485,-0.5811981224460696,[0.         0.         0.         0.         0.98870211 0.         0.         0.         0.         0.         0.         0.         0.         0.         0.         0.         0.         0.         0.         0.         0.         0.         0.         0.         0.         0.         0.         0.01129789 0.         0.         0.        ],[0. 0. 0. 0. 1. 0. 0. 0. 0. 0. 0. 0. 0. 0. 0. 0. 0. 0. 0. 0. 0. 0. 0. 0. 0. 0. 0. 1. 0. 0. 0.],2.0,best,10000,100000,100,0.9,0.5,0.9,0.5,0.9,3,0.62,1,2,,problem_solving,10
4500,-0.0029339319097078783,0.011528,0.01052546011575262,0.68,0.6908279212121557,2.5471512904033617,[0.         0.         0.         0.         0.98870211 0.         0.         0.         0.         0.         0.         0.         0.         0.         0.         0.         0.         0.         0.         0.         0.         0.         0.         0.         0.         0.         0.         0.01129789 0.         0.         0.        ],[0. 0. 0. 0. 1. 0. 0. 0. 0. 0. 0. 0. 0. 0. 0. 0. 0. 0. 0. 0. 0. 0. 0. 0. 0. 0. 0. 1. 0. 0. 0.],2.0,best,10000,100000,100,0.9,0.5,0.9,0.5,0.9,3,0.62,1,2,,problem_solving,10
4600,-0.0029339319097078783,0.011528,0.01052546011575262,0.684,0.6867792372825697,2.172248769575473,[0.         0.         0.         0.         0.98870211 0.         0.         0.         0.         0.         0.         0.         0.         0.         0.         0.         0.         0.         0.         0.         0.         0.         0.         0.         0.         0.         0.         0.01129789 0.         0.         0.        ],[0. 0. 0. 0. 1. 0. 0. 0. 0. 0. 0. 0. 0. 0. 0. 0. 0. 0. 0. 0. 0. 0. 0. 0. 0. 0. 0. 1. 0. 0. 0.],2.0,best,10000,100000,100,0.9,0.5,0.9,0.5,0.9,3,0.62,1,2,,problem_solving,10
4700,-0.0029339319097078783,0.011528,0.01052546011575262,0.6880000000000001,0.6827542811744257,-2.2013479270145826,[0.         0.         0.         0.         0.98870211 0.         0.         0.         0.         0.         0.         0.         0.         0.         0.         0.         0.         0.         0.         0.         0.         0.         0.         0.         0.         0.         0.         0.01129789 0.         0.         0.        ],[0. 0. 0. 0. 1. 0. 0. 0. 0. 0. 0. 0. 0. 0. 0. 0. 0. 0. 0. 0. 0. 0. 0. 0. 0. 0. 0. 1. 0. 0. 0.],2.0,best,10000,100000,100,0.9,0.5,0.9,0.5,0.9,3,0.62,1,2,,problem_solving,10
4800,-0.0029339319097078783,0.011528,0.01052546011575262,0.692,0.6787529138278414,-0.5830407788808968,[0.         0.         0.         0.         0.98870211 0.         0.         0.         0.         0.         0.         0.         0.         0.         0.         0.         0.         0.         0.         0.         0.         0.         0.         0.         0.         0.         0.         0.01129789 0.         0.         0.        ],[0. 0. 0. 0. 1. 0. 0. 0. 0. 0. 0. 0. 0. 0. 0. 0. 0. 0. 0. 0. 0. 0. 0. 0. 0. 0. 0. 1. 0. 0. 0.],2.0,best,10000,100000,100,0.9,0.5,0.9,0.5,0.9,3,0.62,1,2,,problem_solving,10
4900,-0.0029339319097078783,0.011528,0.01052546011575262,0.696,0.6747749969979128,3.2412061852091267,[0.         0.         0.         0.         0.98870211 0.         0.         0.         0.         0.         0.         0.         0.         0.         0.         0.         0.         0.         0.         0.         0.         0.         0.         0.         0.         0.         0.         0.01129789 0.         0.         0.        ],[0. 0. 0. 0. 1. 0. 0. 0. 0. 0. 0. 0. 0. 0. 0. 0. 0. 0. 0. 0. 0. 0. 0. 0. 0. 0. 0. 1. 0. 0. 0.],2.0,best,10000,100000,100,0.9,0.5,0.9,0.5,0.9,3,0.62,1,2,,problem_solving,10
5000,-0.0029339319097078783,0.011528,0.01052546011575262,0.7,0.6708203932499369,-2.2159898250163343,[0.         0.         0.         0.         0.98870211 0.         0.         0.         0.         0.         0.         0.         0.         0.         0.         0.         0.         0.         0.         0.         0.         0.         0.         0.         0.         0.         0.         0.01129789 0.         0.         0.        ],[0. 0. 0. 0. 1. 0. 0. 0. 0. 0. 0. 0. 0. 0. 0. 0. 0. 0. 0. 0. 0. 0. 0. 0. 0. 0. 0. 1. 0. 0. 0.],2.0,best,10000,100000,100,0.9,0.5,0.9,0.5,0.9,3,0.62,1,2,,problem_solving,10
5100,-0.0029339319097078783,0.011528,0.01052546011575262,0.704,0.6668889659546647,-1.3904347197097469,[0.         0.         0.         0.         0.98870211 0.         0.         0.         0.         0.         0.         0.         0.         0.         0.         0.         0.         0.         0.         0.         0.         0.         0.         0.         0.         0.         0.         0.01129789 0.         0.         0.        ],[0. 0. 0. 0. 1. 0. 0. 0. 0. 0. 0. 0. 0. 0. 0. 0. 0. 0. 0. 0. 0. 0. 0. 0. 0. 0. 0. 1. 0. 0. 0.],2.0,best,10000,100000,100,0.9,0.5,0.9,0.5,0.9,3,0.62,1,2,,problem_solving,10
5200,-0.0029339319097078783,0.011528,0.01052546011575262,0.708,0.6629805792835798,2.338242152329753,[0.         0.         0.         0.         0.98870211 0.         0.         0.         0.         0.         0.         0.         0.         0.         0.         0.         0.         0.         0.         0.         0.         0.         0.         0.         0.         0.         0.         0.01129789 0.         0.         0.        ],[0. 0. 0. 0. 1. 0. 0. 0. 0. 0. 0. 0. 0. 0. 0. 0. 0. 0. 0. 0. 0. 0. 0. 0. 0. 0. 0. 1. 0. 0. 0.],2.0,best,10000,100000,100,0.9,0.5,0.9,0.5,0.9,3,0.62,1,2,,problem_solving,10
5300,-0.0029339319097078783,0.011528,0.01052546011575262,0.712,0.6590950982042058,3.999948528158678,[0.         0.         0.         0.         0.98870211 0.         0.         0.         0.         0.         0.         0.         0.         0.         0.         0.         0.         0.         0.         0.         0.         0.         0.         0.         0.         0.         0.         0.01129789 0.         0.         0.        ],[0. 0. 0. 0. 1. 0. 0. 0. 0. 0. 0. 0. 0. 0. 0. 0. 0. 0. 0. 0. 0. 0. 0. 0. 0. 0. 0. 1. 0. 0. 0.],2.0,best,10000,100000,100,0.9,0.5,0.9,0.5,0.9,3,0.62,1,2,,problem_solving,10
5400,-0.0029339319097078783,0.011528,0.01052546011575262,0.716,0.6552323884754414,0.6196109735157946,[0.         0.         0.         0.         0.98870211 0.         0.         0.         0.         0.         0.         0.         0.         0.         0.         0.         0.         0.         0.         0.         0.         0.         0.         0.         0.         0.         0.         0.01129789 0.         0.         0.        ],[0. 0. 0. 0. 1. 0. 0. 0. 0. 0. 0. 0. 0. 0. 0. 0. 0. 0. 0. 0. 0. 0. 0. 0. 0. 0. 0. 1. 0. 0. 0.],2.0,best,10000,100000,100,0.9,0.5,0.9,0.5,0.9,3,0.62,1,2,,problem_solving,10
5500,-0.0029339319097078783,0.011528,0.01052546011575262,0.72,0.651392316642922,1.7890615451792566,[0.         0.         0.         0.         0.98870211 0.         0.         0.         0.         0.         0.         0.         0.         0.         0.         0.         0.         0.         0.         0.         0.         0.         0.         0.         0.         0.         0.         0.01129789 0.         0.         0.        ],[0. 0. 0. 0. 1. 0. 0. 0. 0. 0. 0. 0. 0. 0. 0. 0. 0. 0. 0. 0. 0. 0. 0. 0. 0. 0. 0. 1. 0. 0. 0.],2.0,best,10000,100000,100,0.9,0.5,0.9,0.5,0.9,3,0.62,1,2,,problem_solving,10
5600,-0.0029339319097078783,0.011528,0.01052546011575262,0.724,0.6475747500344088,0.381542096047853,[0.         0.         0.         0.         0.98870211 0.         0.         0.         0.         0.         0.         0.         0.         0.         0.         0.         0.         0.         0.         0.         0.         0.         0.         0.         0.         0.         0.         0.01129789 0.         0.         0.        ],[0. 0. 0. 0. 1. 0. 0. 0. 0. 0. 0. 0. 0. 0. 0. 0. 0. 0. 0. 0. 0. 0. 0. 0. 0. 0. 0. 1. 0. 0. 0.],2.0,best,10000,100000,100,0.9,0.5,0.9,0.5,0.9,3,0.62,1,2,,problem_solving,10
5700,-0.0029339319097078783,0.011528,0.01052546011575262,0.728,0.643779556755206,-2.2407001554144776,[0.         0.         0.         0.         0.98870211 0.         0.         0.         0.         0.         0.         0.         0.         0.         0.         0.         0.         0.         0.         0.         0.         0.         0.         0.         0.         0.         0.         0.01129789 0.         0.         0.        ],[0. 0. 0. 0. 1. 0. 0. 0. 0. 0. 0. 0. 0. 0. 0. 0. 0. 0. 0. 0. 0. 0. 0. 0. 0. 0. 0. 1. 0. 0. 0.],2.0,best,10000,100000,100,0.9,0.5,0.9,0.5,0.9,3,0.62,1,2,,problem_solving,10
5800,-0.0029339319097078783,0.011528,0.01052546011575262,0.732,0.6400066056836028,0.33610751602028316,[0.         0.         0.         0.         0.98870211 0.         0.         0.         0.         0.         0.         0.         0.         0.         0.         0.         0.         0.         0.         0.         0.         0.         0.         0.         0.         0.         0.         0.01129789 0.         0.         0.        ],[0. 0. 0. 0. 1. 0. 0. 0. 0. 0. 0. 0. 0. 0. 0. 0. 0. 0. 0. 0. 0. 0. 0. 0. 0. 0. 0. 1. 0. 0. 0.],2.0,best,10000,100000,100,0.9,0.5,0.9,0.5,0.9,3,0.62,1,2,,problem_solving,10
5900,-0.0029339319097078783,0.011528,0.01052546011575262,0.736,0.6362557664663436,2.104393953655607,[0.         0.         0.         0.         0.98870211 0.         0.         0.         0.         0.         0.         0.         0.         0.         0.         0.         0.         0.         0.         0.         0.         0.         0.         0.         0.         0.         0.         0.01129789 0.         0.         0.        ],[0. 0. 0. 0. 1. 0. 0. 0. 0. 0. 0. 0. 0. 0. 0. 0. 0. 0. 0. 0. 0. 0. 0. 0. 0. 0. 0. 1. 0. 0. 0.],2.0,best,10000,100000,100,0.9,0.5,0.9,0.5,0.9,3,0.62,1,2,,problem_solving,10
6000,-0.0029339319097078783,0.011528,0.01052546011575262,0.74,0.6325269095141249,0.3817060331028725,[0.         0.         0.         0.         0.98870211 0.         0.         0.         0.         0.         0.         0.         0.         0.         0.         0.         0.         0.         0.         0.         0.         0.         0.         0.         0.         0.         0.         0.01129789 0.         0.         0.        ],[0. 0. 0. 0. 1. 0. 0. 0. 0. 0. 0. 0. 0. 0. 0. 0. 0. 0. 0. 0. 0. 0. 0. 0. 0. 0. 0. 1. 0. 0. 0.],2.0,best,10000,100000,100,0.9,0.5,0.9,0.5,0.9,3,0.62,1,2,,problem_solving,10
6100,-0.0029339319097078783,0.011528,0.01052546011575262,0.744,0.6288199059971172,-4.036080025620628,[0.         0.         0.         0.         0.98870211 0.         0.         0.         0.         0.         0.         0.         0.         0.         0.         0.         0.         0.         0.         0.         0.         0.         0.         0.         0.         0.         0.         0.01129789 0.         0.         0.        ],[0. 0. 0. 0. 1. 0. 0. 0. 0. 0. 0. 0. 0. 0. 0. 0. 0. 0. 0. 0. 0. 0. 0. 0. 0. 0. 0. 1. 0. 0. 0.],2.0,best,10000,100000,100,0.9,0.5,0.9,0.5,0.9,3,0.62,1,2,,problem_solving,10
6200,-0.0029339319097078783,0.011528,0.01052546011575262,0.748,0.6251346278405147,-0.370466526913632,[0.         0.         0.         0.         0.98870211 0.         0.         0.         0.         0.         0.         0.         0.         0.         0.         0.         0.         0.         0.         0.         0.         0.         0.         0.         0.         0.         0.         0.01129789 0.         0.         0.        ],[0. 0. 0. 0. 1. 0. 0. 0. 0. 0. 0. 0. 0. 0. 0. 0. 0. 0. 0. 0. 0. 0. 0. 0. 0. 0. 0. 1. 0. 0. 0.],2.0,best,10000,100000,100,0.9,0.5,0.9,0.5,0.9,3,0.62,1,2,,problem_solving,10
6300,-0.0029339319097078783,0.011528,0.01052546011575262,0.752,0.6214709477201097,-3.9351624157287843,[0.         0.         0.         0.         0.98870211 0.         0.         0.         0.         0.         0.         0.         0.         0.         0.         0.         0.         0.         0.         0.         0.         0.         0.         0.         0.         0.         0.         0.01129789 0.         0.         0.        ],[0. 0. 0. 0. 1. 0. 0. 0. 0. 0. 0. 0. 0. 0. 0. 0. 0. 0. 0. 0. 0. 0. 0. 0. 0. 0. 0. 1. 0. 0. 0.],2.0,best,10000,100000,100,0.9,0.5,0.9,0.5,0.9,3,0.62,1,2,,problem_solving,10
6400,-0.0029339319097078783,0.011528,0.01052546011575262,0.756,0.6178287390578946,2.0216561856343254,[0.         0.         0.         0.         0.98870211 0.         0.         0.         0.         0.         0.         0.         0.         0.         0.         0.         0.         0.         0.         0.         0.         0.         0.         0.         0.         0.         0.         0.01129789 0.         0.         0.        ],[0. 0. 0. 0. 1. 0. 0. 0. 0. 0. 0. 0. 0. 0. 0. 0. 0. 0. 0. 0. 0. 0. 0. 0. 0. 0. 0. 1. 0. 0. 0.],2.0,best,10000,100000,100,0.9,0.5,0.9,0.5,0.9,3,0.62,1,2,,problem_solving,10
6500,-0.0029339319097078783,0.011528,0.01052546011575262,0.76,0.6142078760176876,-0.14267035307564782,[0.         0.         0.         0.         0.98870211 0.         0.         0.         0.         0.         0.         0.         0.         0.         0.         0.         0.         0.         0.         0.         0.         0.         0.         0.         0.         0.         0.         0.01129789 0.         0.         0.        ],[0. 0. 0. 0. 1. 0. 0. 0. 0. 0. 0. 0. 0. 0. 0. 0. 0. 0. 0. 0. 0. 0. 0. 0. 0. 0. 0. 1. 0. 0. 0.],2.0,best,10000,100000,100,0.9,0.5,0.9,0.5,0.9,3,0.62,1,2,,problem_solving,10
6600,-0.0029339319097078783,0.011528,0.01052546011575262,0.764,0.6106082335007861,-0.904726879241285,[0.         0.         0.         0.         0.98870211 0.         0.         0.         0.         0.         0.         0.         0.         0.         0.         0.         0.         0.         0.         0.         0.         0.         0.         0.         0.         0.         0.         0.01129789 0.         0.         0.        ],[0. 0. 0. 0. 1. 0. 0. 0. 0. 0. 0. 0. 0. 0. 0. 0. 0. 0. 0. 0. 0. 0. 0. 0. 0. 0. 0. 1. 0. 0. 0.],2.0,best,10000,100000,100,0.9,0.5,0.9,0.5,0.9,3,0.62,1,2,,problem_solving,10
6700,-0.0029339319097078783,0.011528,0.01052546011575262,0.768,0.6070296871416437,1.3611086840882216,[0.         0.         0.         0.         0.98870211 0.         0.         0.         0.         0.         0.         0.         0.         0.         0.         0.         0.         0.         0.         0.         0.         0.         0.         0.         0.         0.         0.         0.01129789 0.         0.         0.        ],[0. 0. 0. 0. 1. 0. 0. 0. 0. 0. 0. 0. 0. 0. 0. 0. 0. 0. 0. 0. 0. 0. 0. 0. 0. 0. 0. 1. 0. 0. 0.],2.0,best,10000,100000,100,0.9,0.5,0.9,0.5,0.9,3,0.62,1,2,,problem_solving,10
6800,-0.0029339319097078783,0.011528,0.01052546011575262,0.772,0.6034721133035746,0.2681112367964433,[0.         0.         0.         0.         0.98870211 0.         0.         0.         0.         0.         0.         0.         0.         0.         0.         0.         0.         0.         0.         0.         0.         0.         0.         0.         0.         0.         0.         0.01129789 0.         0.         0.        ],[0. 0. 0. 0. 1. 0. 0. 0. 0. 0. 0. 0. 0. 0. 0. 0. 0. 0. 0. 0. 0. 0. 0. 0. 0. 0. 0. 1. 0. 0. 0.],2.0,best,10000,100000,100,0.9,0.5,0.9,0.5,0.9,3,0.62,1,2,,problem_solving,10
6900,-0.0029339319097078783,0.011528,0.01052546011575262,0.776,0.5999353890744809,-0.5326802138684852,[0.         0.         0.         0.         0.98870211 0.         0.         0.         0.         0.         0.         0.         0.         0.         0.         0.         0.         0.         0.         0.         0.         0.         0.         0.         0.         0.         0.         0.01129789 0.         0.         0.        ],[0. 0. 0. 0. 1. 0. 0. 0. 0. 0. 0. 0. 0. 0. 0. 0. 0. 0. 0. 0. 0. 0. 0. 0. 0. 0. 0. 1. 0. 0. 0.],2.0,best,10000,100000,100,0.9,0.5,0.9,0.5,0.9,3,0.62,1,2,,problem_solving,10
7000,-0.0029339319097078783,0.011528,0.01052546011575262,0.78,0.5964193922626064,1.2077987239477443,[0.         0.         0.         0.         0.98870211 0.         0.         0.         0.         0.         0.         0.         0.         0.         0.         0.         0.         0.         0.         0.         0.         0.         0.         0.         0.         0.         0.         0.01129789 0.         0.         0.        ],[0. 0. 0. 0. 1. 0. 0. 0. 0. 0. 0. 0. 0. 0. 0. 0. 0. 0. 0. 0. 0. 0. 0. 0. 0. 0. 0. 1. 0. 0. 0.],2.0,best,10000,100000,100,0.9,0.5,0.9,0.5,0.9,3,0.62,1,2,,problem_solving,10
7100,-0.0029339319097078783,0.011528,0.01052546011575262,0.784,0.5929240013923155,0.9610227412465224,[0.         0.         0.         0.         0.98870211 0.         0.         0.         0.         0.         0.         0.         0.         0.         0.         0.         0.         0.         0.         0.         0.         0.         0.         0.         0.         0.         0.         0.01129789 0.         0.         0.        ],[0. 0. 0. 0. 1. 0. 0. 0. 0. 0. 0. 0. 0. 0. 0. 0. 0. 0. 0. 0. 0. 0. 0. 0. 0. 0. 0. 1. 0. 0. 0.],2.0,best,10000,100000,100,0.9,0.5,0.9,0.5,0.9,3,0.62,1,2,,problem_solving,10
7200,-0.0029339319097078783,0.011528,0.01052546011575262,0.788,0.5894490956998952,-2.334505220463594,[0.         0.         0.         0.         0.98870211 0.         0.         0.         0.         0.         0.         0.         0.         0.         0.         0.         0.         0.         0.         0.         0.         0.         0.         0.         0.         0.         0.         0.01129789 0.         0.         0.        ],[0. 0. 0. 0. 1. 0. 0. 0. 0. 0. 0. 0. 0. 0. 0. 0. 0. 0. 0. 0. 0. 0. 0. 0. 0. 0. 0. 1. 0. 0. 0.],2.0,best,10000,100000,100,0.9,0.5,0.9,0.5,0.9,3,0.62,1,2,,problem_solving,10
7300,-0.0029339319097078783,0.011528,0.01052546011575262,0.792,0.5859945551293843,0.036381984945609624,[0.         0.         0.         0.         0.98870211 0.         0.         0.         0.         0.         0.         0.         0.         0.         0.         0.         0.         0.         0.         0.         0.         0.         0.         0.         0.         0.         0.         0.01129789 0.         0.         0.        ],[0. 0. 0. 0. 1. 0. 0. 0. 0. 0. 0. 0. 0. 0. 0. 0. 0. 0. 0. 0. 0. 0. 0. 0. 0. 0. 0. 1. 0. 0. 0.],2.0,best,10000,100000,100,0.9,0.5,0.9,0.5,0.9,3,0.62,1,2,,problem_solving,10
7400,-0.0029339319097078783,0.011528,0.01052546011575262,0.796,0.5825602603284237,-1.525470279463156,[0.         0.         0.         0.         0.98870211 0.         0.         0.         0.         0.         0.         0.         0.         0.         0.         0.         0.         0.         0.         0.         0.         0.         0.         0.         0.         0.         0.         0.01129789 0.         0.         0.        ],[0. 0. 0. 0. 1. 0. 0. 0. 0. 0. 0. 0. 0. 0. 0. 0. 0. 0. 0. 0. 0. 0. 0. 0. 0. 0. 0. 1. 0. 0. 0.],2.0,best,10000,100000,100,0.9,0.5,0.9,0.5,0.9,3,0.62,1,2,,problem_solving,10
7500,-0.0029339319097078783,0.011528,0.01052546011575262,0.8,0.5791460926441345,0.3530260623251418,[0.         0.         0.         0.         0.98870211 0.         0.         0.         0.         0.         0.         0.         0.         0.         0.         0.         0.         0.         0.         0.         0.         0.         0.         0.         0.         0.         0.         0.01129789 0.         0.         0.        ],[0. 0. 0. 0. 1. 0. 0. 0. 0. 0. 0. 0. 0. 0. 0. 0. 0. 0. 0. 0. 0. 0. 0. 0. 0. 0. 0. 1. 0. 0. 0.],2.0,best,10000,100000,100,0.9,0.5,0.9,0.5,0.9,3,0.62,1,2,,problem_solving,10
7600,-0.0029339319097078783,0.011528,0.01052546011575262,0.804,0.5757519341190179,0.04390509708328572,[0.         0.         0.         0.         0.98870211 0.         0.         0.         0.         0.         0.         0.         0.         0.         0.         0.         0.         0.         0.         0.         0.         0.         0.         0.         0.         0.         0.         0.01129789 0.         0.         0.        ],[0. 0. 0. 0. 1. 0. 0. 0. 0. 0. 0. 0. 0. 0. 0. 0. 0. 0. 0. 0. 0. 0. 0. 0. 0. 0. 0. 1. 0. 0. 0.],2.0,best,10000,100000,100,0.9,0.5,0.9,0.5,0.9,3,0.62,1,2,,problem_solving,10
7700,-0.0029339319097078783,0.011528,0.01052546011575262,0.808,0.5723776674868795,0.16194176336356417,[0.         0.         0.         0.         0.98870211 0.         0.         0.         0.         0.         0.         0.         0.         0.         0.         0.         0.         0.         0.         0.         0.         0.         0.         0.         0.         0.         0.         0.01129789 0.         0.         0.        ],[0. 0. 0. 0. 1. 0. 0. 0. 0. 0. 0. 0. 0. 0. 0. 0. 0. 0. 0. 0. 0. 0. 0. 0. 0. 0. 0. 1. 0. 0. 0.],2.0,best,10000,100000,100,0.9,0.5,0.9,0.5,0.9,3,0.62,1,2,,problem_solving,10
7800,-0.0029339319097078783,0.011528,0.01052546011575262,0.812,0.5690231761687783,-0.002667808119188847,[0.         0.         0.         0.         0.98870211 0.         0.         0.         0.         0.         0.         0.         0.         0.         0.         0.         0.         0.         0.         0.         0.         0.         0.         0.         0.         0.         0.         0.01129789 0.         0.         0.        ],[0. 0. 0. 0. 1. 0. 0. 0. 0. 0. 0. 0. 0. 0. 0. 0. 0. 0. 0. 0. 0. 0. 0. 0. 0. 0. 0. 1. 0. 0. 0.],2.0,best,10000,100000,100,0.9,0.5,0.9,0.5,0.9,3,0.62,1,2,,problem_solving,10
7900,-0.0029339319097078783,0.011528,0.01052546011575262,0.8160000000000001,0.5656883442689989,1.31920250093945,[0.         0.         0.         0.         0.98870211 0.         0.         0.         0.         0.         0.         0.         0.         0.         0.         0.         0.         0.         0.         0.         0.         0.         0.         0.         0.         0.         0.         0.01129789 0.         0.         0.        ],[0. 0. 0. 0. 1. 0. 0. 0. 0. 0. 0. 0. 0. 0. 0. 0. 0. 0. 0. 0. 0. 0. 0. 0. 0. 0. 0. 1. 0. 0. 0.],2.0,best,10000,100000,100,0.9,0.5,0.9,0.5,0.9,3,0.62,1,2,,problem_solving,10
8000,-0.0029339319097078783,0.011528,0.01052546011575262,0.8200000000000001,0.5623730565710474,-0.1803386528934415,[0.         0.         0.         0.         0.98870211 0.         0.         0.         0.         0.         0.         0.         0.         0.         0.         0.         0.         0.         0.         0.         0.         0.         0.         0.         0.         0.         0.         0.01129789 0.         0.         0.        ],[0. 0. 0. 0. 1. 0. 0. 0. 0. 0. 0. 0. 0. 0. 0. 0. 0. 0. 0. 0. 0. 0. 0. 0. 0. 0. 0. 1. 0. 0. 0.],2.0,best,10000,100000,100,0.9,0.5,0.9,0.5,0.9,3,0.62,1,2,,problem_solving,10
8100,-0.0029339319097078783,0.011528,0.01052546011575262,0.8240000000000001,0.5590771985336705,2.400234096275353,[0.         0.         0.         0.         0.98870211 0.         0.         0.         0.         0.         0.         0.         0.         0.         0.         0.         0.         0.         0.         0.         0.         0.         0.         0.         0.         0.         0.         0.01129789 0.         0.         0.        ],[0. 0. 0. 0. 1. 0. 0. 0. 0. 0. 0. 0. 0. 0. 0. 0. 0. 0. 0. 0. 0. 0. 0. 0. 0. 0. 0. 1. 0. 0. 0.],2.0,best,10000,100000,100,0.9,0.5,0.9,0.5,0.9,3,0.62,1,2,,problem_solving,10
8200,-0.0029339319097078783,0.011528,0.01052546011575262,0.8280000000000001,0.5558006562868987,-0.25767512427725986,[0.         0.         0.         0.         0.98870211 0.         0.         0.         0.         0.         0.         0.         0.         0.         0.         0.         0.         0.         0.         0.         0.         0.         0.         0.         0.         0.         0.         0.01129789 0.         0.         0.        ],[0. 0. 0. 0. 1. 0. 0. 0. 0. 0. 0. 0. 0. 0. 0. 0. 0. 0. 0. 0. 0. 0. 0. 0. 0. 0. 0. 1. 0. 0. 0.],2.0,best,10000,100000,100,0.9,0.5,0.9,0.5,0.9,3,0.62,1,2,,problem_solving,10
8300,-0.0029339319097078783,0.011528,0.01052546011575262,0.8320000000000001,0.5525433166281111,-0.6874779022458269,[0.         0.         0.         0.         0.98870211 0.         0.         0.         0.         0.         0.         0.         0.         0.         0.         0.         0.         0.         0.         0.         0.         0.         0.         0.         0.         0.         0.         0.01129789 0.         0.         0.        ],[0. 0. 0. 0. 1. 0. 0. 0. 0. 0. 0. 0. 0. 0. 0. 0. 0. 0. 0. 0. 0. 0. 0. 0. 0. 0. 0. 1. 0. 0. 0.],2.0,best,10000,100000,100,0.9,0.5,0.9,0.5,0.9,3,0.62,1,2,,problem_solving,10
8400,-0.0029339319097078783,0.011528,0.01052546011575262,0.8360000000000001,0.5493050670181255,-1.1808943147716464,[0.         0.         0.         0.         0.98870211 0.         0.         0.         0.         0.         0.         0.         0.         0.         0.         0.         0.         0.         0.         0.         0.         0.         0.         0.         0.         0.         0.         0.01129789 0.         0.         0.        ],[0. 0. 0. 0. 1. 0. 0. 0. 0. 0. 0. 0. 0. 0. 0. 0. 0. 0. 0. 0. 0. 0. 0. 0. 0. 0. 0. 1. 0. 0. 0.],2.0,best,10000,100000,100,0.9,0.5,0.9,0.5,0.9,3,0.62,1,2,,problem_solving,10
8500,-0.0029339319097078783,0.011528,0.01052546011575262,0.8400000000000001,0.5460857955773097,-0.8785413931822174,[0.         0.         0.         0.         0.98870211 0.         0.         0.         0.         0.         0.         0.         0.         0.         0.         0.         0.         0.         0.         0.         0.         0.         0.         0.         0.         0.         0.         0.01129789 0.         0.         0.        ],[0. 0. 0. 0. 1. 0. 0. 0. 0. 0. 0. 0. 0. 0. 0. 0. 0. 0. 0. 0. 0. 0. 0. 0. 0. 0. 0. 1. 0. 0. 0.],2.0,best,10000,100000,100,0.9,0.5,0.9,0.5,0.9,3,0.62,1,2,,problem_solving,10
8600,-0.0029339319097078783,0.011528,0.01052546011575262,0.8440000000000001,0.542885391081716,2.26479900688679,[0.         0.         0.         0.         0.98870211 0.         0.         0.         0.         0.         0.         0.         0.         0.         0.         0.         0.         0.         0.         0.         0.         0.         0.         0.         0.         0.         0.         0.01129789 0.         0.         0.        ],[0. 0. 0. 0. 1. 0. 0. 0. 0. 0. 0. 0. 0. 0. 0. 0. 0. 0. 0. 0. 0. 0. 0. 0. 0. 0. 0. 1. 0. 0. 0.],2.0,best,10000,100000,100,0.9,0.5,0.9,0.5,0.9,3,0.62,1,2,,problem_solving,10
8700,-0.0029339319097078783,0.011528,0.01052546011575262,0.8480000000000001,0.5397037429592386,-0.9056036162793045,[0.         0.         0.         0.         0.98870211 0.         0.         0.         0.         0.         0.         0.         0.         0.         0.         0.         0.         0.         0.         0.         0.         0.         0.         0.         0.         0.         0.         0.01129789 0.         0.         0.        ],[0. 0. 0. 0. 1. 0. 0. 0. 0. 0. 0. 0. 0. 0. 0. 0. 0. 0. 0. 0. 0. 0. 0. 0. 0. 0. 0. 1. 0. 0. 0.],2.0,best,10000,100000,100,0.9,0.5,0.9,0.5,0.9,3,0.62,1,2,,problem_solving,10
8800,-0.0029339319097078783,0.011528,0.01052546011575262,0.8520000000000001,0.5365407412857937,-2.4494938205056367,[0.         0.         0.         0.         0.98870211 0.         0.         0.         0.         0.         0.         0.         0.         0.         0.         0.         0.         0.         0.         0.         0.         0.         0.         0.         0.         0.         0.         0.01129789 0.         0.         0.        ],[0. 0. 0. 0. 1. 0. 0. 0. 0. 0. 0. 0. 0. 0. 0. 0. 0. 0. 0. 0. 0. 0. 0. 0. 0. 0. 0. 1. 0. 0. 0.],2.0,best,10000,100000,100,0.9,0.5,0.9,0.5,0.9,3,0.62,1,2,,problem_solving,10
8900,-0.0029339319097078783,0.011528,0.01052546011575262,0.8560000000000001,0.5333962767815211,-2.2327338544654527,[0.         0.         0.         0.         0.98870211 0.         0.         0.         0.         0.         0.         0.         0.         0.         0.         0.         0.         0.         0.         0.         0.         0.         0.         0.         0.         0.         0.         0.01129789 0.         0.         0.        ],[0. 0. 0. 0. 1. 0. 0. 0. 0. 0. 0. 0. 0. 0. 0. 0. 0. 0. 0. 0. 0. 0. 0. 0. 0. 0. 0. 1. 0. 0. 0.],2.0,best,10000,100000,100,0.9,0.5,0.9,0.5,0.9,3,0.62,1,2,,problem_solving,10
9000,-0.0029339319097078783,0.011528,0.01052546011575262,0.8600000000000001,0.5302702408070095,0.039785915406782835,[0.         0.         0.         0.         0.98870211 0.         0.         0.         0.         0.         0.         0.         0.         0.         0.         0.         0.         0.         0.         0.         0.         0.         0.         0.         0.         0.         0.         0.01129789 0.         0.         0.        ],[0. 0. 0. 0. 1. 0. 0. 0. 0. 0. 0. 0. 0. 0. 0. 0. 0. 0. 0. 0. 0. 0. 0. 0. 0. 0. 0. 1. 0. 0. 0.],2.0,best,10000,100000,100,0.9,0.5,0.9,0.5,0.9,3,0.62,1,2,,problem_solving,10
9100,-0.0029339319097078783,0.011528,0.01052546011575262,0.8640000000000001,0.5271625253595416,-1.7365097365784823,[0.         0.         0.         0.         0.98870211 0.         0.         0.         0.         0.         0.         0.         0.         0.         0.         0.         0.         0.         0.         0.         0.         0.         0.         0.         0.         0.         0.         0.01129789 0.         0.         0.        ],[0. 0. 0. 0. 1. 0. 0. 0. 0. 0. 0. 0. 0. 0. 0. 0. 0. 0. 0. 0. 0. 0. 0. 0. 0. 0. 0. 1. 0. 0. 0.],2.0,best,10000,100000,100,0.9,0.5,0.9,0.5,0.9,3,0.62,1,2,,problem_solving,10
9200,-0.0029339319097078783,0.011528,0.01052546011575262,0.8680000000000001,0.5240730230693647,-0.7507374728710745,[0.         0.         0.         0.         0.98870211 0.         0.         0.         0.         0.         0.         0.         0.         0.         0.         0.         0.         0.         0.         0.         0.         0.         0.         0.         0.         0.         0.         0.01129789 0.         0.         0.        ],[0. 0. 0. 0. 1. 0. 0. 0. 0. 0. 0. 0. 0. 0. 0. 0. 0. 0. 0. 0. 0. 0. 0. 0. 0. 0. 0. 1. 0. 0. 0.],2.0,best,10000,100000,100,0.9,0.5,0.9,0.5,0.9,3,0.62,1,2,,problem_solving,10
9300,-0.0029339319097078783,0.011528,0.01052546011575262,0.8720000000000001,0.5210016271959791,-0.1872434641409327,[0.         0.         0.         0.         0.98870211 0.         0.         0.         0.         0.         0.         0.         0.         0.         0.         0.         0.         0.         0.         0.         0.         0.         0.         0.         0.         0.         0.         0.01129789 0.         0.         0.        ],[0. 0. 0. 0. 1. 0. 0. 0. 0. 0. 0. 0. 0. 0. 0. 0. 0. 0. 0. 0. 0. 0. 0. 0. 0. 0. 0. 1. 0. 0. 0.],2.0,best,10000,100000,100,0.9,0.5,0.9,0.5,0.9,3,0.62,1,2,,problem_solving,10
9400,-0.0029339319097078783,0.011528,0.01052546011575262,0.8760000000000001,0.5179482316244518,0.6858486394307037,[0.         0.         0.         0.         0.98870211 0.         0.         0.         0.         0.         0.         0.         0.         0.         0.         0.         0.         0.         0.         0.         0.         0.         0.         0.         0.         0.         0.         0.01129789 0.         0.         0.        ],[0. 0. 0. 0. 1. 0. 0. 0. 0. 0. 0. 0. 0. 0. 0. 0. 0. 0. 0. 0. 0. 0. 0. 0. 0. 0. 0. 1. 0. 0. 0.],2.0,best,10000,100000,100,0.9,0.5,0.9,0.5,0.9,3,0.62,1,2,,problem_solving,10
9500,-0.0029339319097078783,0.011528,0.01052546011575262,0.88,0.5149127308617497,0.025357779941017126,[0.         0.         0.         0.         0.98870211 0.         0.         0.         0.         0.         0.         0.         0.         0.         0.         0.         0.         0.         0.         0.         0.         0.         0.         0.         0.         0.         0.         0.01129789 0.         0.         0.        ],[0. 0. 0. 0. 1. 0. 0. 0. 0. 0. 0. 0. 0. 0. 0. 0. 0. 0. 0. 0. 0. 0. 0. 0. 0. 0. 0. 1. 0. 0. 0.],2.0,best,10000,100000,100,0.9,0.5,0.9,0.5,0.9,3,0.62,1,2,,problem_solving,10
9600,-0.0029339319097078783,0.011528,0.01052546011575262,0.884,0.5118950200330946,0.4719869160015897,[0.         0.         0.         0.         0.98870211 0.         0.         0.         0.         0.         0.         0.         0.         0.         0.         0.         0.         0.         0.         0.         0.         0.         0.         0.         0.         0.         0.         0.01129789 0.         0.         0.        ],[0. 0. 0. 0. 1. 0. 0. 0. 0. 0. 0. 0. 0. 0. 0. 0. 0. 0. 0. 0. 0. 0. 0. 0. 0. 0. 0. 1. 0. 0. 0.],2.0,best,10000,100000,100,0.9,0.5,0.9,0.5,0.9,3,0.62,1,2,,problem_solving,10
9700,-0.0029339319097078783,0.011528,0.01052546011575262,0.888,0.5088949948783402,-0.9604499925324723,[0.         0.         0.         0.         0.98870211 0.         0.         0.         0.         0.         0.         0.         0.         0.         0.         0.         0.         0.         0.         0.         0.         0.         0.         0.         0.         0.         0.         0.01129789 0.         0.         0.        ],[0. 0. 0. 0. 1. 0. 0. 0. 0. 0. 0. 0. 0. 0. 0. 0. 0. 0. 0. 0. 0. 0. 0. 0. 0. 0. 0. 1. 0. 0. 0.],2.0,best,10000,100000,100,0.9,0.5,0.9,0.5,0.9,3,0.62,1,2,,problem_solving,10
9800,-0.0029339319097078783,0.011528,0.01052546011575262,0.892,0.5059125517483702,-0.6449301279467409,[0.         0.         0.         0.         0.98870211 0.         0.         0.         0.         0.         0.         0.         0.         0.         0.         0.         0.         0.         0.         0.         0.         0.         0.         0.         0.         0.         0.         0.01129789 0.         0.         0.        ],[0. 0. 0. 0. 1. 0. 0. 0. 0. 0. 0. 0. 0. 0. 0. 0. 0. 0. 0. 0. 0. 0. 0. 0. 0. 0. 0. 1. 0. 0. 0.],2.0,best,10000,100000,100,0.9,0.5,0.9,0.5,0.9,3,0.62,1,2,,problem_solving,10
9900,-0.0029339319097078783,0.011528,0.01052546011575262,0.896,0.5029475876015165,-1.353501992261425,[0.         0.         0.         0.         0.98870211 0.         0.         0.         0.         0.         0.         0.         0.         0.         0.         0.         0.         0.         0.         0.         0.         0.         0.         0.         0.         0.         0.         0.01129789 0.         0.         0.        ],[0. 0. 0. 0. 1. 0. 0. 0. 0. 0. 0. 0. 0. 0. 0. 0. 0. 0. 0. 0. 0. 0. 0. 0. 0. 0. 0. 1. 0. 0. 0.],2.0,best,10000,100000,100,0.9,0.5,0.9,0.5,0.9,3,0.62,1,2,,problem_solving,10
9999,-0.0029339319097078783,0.011528,0.01052546011575262,0.8999600000000001,0.500029390196995,-1.0020891729842867,[0.         0.         0.         0.         0.98870211 0.         0.         0.         0.         0.         0.         0.         0.         0.         0.         0.         0.         0.         0.         0.         0.         0.         0.         0.         0.         0.         0.         0.01129789 0.         0.         0.        ],[0. 0. 0. 0. 1. 0. 0. 0. 0. 0. 0. 0. 0. 0. 0. 0. 0. 0. 0. 0. 0. 0. 0. 0. 0. 0. 0. 1. 0. 0. 0.],2.0,best,10000,100000,100,0.9,0.5,0.9,0.5,0.9,3,0.62,1,2,,problem_solving,10
