iter,cost,risk,return,par,bw,move,X,Z,Q,pop_init,max_iter,pop_size,mem_size,mem_consider,par_min,par_max,bw_min,bw_max,sigma,lambda,port_n,k,seed,tag,local_search
1,-0.00037807585931911615,0.013943,0.010330009931049346,0.50004,0.8999471007548476,3.8751084704723735,[0.         0.         0.         0.         0.97726849 0.         0.         0.         0.         0.         0.         0.         0.         0.         0.         0.         0.01136575 0.         0.         0.         0.         0.         0.         0.         0.         0.01136575 0.         0.         0.         0.         0.        ],[0. 0. 0. 0. 1. 0. 0. 0. 0. 0. 0. 0. 0. 0. 0. 0. 1. 0. 0. 0. 0. 0. 0. 0. 0. 1. 0. 0. 0. 0. 0.],3.0,best,10000,100000,100,0.9,0.5,0.9,0.5,0.9,5,0.41,1,3,,problem_solving,10
100,-0.0037090675807408702,0.024335,0.0018571980727120358,0.504,0.894725436791504,-8.347549504240511,[0.         0.         0.         0.         0.97406775 0.         0.         0.         0.         0.         0.         0.         0.         0.         0.         0.         0.         0.         0.         0.         0.         0.         0.         0.         0.         0.01384465 0.         0.0120876  0.         0.         0.        ],[0. 0. 0. 0. 1. 0. 0. 0. 0. 0. 0. 0. 0. 0. 0. 0. 0. 0. 0. 0. 0. 0. 0. 0. 0. 1. 0. 1. 0. 0. 0.],3.0,best,10000,100000,100,0.9,0.5,0.9,0.5,0.9,5,0.41,1,3,,problem_solving,10
200,-0.0037090675807408702,0.024335,0.0018571980727120358,0.508,0.8894817858241639,1.312832774097613,[0.         0.         0.         0.         0.97406775 0.         0.         0.         0.         0.         0.         0.         0.         0.         0.         0.         0.         0.         0.         0.         0.         0.         0.         0.         0.         0.01384465 0.         0.0120876  0.         0.         0.        ],[0. 0. 0. 0. 1. 0. 0. 0. 0. 0. 0. 0. 0. 0. 0. 0. 0. 0. 0. 0. 0. 0. 0. 0. 0. 1. 0. 1. 0. 0. 0.],3.0,best,10000,100000,100,0.9,0.5,0.9,0.5,0.9,5,0.41,1,3,,problem_solving,10
300,-0.0039651819531167625,0.02255,0.00026622593784094806,0.512,0.8842688659329022,3.954453581489215,[0.         0.         0.         0.         0.96875865 0.         0.         0.         0.         0.         0.         0.         0.         0.         0.         0.         0.         0.         0.         0.         0.         0.         0.         0.         0.         0.01500495 0.         0.01623639 0.         0.         0.        ],[0. 0. 0. 0. 1. 0. 0. 0. 0. 0. 0. 0. 0. 0. 0. 0. 0. 0. 0. 0. 0. 0. 0. 0. 0. 1. 0. 1. 0. 0. 0.],3.0,best,10000,100000,100,0.9,0.5,0.9,0.5,0.9,5,0.41,1,3,,problem_solving,10
400,-0.004413572231537579,0.026635,0.0027006981410608757,0.516,0.879086497014382,7.490357949368248,[0.         0.         0.         0.         0.97262092 0.         0.         0.         0.         0.         0.         0.         0.         0.         0.         0.         0.         0.         0.         0.         0.         0.         0.         0.         0.         0.01606852 0.         0.01131056 0.         0.         0.        ],[0. 0. 0. 0. 1. 0. 0. 0. 0. 0. 0. 0. 0. 0. 0. 0. 0. 0. 0. 0. 0. 0. 0. 0. 0. 1. 0. 1. 0. 0. 0.],3.0,best,10000,100000,100,0.9,0.5,0.9,0.5,0.9,5,0.41,1,3,,problem_solving,10
500,-0.004413572231537579,0.026635,0.0027006981410608757,0.52,0.8739345000207845,5.251980694607938,[0.         0.         0.         0.         0.97262092 0.         0.         0.         0.         0.         0.         0.         0.         0.         0.         0.         0.         0.         0.         0.         0.         0.         0.         0.         0.         0.01606852 0.         0.01131056 0.         0.         0.        ],[0. 0. 0. 0. 1. 0. 0. 0. 0. 0. 0. 0. 0. 0. 0. 0. 0. 0. 0. 0. 0. 0. 0. 0. 0. 1. 0. 1. 0. 0. 0.],3.0,best,10000,100000,100,0.9,0.5,0.9,0.5,0.9,5,0.41,1,3,,problem_solving,10
600,-0.004413572231537579,0.026635,0.0027006981410608757,0.524,0.8688126969536234,-3.8551812352588386,[0.         0.         0.         0.         0.97262092 0.         0.         0.         0.         0.         0.         0.         0.         0.         0.         0.         0.         0.         0.         0.         0.         0.         0.         0.         0.         0.01606852 0.         0.01131056 0.         0.         0.        ],[0. 0. 0. 0. 1. 0. 0. 0. 0. 0. 0. 0. 0. 0. 0. 0. 0. 0. 0. 0. 0. 0. 0. 0. 0. 1. 0. 1. 0. 0. 0.],3.0,best,10000,100000,100,0.9,0.5,0.9,0.5,0.9,5,0.41,1,3,,problem_solving,10
700,-0.004413572231537579,0.026635,0.0027006981410608757,0.528,0.8637209108575947,6.739263984413671,[0.         0.         0.         0.         0.97262092 0.         0.         0.         0.         0.         0.         0.         0.         0.         0.         0.         0.         0.         0.         0.         0.         0.         0.         0.         0.         0.01606852 0.         0.01131056 0.         0.         0.        ],[0. 0. 0. 0. 1. 0. 0. 0. 0. 0. 0. 0. 0. 0. 0. 0. 0. 0. 0. 0. 0. 0. 0. 0. 0. 1. 0. 1. 0. 0. 0.],3.0,best,10000,100000,100,0.9,0.5,0.9,0.5,0.9,5,0.41,1,3,,problem_solving,10
800,-0.004413572231537579,0.026635,0.0027006981410608757,0.532,0.8586589658144633,-2.4089263211984613,[0.         0.         0.         0.         0.97262092 0.         0.         0.         0.         0.         0.         0.         0.         0.         0.         0.         0.         0.         0.         0.         0.         0.         0.         0.         0.         0.01606852 0.         0.01131056 0.         0.         0.        ],[0. 0. 0. 0. 1. 0. 0. 0. 0. 0. 0. 0. 0. 0. 0. 0. 0. 0. 0. 0. 0. 0. 0. 0. 0. 1. 0. 1. 0. 0. 0.],3.0,best,10000,100000,100,0.9,0.5,0.9,0.5,0.9,5,0.41,1,3,,problem_solving,10
900,-0.004413572231537579,0.026635,0.0027006981410608757,0.536,0.8536266869369854,-3.5122734355350542,[0.         0.         0.         0.         0.97262092 0.         0.         0.         0.         0.         0.         0.         0.         0.         0.         0.         0.         0.         0.         0.         0.         0.         0.         0.         0.         0.01606852 0.         0.01131056 0.         0.         0.        ],[0. 0. 0. 0. 1. 0. 0. 0. 0. 0. 0. 0. 0. 0. 0. 0. 0. 0. 0. 0. 0. 0. 0. 0. 0. 1. 0. 1. 0. 0. 0.],3.0,best,10000,100000,100,0.9,0.5,0.9,0.5,0.9,5,0.41,1,3,,problem_solving,10
1000,-0.004413572231537579,0.026635,0.0027006981410608757,0.54,0.8486239003628652,-3.7712263964550927,[0.         0.         0.         0.         0.97262092 0.         0.         0.         0.         0.         0.         0.         0.         0.         0.         0.         0.         0.         0.         0.         0.         0.         0.         0.         0.         0.01606852 0.         0.01131056 0.         0.         0.        ],[0. 0. 0. 0. 1. 0. 0. 0. 0. 0. 0. 0. 0. 0. 0. 0. 0. 0. 0. 0. 0. 0. 0. 0. 0. 1. 0. 1. 0. 0. 0.],3.0,best,10000,100000,100,0.9,0.5,0.9,0.5,0.9,5,0.41,1,3,,problem_solving,10
1100,-0.004413572231537579,0.026635,0.0027006981410608757,0.544,0.8436504332487491,1.9067761825634302,[0.         0.         0.         0.         0.97262092 0.         0.         0.         0.         0.         0.         0.         0.         0.         0.         0.         0.         0.         0.         0.         0.         0.         0.         0.         0.         0.01606852 0.         0.01131056 0.         0.         0.        ],[0. 0. 0. 0. 1. 0. 0. 0. 0. 0. 0. 0. 0. 0. 0. 0. 0. 0. 0. 0. 0. 0. 0. 0. 0. 1. 0. 1. 0. 0. 0.],3.0,best,10000,100000,100,0.9,0.5,0.9,0.5,0.9,5,0.41,1,3,,problem_solving,10
1200,-0.004413572231537579,0.026635,0.0027006981410608757,0.548,0.838706113764254,2.4334063675920574,[0.         0.         0.         0.         0.97262092 0.         0.         0.         0.         0.         0.         0.         0.         0.         0.         0.         0.         0.         0.         0.         0.         0.         0.         0.         0.         0.01606852 0.         0.01131056 0.         0.         0.        ],[0. 0. 0. 0. 1. 0. 0. 0. 0. 0. 0. 0. 0. 0. 0. 0. 0. 0. 0. 0. 0. 0. 0. 0. 0. 1. 0. 1. 0. 0. 0.],3.0,best,10000,100000,100,0.9,0.5,0.9,0.5,0.9,5,0.41,1,3,,problem_solving,10
1300,-0.004413572231537579,0.026635,0.0027006981410608757,0.552,0.83379077108603,-3.198077062855386,[0.         0.         0.         0.         0.97262092 0.         0.         0.         0.         0.         0.         0.         0.         0.         0.         0.         0.         0.         0.         0.         0.         0.         0.         0.         0.         0.01606852 0.         0.01131056 0.         0.         0.        ],[0. 0. 0. 0. 1. 0. 0. 0. 0. 0. 0. 0. 0. 0. 0. 0. 0. 0. 0. 0. 0. 0. 0. 0. 0. 1. 0. 1. 0. 0. 0.],3.0,best,10000,100000,100,0.9,0.5,0.9,0.5,0.9,5,0.41,1,3,,problem_solving,10
1400,-0.004413572231537579,0.026635,0.0027006981410608757,0.556,0.828904235391859,-4.0801437921423345,[0.         0.         0.         0.         0.97262092 0.         0.         0.         0.         0.         0.         0.         0.         0.         0.         0.         0.         0.         0.         0.         0.         0.         0.         0.         0.         0.01606852 0.         0.01131056 0.         0.         0.        ],[0. 0. 0. 0. 1. 0. 0. 0. 0. 0. 0. 0. 0. 0. 0. 0. 0. 0. 0. 0. 0. 0. 0. 0. 0. 1. 0. 1. 0. 0. 0.],3.0,best,10000,100000,100,0.9,0.5,0.9,0.5,0.9,5,0.41,1,3,,problem_solving,10
1500,-0.004413572231537579,0.026635,0.0027006981410608757,0.56,0.8240463378547873,2.96453743549764,[0.         0.         0.         0.         0.97262092 0.         0.         0.         0.         0.         0.         0.         0.         0.         0.         0.         0.         0.         0.         0.         0.         0.         0.         0.         0.         0.01606852 0.         0.01131056 0.         0.         0.        ],[0. 0. 0. 0. 1. 0. 0. 0. 0. 0. 0. 0. 0. 0. 0. 0. 0. 0. 0. 0. 0. 0. 0. 0. 0. 1. 0. 1. 0. 0. 0.],3.0,best,10000,100000,100,0.9,0.5,0.9,0.5,0.9,5,0.41,1,3,,problem_solving,10
1600,-0.004413572231537579,0.026635,0.0027006981410608757,0.5640000000000001,0.8192169106372932,6.513500978991666,[0.         0.         0.         0.         0.97262092 0.         0.         0.         0.         0.         0.         0.         0.         0.         0.         0.         0.         0.         0.         0.         0.         0.         0.         0.         0.         0.01606852 0.         0.01131056 0.         0.         0.        ],[0. 0. 0. 0. 1. 0. 0. 0. 0. 0. 0. 0. 0. 0. 0. 0. 0. 0. 0. 0. 0. 0. 0. 0. 0. 1. 0. 1. 0. 0. 0.],3.0,best,10000,100000,100,0.9,0.5,0.9,0.5,0.9,5,0.41,1,3,,problem_solving,10
1700,-0.004413572231537579,0.026635,0.0027006981410608757,0.5680000000000001,0.8144157868854872,-0.23726820427336698,[0.         0.         0.         0.         0.97262092 0.         0.         0.         0.         0.         0.         0.         0.         0.         0.         0.         0.         0.         0.         0.         0.         0.         0.         0.         0.         0.01606852 0.         0.01131056 0.         0.         0.        ],[0. 0. 0. 0. 1. 0. 0. 0. 0. 0. 0. 0. 0. 0. 0. 0. 0. 0. 0. 0. 0. 0. 0. 0. 0. 1. 0. 1. 0. 0. 0.],3.0,best,10000,100000,100,0.9,0.5,0.9,0.5,0.9,5,0.41,1,3,,problem_solving,10
1800,-0.004413572231537579,0.026635,0.0027006981410608757,0.5720000000000001,0.8096428007233489,3.8305118448473525,[0.         0.         0.         0.         0.97262092 0.         0.         0.         0.         0.         0.         0.         0.         0.         0.         0.         0.         0.         0.         0.         0.         0.         0.         0.         0.         0.01606852 0.         0.01131056 0.         0.         0.        ],[0. 0. 0. 0. 1. 0. 0. 0. 0. 0. 0. 0. 0. 0. 0. 0. 0. 0. 0. 0. 0. 0. 0. 0. 0. 1. 0. 1. 0. 0. 0.],3.0,best,10000,100000,100,0.9,0.5,0.9,0.5,0.9,5,0.41,1,3,,problem_solving,10
1900,-0.004413572231537579,0.026635,0.0027006981410608757,0.5760000000000001,0.8048977872469943,0.4898624155509274,[0.         0.         0.         0.         0.97262092 0.         0.         0.         0.         0.         0.         0.         0.         0.         0.         0.         0.         0.         0.         0.         0.         0.         0.         0.         0.         0.01606852 0.         0.01131056 0.         0.         0.        ],[0. 0. 0. 0. 1. 0. 0. 0. 0. 0. 0. 0. 0. 0. 0. 0. 0. 0. 0. 0. 0. 0. 0. 0. 0. 1. 0. 1. 0. 0. 0.],3.0,best,10000,100000,100,0.9,0.5,0.9,0.5,0.9,5,0.41,1,3,,problem_solving,10
2000,-0.004741717771379931,0.024349,0.00034446465605155027,0.58,0.80018058251898,2.2801358815291053,[0.         0.         0.         0.         0.97715091 0.         0.         0.         0.         0.         0.         0.         0.         0.         0.         0.         0.         0.         0.         0.         0.         0.         0.         0.         0.         0.01090819 0.         0.01194091 0.         0.         0.        ],[0. 0. 0. 0. 1. 0. 0. 0. 0. 0. 0. 0. 0. 0. 0. 0. 0. 0. 0. 0. 0. 0. 0. 0. 0. 1. 0. 1. 0. 0. 0.],3.0,best,10000,100000,100,0.9,0.5,0.9,0.5,0.9,5,0.41,1,3,,problem_solving,10
2100,-0.004741717771379931,0.024349,0.00034446465605155027,0.584,0.7954910235626383,-1.3292620256550385,[0.         0.         0.         0.         0.97715091 0.         0.         0.         0.         0.         0.         0.         0.         0.         0.         0.         0.         0.         0.         0.         0.         0.         0.         0.         0.         0.01090819 0.         0.01194091 0.         0.         0.        ],[0. 0. 0. 0. 1. 0. 0. 0. 0. 0. 0. 0. 0. 0. 0. 0. 0. 0. 0. 0. 0. 0. 0. 0. 0. 1. 0. 1. 0. 0. 0.],3.0,best,10000,100000,100,0.9,0.5,0.9,0.5,0.9,5,0.41,1,3,,problem_solving,10
2200,-0.004741717771379931,0.024349,0.00034446465605155027,0.588,0.7908289483564468,2.9616893558020685,[0.         0.         0.         0.         0.97715091 0.         0.         0.         0.         0.         0.         0.         0.         0.         0.         0.         0.         0.         0.         0.         0.         0.         0.         0.         0.         0.01090819 0.         0.01194091 0.         0.         0.        ],[0. 0. 0. 0. 1. 0. 0. 0. 0. 0. 0. 0. 0. 0. 0. 0. 0. 0. 0. 0. 0. 0. 0. 0. 0. 1. 0. 1. 0. 0. 0.],3.0,best,10000,100000,100,0.9,0.5,0.9,0.5,0.9,5,0.41,1,3,,problem_solving,10
2300,-0.004741717771379931,0.024349,0.00034446465605155027,0.592,0.7861941958284306,-4.5229124142196895,[0.         0.         0.         0.         0.97715091 0.         0.         0.         0.         0.         0.         0.         0.         0.         0.         0.         0.         0.         0.         0.         0.         0.         0.         0.         0.         0.01090819 0.         0.01194091 0.         0.         0.        ],[0. 0. 0. 0. 1. 0. 0. 0. 0. 0. 0. 0. 0. 0. 0. 0. 0. 0. 0. 0. 0. 0. 0. 0. 0. 1. 0. 1. 0. 0. 0.],3.0,best,10000,100000,100,0.9,0.5,0.9,0.5,0.9,5,0.41,1,3,,problem_solving,10
2400,-0.004741717771379931,0.024349,0.00034446465605155027,0.596,0.7815866058505976,-4.833308489797839,[0.         0.         0.         0.         0.97715091 0.         0.         0.         0.         0.         0.         0.         0.         0.         0.         0.         0.         0.         0.         0.         0.         0.         0.         0.         0.         0.01090819 0.         0.01194091 0.         0.         0.        ],[0. 0. 0. 0. 1. 0. 0. 0. 0. 0. 0. 0. 0. 0. 0. 0. 0. 0. 0. 0. 0. 0. 0. 0. 0. 1. 0. 1. 0. 0. 0.],3.0,best,10000,100000,100,0.9,0.5,0.9,0.5,0.9,5,0.41,1,3,,problem_solving,10
2500,-0.004741717771379931,0.024349,0.00034446465605155027,0.6,0.7770060192334055,-3.758456332665927,[0.         0.         0.         0.         0.97715091 0.         0.         0.         0.         0.         0.         0.         0.         0.         0.         0.         0.         0.         0.         0.         0.         0.         0.         0.         0.         0.01090819 0.         0.01194091 0.         0.         0.        ],[0. 0. 0. 0. 1. 0. 0. 0. 0. 0. 0. 0. 0. 0. 0. 0. 0. 0. 0. 0. 0. 0. 0. 0. 0. 1. 0. 1. 0. 0. 0.],3.0,best,10000,100000,100,0.9,0.5,0.9,0.5,0.9,5,0.41,1,3,,problem_solving,10
2600,-0.004741717771379931,0.024349,0.00034446465605155027,0.604,0.7724522777202627,1.3880310464650427,[0.         0.         0.         0.         0.97715091 0.         0.         0.         0.         0.         0.         0.         0.         0.         0.         0.         0.         0.         0.         0.         0.         0.         0.         0.         0.         0.01090819 0.         0.01194091 0.         0.         0.        ],[0. 0. 0. 0. 1. 0. 0. 0. 0. 0. 0. 0. 0. 0. 0. 0. 0. 0. 0. 0. 0. 0. 0. 0. 0. 1. 0. 1. 0. 0. 0.],3.0,best,10000,100000,100,0.9,0.5,0.9,0.5,0.9,5,0.41,1,3,,problem_solving,10
2700,-0.004741717771379931,0.024349,0.00034446465605155027,0.608,0.7679252239820602,-0.9095157509078515,[0.         0.         0.         0.         0.97715091 0.         0.         0.         0.         0.         0.         0.         0.         0.         0.         0.         0.         0.         0.         0.         0.         0.         0.         0.         0.         0.01090819 0.         0.01194091 0.         0.         0.        ],[0. 0. 0. 0. 1. 0. 0. 0. 0. 0. 0. 0. 0. 0. 0. 0. 0. 0. 0. 0. 0. 0. 0. 0. 0. 1. 0. 1. 0. 0. 0.],3.0,best,10000,100000,100,0.9,0.5,0.9,0.5,0.9,5,0.41,1,3,,problem_solving,10
2800,-0.004741717771379931,0.024349,0.00034446465605155027,0.612,0.7634247016117359,2.485429310184679,[0.         0.         0.         0.         0.97715091 0.         0.         0.         0.         0.         0.         0.         0.         0.         0.         0.         0.         0.         0.         0.         0.         0.         0.         0.         0.         0.01090819 0.         0.01194091 0.         0.         0.        ],[0. 0. 0. 0. 1. 0. 0. 0. 0. 0. 0. 0. 0. 0. 0. 0. 0. 0. 0. 0. 0. 0. 0. 0. 0. 1. 0. 1. 0. 0. 0.],3.0,best,10000,100000,100,0.9,0.5,0.9,0.5,0.9,5,0.41,1,3,,problem_solving,10
2900,-0.004741717771379931,0.024349,0.00034446465605155027,0.616,0.758950555118871,6.847539767912322,[0.         0.         0.         0.         0.97715091 0.         0.         0.         0.         0.         0.         0.         0.         0.         0.         0.         0.         0.         0.         0.         0.         0.         0.         0.         0.         0.01090819 0.         0.01194091 0.         0.         0.        ],[0. 0. 0. 0. 1. 0. 0. 0. 0. 0. 0. 0. 0. 0. 0. 0. 0. 0. 0. 0. 0. 0. 0. 0. 0. 1. 0. 1. 0. 0. 0.],3.0,best,10000,100000,100,0.9,0.5,0.9,0.5,0.9,5,0.41,1,3,,problem_solving,10
3000,-0.004741717771379931,0.024349,0.00034446465605155027,0.62,0.754502629924318,8.594128559531146,[0.         0.         0.         0.         0.97715091 0.         0.         0.         0.         0.         0.         0.         0.         0.         0.         0.         0.         0.         0.         0.         0.         0.         0.         0.         0.         0.01090819 0.         0.01194091 0.         0.         0.        ],[0. 0. 0. 0. 1. 0. 0. 0. 0. 0. 0. 0. 0. 0. 0. 0. 0. 0. 0. 0. 0. 0. 0. 0. 0. 1. 0. 1. 0. 0. 0.],3.0,best,10000,100000,100,0.9,0.5,0.9,0.5,0.9,5,0.41,1,3,,problem_solving,10
3100,-0.004741717771379931,0.024349,0.00034446465605155027,0.624,0.7500807723548599,7.430907992654875,[0.         0.         0.         0.         0.97715091 0.         0.         0.         0.         0.         0.         0.         0.         0.         0.         0.         0.         0.         0.         0.         0.         0.         0.         0.         0.         0.01090819 0.         0.01194091 0.         0.         0.        ],[0. 0. 0. 0. 1. 0. 0. 0. 0. 0. 0. 0. 0. 0. 0. 0. 0. 0. 0. 0. 0. 0. 0. 0. 0. 1. 0. 1. 0. 0. 0.],3.0,best,10000,100000,100,0.9,0.5,0.9,0.5,0.9,5,0.41,1,3,,problem_solving,10
3200,-0.004741717771379931,0.024349,0.00034446465605155027,0.628,0.7456848296379007,4.752505855908328,[0.         0.         0.         0.         0.97715091 0.         0.         0.         0.         0.         0.         0.         0.         0.         0.         0.         0.         0.         0.         0.         0.         0.         0.         0.         0.         0.01090819 0.         0.01194091 0.         0.         0.        ],[0. 0. 0. 0. 1. 0. 0. 0. 0. 0. 0. 0. 0. 0. 0. 0. 0. 0. 0. 0. 0. 0. 0. 0. 0. 1. 0. 1. 0. 0. 0.],3.0,best,10000,100000,100,0.9,0.5,0.9,0.5,0.9,5,0.41,1,3,,problem_solving,10
3300,-0.004741717771379931,0.024349,0.00034446465605155027,0.632,0.7413146498961878,-4.583675703214092,[0.         0.         0.         0.         0.97715091 0.         0.         0.         0.         0.         0.         0.         0.         0.         0.         0.         0.         0.         0.         0.         0.         0.         0.         0.         0.         0.01090819 0.         0.01194091 0.         0.         0.        ],[0. 0. 0. 0. 1. 0. 0. 0. 0. 0. 0. 0. 0. 0. 0. 0. 0. 0. 0. 0. 0. 0. 0. 0. 0. 1. 0. 1. 0. 0. 0.],3.0,best,10000,100000,100,0.9,0.5,0.9,0.5,0.9,5,0.41,1,3,,problem_solving,10
3400,-0.004741717771379931,0.024349,0.00034446465605155027,0.636,0.7369700821425638,-0.052197597556447,[0.         0.         0.         0.         0.97715091 0.         0.         0.         0.         0.         0.         0.         0.         0.         0.         0.         0.         0.         0.         0.         0.         0.         0.         0.         0.         0.01090819 0.         0.01194091 0.         0.         0.        ],[0. 0. 0. 0. 1. 0. 0. 0. 0. 0. 0. 0. 0. 0. 0. 0. 0. 0. 0. 0. 0. 0. 0. 0. 0. 1. 0. 1. 0. 0. 0.],3.0,best,10000,100000,100,0.9,0.5,0.9,0.5,0.9,5,0.41,1,3,,problem_solving,10
3500,-0.004741717771379931,0.024349,0.00034446465605155027,0.64,0.7326509762747511,1.5780540504950307,[0.         0.         0.         0.         0.97715091 0.         0.         0.         0.         0.         0.         0.         0.         0.         0.         0.         0.         0.         0.         0.         0.         0.         0.         0.         0.         0.01090819 0.         0.01194091 0.         0.         0.        ],[0. 0. 0. 0. 1. 0. 0. 0. 0. 0. 0. 0. 0. 0. 0. 0. 0. 0. 0. 0. 0. 0. 0. 0. 0. 1. 0. 1. 0. 0. 0.],3.0,best,10000,100000,100,0.9,0.5,0.9,0.5,0.9,5,0.41,1,3,,problem_solving,10
3600,-0.004741717771379931,0.024349,0.00034446465605155027,0.644,0.7283571830701648,3.7200361454903996,[0.         0.         0.         0.         0.97715091 0.         0.         0.         0.         0.         0.         0.         0.         0.         0.         0.         0.         0.         0.         0.         0.         0.         0.         0.         0.         0.01090819 0.         0.01194091 0.         0.         0.        ],[0. 0. 0. 0. 1. 0. 0. 0. 0. 0. 0. 0. 0. 0. 0. 0. 0. 0. 0. 0. 0. 0. 0. 0. 0. 1. 0. 1. 0. 0. 0.],3.0,best,10000,100000,100,0.9,0.5,0.9,0.5,0.9,5,0.41,1,3,,problem_solving,10
3700,-0.004741717771379931,0.024349,0.00034446465605155027,0.648,0.7240885541807586,-1.9941400056078533,[0.         0.         0.         0.         0.97715091 0.         0.         0.         0.         0.         0.         0.         0.         0.         0.         0.         0.         0.         0.         0.         0.         0.         0.         0.         0.         0.01090819 0.         0.01194091 0.         0.         0.        ],[0. 0. 0. 0. 1. 0. 0. 0. 0. 0. 0. 0. 0. 0. 0. 0. 0. 0. 0. 0. 0. 0. 0. 0. 0. 1. 0. 1. 0. 0. 0.],3.0,best,10000,100000,100,0.9,0.5,0.9,0.5,0.9,5,0.41,1,3,,problem_solving,10
3800,-0.004741717771379931,0.024349,0.00034446465605155027,0.652,0.7198449421278975,1.906356288380842,[0.         0.         0.         0.         0.97715091 0.         0.         0.         0.         0.         0.         0.         0.         0.         0.         0.         0.         0.         0.         0.         0.         0.         0.         0.         0.         0.01090819 0.         0.01194091 0.         0.         0.        ],[0. 0. 0. 0. 1. 0. 0. 0. 0. 0. 0. 0. 0. 0. 0. 0. 0. 0. 0. 0. 0. 0. 0. 0. 0. 1. 0. 1. 0. 0. 0.],3.0,best,10000,100000,100,0.9,0.5,0.9,0.5,0.9,5,0.41,1,3,,problem_solving,10
3900,-0.004741717771379931,0.024349,0.00034446465605155027,0.656,0.7156262002972644,-4.195236635601715,[0.         0.         0.         0.         0.97715091 0.         0.         0.         0.         0.         0.         0.         0.         0.         0.         0.         0.         0.         0.         0.         0.         0.         0.         0.         0.         0.01090819 0.         0.01194091 0.         0.         0.        ],[0. 0. 0. 0. 1. 0. 0. 0. 0. 0. 0. 0. 0. 0. 0. 0. 0. 0. 0. 0. 0. 0. 0. 0. 0. 1. 0. 1. 0. 0. 0.],3.0,best,10000,100000,100,0.9,0.5,0.9,0.5,0.9,5,0.41,1,3,,problem_solving,10
4000,-0.004741717771379931,0.024349,0.00034446465605155027,0.66,0.7114321829337936,1.813021522250467,[0.         0.         0.         0.         0.97715091 0.         0.         0.         0.         0.         0.         0.         0.         0.         0.         0.         0.         0.         0.         0.         0.         0.         0.         0.         0.         0.01090819 0.         0.01194091 0.         0.         0.        ],[0. 0. 0. 0. 1. 0. 0. 0. 0. 0. 0. 0. 0. 0. 0. 0. 0. 0. 0. 0. 0. 0. 0. 0. 0. 1. 0. 1. 0. 0. 0.],3.0,best,10000,100000,100,0.9,0.5,0.9,0.5,0.9,5,0.41,1,3,,problem_solving,10
4100,-0.004741717771379931,0.024349,0.00034446465605155027,0.664,0.707262745136635,1.6152853108315943,[0.         0.         0.         0.         0.97715091 0.         0.         0.         0.         0.         0.         0.         0.         0.         0.         0.         0.         0.         0.         0.         0.         0.         0.         0.         0.         0.01090819 0.         0.01194091 0.         0.         0.        ],[0. 0. 0. 0. 1. 0. 0. 0. 0. 0. 0. 0. 0. 0. 0. 0. 0. 0. 0. 0. 0. 0. 0. 0. 0. 1. 0. 1. 0. 0. 0.],3.0,best,10000,100000,100,0.9,0.5,0.9,0.5,0.9,5,0.41,1,3,,problem_solving,10
4200,-0.004741717771379931,0.024349,0.00034446465605155027,0.668,0.7031177428541489,1.4301083154540228,[0.         0.         0.         0.         0.97715091 0.         0.         0.         0.         0.         0.         0.         0.         0.         0.         0.         0.         0.         0.         0.         0.         0.         0.         0.         0.         0.01090819 0.         0.01194091 0.         0.         0.        ],[0. 0. 0. 0. 1. 0. 0. 0. 0. 0. 0. 0. 0. 0. 0. 0. 0. 0. 0. 0. 0. 0. 0. 0. 0. 1. 0. 1. 0. 0. 0.],3.0,best,10000,100000,100,0.9,0.5,0.9,0.5,0.9,5,0.41,1,3,,problem_solving,10
4300,-0.004741717771379931,0.024349,0.00034446465605155027,0.672,0.6989970328789274,-0.4637602216127782,[0.         0.         0.         0.         0.97715091 0.         0.         0.         0.         0.         0.         0.         0.         0.         0.         0.         0.         0.         0.         0.         0.         0.         0.         0.         0.         0.01090819 0.         0.01194091 0.         0.         0.        ],[0. 0. 0. 0. 1. 0. 0. 0. 0. 0. 0. 0. 0. 0. 0. 0. 0. 0. 0. 0. 0. 0. 0. 0. 0. 1. 0. 1. 0. 0. 0.],3.0,best,10000,100000,100,0.9,0.5,0.9,0.5,0.9,5,0.41,1,3,,problem_solving,10
4400,-0.004741717771379931,0.024349,0.00034446465605155027,0.676,0.6949004728428485,0.6090017056010177,[0.         0.         0.         0.         0.97715091 0.         0.         0.         0.         0.         0.         0.         0.         0.         0.         0.         0.         0.         0.         0.         0.         0.         0.         0.         0.         0.01090819 0.         0.01194091 0.         0.         0.        ],[0. 0. 0. 0. 1. 0. 0. 0. 0. 0. 0. 0. 0. 0. 0. 0. 0. 0. 0. 0. 0. 0. 0. 0. 0. 1. 0. 1. 0. 0. 0.],3.0,best,10000,100000,100,0.9,0.5,0.9,0.5,0.9,5,0.41,1,3,,problem_solving,10
4500,-0.004741717771379931,0.024349,0.00034446465605155027,0.68,0.6908279212121557,3.2190122677618676,[0.         0.         0.         0.         0.97715091 0.         0.         0.         0.         0.         0.         0.         0.         0.         0.         0.         0.         0.         0.         0.         0.         0.         0.         0.         0.         0.01090819 0.         0.01194091 0.         0.         0.        ],[0. 0. 0. 0. 1. 0. 0. 0. 0. 0. 0. 0. 0. 0. 0. 0. 0. 0. 0. 0. 0. 0. 0. 0. 0. 1. 0. 1. 0. 0. 0.],3.0,best,10000,100000,100,0.9,0.5,0.9,0.5,0.9,5,0.41,1,3,,problem_solving,10
4600,-0.004741717771379931,0.024349,0.00034446465605155027,0.684,0.6867792372825697,2.9983720342105444,[0.         0.         0.         0.         0.97715091 0.         0.         0.         0.         0.         0.         0.         0.         0.         0.         0.         0.         0.         0.         0.         0.         0.         0.         0.         0.         0.01090819 0.         0.01194091 0.         0.         0.        ],[0. 0. 0. 0. 1. 0. 0. 0. 0. 0. 0. 0. 0. 0. 0. 0. 0. 0. 0. 0. 0. 0. 0. 0. 0. 1. 0. 1. 0. 0. 0.],3.0,best,10000,100000,100,0.9,0.5,0.9,0.5,0.9,5,0.41,1,3,,problem_solving,10
4700,-0.004741717771379931,0.024349,0.00034446465605155027,0.6880000000000001,0.6827542811744257,4.630743656988336,[0.         0.         0.         0.         0.97715091 0.         0.         0.         0.         0.         0.         0.         0.         0.         0.         0.         0.         0.         0.         0.         0.         0.         0.         0.         0.         0.01090819 0.         0.01194091 0.         0.         0.        ],[0. 0. 0. 0. 1. 0. 0. 0. 0. 0. 0. 0. 0. 0. 0. 0. 0. 0. 0. 0. 0. 0. 0. 0. 0. 1. 0. 1. 0. 0. 0.],3.0,best,10000,100000,100,0.9,0.5,0.9,0.5,0.9,5,0.41,1,3,,problem_solving,10
4800,-0.004741717771379931,0.024349,0.00034446465605155027,0.692,0.6787529138278414,0.7785930920451832,[0.         0.         0.         0.         0.97715091 0.         0.         0.         0.         0.         0.         0.         0.         0.         0.         0.         0.         0.         0.         0.         0.         0.         0.         0.         0.         0.01090819 0.         0.01194091 0.         0.         0.        ],[0. 0. 0. 0. 1. 0. 0. 0. 0. 0. 0. 0. 0. 0. 0. 0. 0. 0. 0. 0. 0. 0. 0. 0. 0. 1. 0. 1. 0. 0. 0.],3.0,best,10000,100000,100,0.9,0.5,0.9,0.5,0.9,5,0.41,1,3,,problem_solving,10
4900,-0.004741717771379931,0.024349,0.00034446465605155027,0.696,0.6747749969979128,7.322094667601091,[0.         0.         0.         0.         0.97715091 0.         0.         0.         0.         0.         0.         0.         0.         0.         0.         0.         0.         0.         0.         0.         0.         0.         0.         0.         0.         0.01090819 0.         0.01194091 0.         0.         0.        ],[0. 0. 0. 0. 1. 0. 0. 0. 0. 0. 0. 0. 0. 0. 0. 0. 0. 0. 0. 0. 0. 0. 0. 0. 0. 1. 0. 1. 0. 0. 0.],3.0,best,10000,100000,100,0.9,0.5,0.9,0.5,0.9,5,0.41,1,3,,problem_solving,10
5000,-0.004741717771379931,0.024349,0.00034446465605155027,0.7,0.6708203932499369,0.4380657377587898,[0.         0.         0.         0.         0.97715091 0.         0.         0.         0.         0.         0.         0.         0.         0.         0.         0.         0.         0.         0.         0.         0.         0.         0.         0.         0.         0.01090819 0.         0.01194091 0.         0.         0.        ],[0. 0. 0. 0. 1. 0. 0. 0. 0. 0. 0. 0. 0. 0. 0. 0. 0. 0. 0. 0. 0. 0. 0. 0. 0. 1. 0. 1. 0. 0. 0.],3.0,best,10000,100000,100,0.9,0.5,0.9,0.5,0.9,5,0.41,1,3,,problem_solving,10
5100,-0.004741717771379931,0.024349,0.00034446465605155027,0.704,0.6668889659546647,-2.197379362871227,[0.         0.         0.         0.         0.97715091 0.         0.         0.         0.         0.         0.         0.         0.         0.         0.         0.         0.         0.         0.         0.         0.         0.         0.         0.         0.         0.01090819 0.         0.01194091 0.         0.         0.        ],[0. 0. 0. 0. 1. 0. 0. 0. 0. 0. 0. 0. 0. 0. 0. 0. 0. 0. 0. 0. 0. 0. 0. 0. 0. 1. 0. 1. 0. 0. 0.],3.0,best,10000,100000,100,0.9,0.5,0.9,0.5,0.9,5,0.41,1,3,,problem_solving,10
5200,-0.004741717771379931,0.024349,0.00034446465605155027,0.708,0.6629805792835798,3.903474584033183,[0.         0.         0.         0.         0.97715091 0.         0.         0.         0.         0.         0.         0.         0.         0.         0.         0.         0.         0.         0.         0.         0.         0.         0.         0.         0.         0.01090819 0.         0.01194091 0.         0.         0.        ],[0. 0. 0. 0. 1. 0. 0. 0. 0. 0. 0. 0. 0. 0. 0. 0. 0. 0. 0. 0. 0. 0. 0. 0. 0. 1. 0. 1. 0. 0. 0.],3.0,best,10000,100000,100,0.9,0.5,0.9,0.5,0.9,5,0.41,1,3,,problem_solving,10
5300,-0.004741717771379931,0.024349,0.00034446465605155027,0.712,0.6590950982042058,-1.0724440555532906,[0.         0.         0.         0.         0.97715091 0.         0.         0.         0.         0.         0.         0.         0.         0.         0.         0.         0.         0.         0.         0.         0.         0.         0.         0.         0.         0.01090819 0.         0.01194091 0.         0.         0.        ],[0. 0. 0. 0. 1. 0. 0. 0. 0. 0. 0. 0. 0. 0. 0. 0. 0. 0. 0. 0. 0. 0. 0. 0. 0. 1. 0. 1. 0. 0. 0.],3.0,best,10000,100000,100,0.9,0.5,0.9,0.5,0.9,5,0.41,1,3,,problem_solving,10
5400,-0.004741717771379931,0.024349,0.00034446465605155027,0.716,0.6552323884754414,-0.4297360880275683,[0.         0.         0.         0.         0.97715091 0.         0.         0.         0.         0.         0.         0.         0.         0.         0.         0.         0.         0.         0.         0.         0.         0.         0.         0.         0.         0.01090819 0.         0.01194091 0.         0.         0.        ],[0. 0. 0. 0. 1. 0. 0. 0. 0. 0. 0. 0. 0. 0. 0. 0. 0. 0. 0. 0. 0. 0. 0. 0. 0. 1. 0. 1. 0. 0. 0.],3.0,best,10000,100000,100,0.9,0.5,0.9,0.5,0.9,5,0.41,1,3,,problem_solving,10
5500,-0.004741717771379931,0.024349,0.00034446465605155027,0.72,0.651392316642922,1.0011120919131131,[0.         0.         0.         0.         0.97715091 0.         0.         0.         0.         0.         0.         0.         0.         0.         0.         0.         0.         0.         0.         0.         0.         0.         0.         0.         0.         0.01090819 0.         0.01194091 0.         0.         0.        ],[0. 0. 0. 0. 1. 0. 0. 0. 0. 0. 0. 0. 0. 0. 0. 0. 0. 0. 0. 0. 0. 0. 0. 0. 0. 1. 0. 1. 0. 0. 0.],3.0,best,10000,100000,100,0.9,0.5,0.9,0.5,0.9,5,0.41,1,3,,problem_solving,10
5600,-0.004741717771379931,0.024349,0.00034446465605155027,0.724,0.6475747500344088,2.371162532615218,[0.         0.         0.         0.         0.97715091 0.         0.         0.         0.         0.         0.         0.         0.         0.         0.         0.         0.         0.         0.         0.         0.         0.         0.         0.         0.         0.01090819 0.         0.01194091 0.         0.         0.        ],[0. 0. 0. 0. 1. 0. 0. 0. 0. 0. 0. 0. 0. 0. 0. 0. 0. 0. 0. 0. 0. 0. 0. 0. 0. 1. 0. 1. 0. 0. 0.],3.0,best,10000,100000,100,0.9,0.5,0.9,0.5,0.9,5,0.41,1,3,,problem_solving,10
5700,-0.004741717771379931,0.024349,0.00034446465605155027,0.728,0.643779556755206,-5.949284540448344,[0.         0.         0.         0.         0.97715091 0.         0.         0.         0.         0.         0.         0.         0.         0.         0.         0.         0.         0.         0.         0.         0.         0.         0.         0.         0.         0.01090819 0.         0.01194091 0.         0.         0.        ],[0. 0. 0. 0. 1. 0. 0. 0. 0. 0. 0. 0. 0. 0. 0. 0. 0. 0. 0. 0. 0. 0. 0. 0. 0. 1. 0. 1. 0. 0. 0.],3.0,best,10000,100000,100,0.9,0.5,0.9,0.5,0.9,5,0.41,1,3,,problem_solving,10
5800,-0.004741717771379931,0.024349,0.00034446465605155027,0.732,0.6400066056836028,1.369973352009972,[0.         0.         0.         0.         0.97715091 0.         0.         0.         0.         0.         0.         0.         0.         0.         0.         0.         0.         0.         0.         0.         0.         0.         0.         0.         0.         0.01090819 0.         0.01194091 0.         0.         0.        ],[0. 0. 0. 0. 1. 0. 0. 0. 0. 0. 0. 0. 0. 0. 0. 0. 0. 0. 0. 0. 0. 0. 0. 0. 0. 1. 0. 1. 0. 0. 0.],3.0,best,10000,100000,100,0.9,0.5,0.9,0.5,0.9,5,0.41,1,3,,problem_solving,10
5900,-0.004741717771379931,0.024349,0.00034446465605155027,0.736,0.6362557664663436,-6.119624216159648,[0.         0.         0.         0.         0.97715091 0.         0.         0.         0.         0.         0.         0.         0.         0.         0.         0.         0.         0.         0.         0.         0.         0.         0.         0.         0.         0.01090819 0.         0.01194091 0.         0.         0.        ],[0. 0. 0. 0. 1. 0. 0. 0. 0. 0. 0. 0. 0. 0. 0. 0. 0. 0. 0. 0. 0. 0. 0. 0. 0. 1. 0. 1. 0. 0. 0.],3.0,best,10000,100000,100,0.9,0.5,0.9,0.5,0.9,5,0.41,1,3,,problem_solving,10
6000,-0.004741717771379931,0.024349,0.00034446465605155027,0.74,0.6325269095141249,3.179225245117429,[0.         0.         0.         0.         0.97715091 0.         0.         0.         0.         0.         0.         0.         0.         0.         0.         0.         0.         0.         0.         0.         0.         0.         0.         0.         0.         0.01090819 0.         0.01194091 0.         0.         0.        ],[0. 0. 0. 0. 1. 0. 0. 0. 0. 0. 0. 0. 0. 0. 0. 0. 0. 0. 0. 0. 0. 0. 0. 0. 0. 1. 0. 1. 0. 0. 0.],3.0,best,10000,100000,100,0.9,0.5,0.9,0.5,0.9,5,0.41,1,3,,problem_solving,10
6100,-0.004741717771379931,0.024349,0.00034446465605155027,0.744,0.6288199059971172,1.0010361242894374,[0.         0.         0.         0.         0.97715091 0.         0.         0.         0.         0.         0.         0.         0.         0.         0.         0.         0.         0.         0.         0.         0.         0.         0.         0.         0.         0.01090819 0.         0.01194091 0.         0.         0.        ],[0. 0. 0. 0. 1. 0. 0. 0. 0. 0. 0. 0. 0. 0. 0. 0. 0. 0. 0. 0. 0. 0. 0. 0. 0. 1. 0. 1. 0. 0. 0.],3.0,best,10000,100000,100,0.9,0.5,0.9,0.5,0.9,5,0.41,1,3,,problem_solving,10
6200,-0.004741717771379931,0.024349,0.00034446465605155027,0.748,0.6251346278405147,0.2845829089186311,[0.         0.         0.         0.         0.97715091 0.         0.         0.         0.         0.         0.         0.         0.         0.         0.         0.         0.         0.         0.         0.         0.         0.         0.         0.         0.         0.01090819 0.         0.01194091 0.         0.         0.        ],[0. 0. 0. 0. 1. 0. 0. 0. 0. 0. 0. 0. 0. 0. 0. 0. 0. 0. 0. 0. 0. 0. 0. 0. 0. 1. 0. 1. 0. 0. 0.],3.0,best,10000,100000,100,0.9,0.5,0.9,0.5,0.9,5,0.41,1,3,,problem_solving,10
6300,-0.004741717771379931,0.024349,0.00034446465605155027,0.752,0.6214709477201097,0.8299577543587566,[0.         0.         0.         0.         0.97715091 0.         0.         0.         0.         0.         0.         0.         0.         0.         0.         0.         0.         0.         0.         0.         0.         0.         0.         0.         0.         0.01090819 0.         0.01194091 0.         0.         0.        ],[0. 0. 0. 0. 1. 0. 0. 0. 0. 0. 0. 0. 0. 0. 0. 0. 0. 0. 0. 0. 0. 0. 0. 0. 0. 1. 0. 1. 0. 0. 0.],3.0,best,10000,100000,100,0.9,0.5,0.9,0.5,0.9,5,0.41,1,3,,problem_solving,10
6400,-0.004741717771379931,0.024349,0.00034446465605155027,0.756,0.6178287390578946,4.207385626983595,[0.         0.         0.         0.         0.97715091 0.         0.         0.         0.         0.         0.         0.         0.         0.         0.         0.         0.         0.         0.         0.         0.         0.         0.         0.         0.         0.01090819 0.         0.01194091 0.         0.         0.        ],[0. 0. 0. 0. 1. 0. 0. 0. 0. 0. 0. 0. 0. 0. 0. 0. 0. 0. 0. 0. 0. 0. 0. 0. 0. 1. 0. 1. 0. 0. 0.],3.0,best,10000,100000,100,0.9,0.5,0.9,0.5,0.9,5,0.41,1,3,,problem_solving,10
6500,-0.004741717771379931,0.024349,0.00034446465605155027,0.76,0.6142078760176876,-3.2214940731482278,[0.         0.         0.         0.         0.97715091 0.         0.         0.         0.         0.         0.         0.         0.         0.         0.         0.         0.         0.         0.         0.         0.         0.         0.         0.         0.         0.01090819 0.         0.01194091 0.         0.         0.        ],[0. 0. 0. 0. 1. 0. 0. 0. 0. 0. 0. 0. 0. 0. 0. 0. 0. 0. 0. 0. 0. 0. 0. 0. 0. 1. 0. 1. 0. 0. 0.],3.0,best,10000,100000,100,0.9,0.5,0.9,0.5,0.9,5,0.41,1,3,,problem_solving,10
6600,-0.004741717771379931,0.024349,0.00034446465605155027,0.764,0.6106082335007861,2.0974334452853207,[0.         0.         0.         0.         0.97715091 0.         0.         0.         0.         0.         0.         0.         0.         0.         0.         0.         0.         0.         0.         0.         0.         0.         0.         0.         0.         0.01090819 0.         0.01194091 0.         0.         0.        ],[0. 0. 0. 0. 1. 0. 0. 0. 0. 0. 0. 0. 0. 0. 0. 0. 0. 0. 0. 0. 0. 0. 0. 0. 0. 1. 0. 1. 0. 0. 0.],3.0,best,10000,100000,100,0.9,0.5,0.9,0.5,0.9,5,0.41,1,3,,problem_solving,10
6700,-0.004741717771379931,0.024349,0.00034446465605155027,0.768,0.6070296871416437,-0.5862443884613044,[0.         0.         0.         0.         0.97715091 0.         0.         0.         0.         0.         0.         0.         0.         0.         0.         0.         0.         0.         0.         0.         0.         0.         0.         0.         0.         0.01090819 0.         0.01194091 0.         0.         0.        ],[0. 0. 0. 0. 1. 0. 0. 0. 0. 0. 0. 0. 0. 0. 0. 0. 0. 0. 0. 0. 0. 0. 0. 0. 0. 1. 0. 1. 0. 0. 0.],3.0,best,10000,100000,100,0.9,0.5,0.9,0.5,0.9,5,0.41,1,3,,problem_solving,10
6800,-0.004741717771379931,0.024349,0.00034446465605155027,0.772,0.6034721133035746,-0.912291963551716,[0.         0.         0.         0.         0.97715091 0.         0.         0.         0.         0.         0.         0.         0.         0.         0.         0.         0.         0.         0.         0.         0.         0.         0.         0.         0.         0.01090819 0.         0.01194091 0.         0.         0.        ],[0. 0. 0. 0. 1. 0. 0. 0. 0. 0. 0. 0. 0. 0. 0. 0. 0. 0. 0. 0. 0. 0. 0. 0. 0. 1. 0. 1. 0. 0. 0.],3.0,best,10000,100000,100,0.9,0.5,0.9,0.5,0.9,5,0.41,1,3,,problem_solving,10
6900,-0.004741717771379931,0.024349,0.00034446465605155027,0.776,0.5999353890744809,-3.2533599859066906,[0.         0.         0.         0.         0.97715091 0.         0.         0.         0.         0.         0.         0.         0.         0.         0.         0.         0.         0.         0.         0.         0.         0.         0.         0.         0.         0.01090819 0.         0.01194091 0.         0.         0.        ],[0. 0. 0. 0. 1. 0. 0. 0. 0. 0. 0. 0. 0. 0. 0. 0. 0. 0. 0. 0. 0. 0. 0. 0. 0. 1. 0. 1. 0. 0. 0.],3.0,best,10000,100000,100,0.9,0.5,0.9,0.5,0.9,5,0.41,1,3,,problem_solving,10
7000,-0.004741717771379931,0.024349,0.00034446465605155027,0.78,0.5964193922626064,0.15750488406295593,[0.         0.         0.         0.         0.97715091 0.         0.         0.         0.         0.         0.         0.         0.         0.         0.         0.         0.         0.         0.         0.         0.         0.         0.         0.         0.         0.01090819 0.         0.01194091 0.         0.         0.        ],[0. 0. 0. 0. 1. 0. 0. 0. 0. 0. 0. 0. 0. 0. 0. 0. 0. 0. 0. 0. 0. 0. 0. 0. 0. 1. 0. 1. 0. 0. 0.],3.0,best,10000,100000,100,0.9,0.5,0.9,0.5,0.9,5,0.41,1,3,,problem_solving,10
7100,-0.004741717771379931,0.024349,0.00034446465605155027,0.784,0.5929240013923155,3.6552727924820103,[0.         0.         0.         0.         0.97715091 0.         0.         0.         0.         0.         0.         0.         0.         0.         0.         0.         0.         0.         0.         0.         0.         0.         0.         0.         0.         0.01090819 0.         0.01194091 0.         0.         0.        ],[0. 0. 0. 0. 1. 0. 0. 0. 0. 0. 0. 0. 0. 0. 0. 0. 0. 0. 0. 0. 0. 0. 0. 0. 0. 1. 0. 1. 0. 0. 0.],3.0,best,10000,100000,100,0.9,0.5,0.9,0.5,0.9,5,0.41,1,3,,problem_solving,10
7200,-0.004741717771379931,0.024349,0.00034446465605155027,0.788,0.5894490956998952,-4.5528357302512,[0.         0.         0.         0.         0.97715091 0.         0.         0.         0.         0.         0.         0.         0.         0.         0.         0.         0.         0.         0.         0.         0.         0.         0.         0.         0.         0.01090819 0.         0.01194091 0.         0.         0.        ],[0. 0. 0. 0. 1. 0. 0. 0. 0. 0. 0. 0. 0. 0. 0. 0. 0. 0. 0. 0. 0. 0. 0. 0. 0. 1. 0. 1. 0. 0. 0.],3.0,best,10000,100000,100,0.9,0.5,0.9,0.5,0.9,5,0.41,1,3,,problem_solving,10
7300,-0.004741717771379931,0.024349,0.00034446465605155027,0.792,0.5859945551293843,-2.4226118737562827,[0.         0.         0.         0.         0.97715091 0.         0.         0.         0.         0.         0.         0.         0.         0.         0.         0.         0.         0.         0.         0.         0.         0.         0.         0.         0.         0.01090819 0.         0.01194091 0.         0.         0.        ],[0. 0. 0. 0. 1. 0. 0. 0. 0. 0. 0. 0. 0. 0. 0. 0. 0. 0. 0. 0. 0. 0. 0. 0. 0. 1. 0. 1. 0. 0. 0.],3.0,best,10000,100000,100,0.9,0.5,0.9,0.5,0.9,5,0.41,1,3,,problem_solving,10
7400,-0.004741717771379931,0.024349,0.00034446465605155027,0.796,0.5825602603284237,0.11537116382507738,[0.         0.         0.         0.         0.97715091 0.         0.         0.         0.         0.         0.         0.         0.         0.         0.         0.         0.         0.         0.         0.         0.         0.         0.         0.         0.         0.01090819 0.         0.01194091 0.         0.         0.        ],[0. 0. 0. 0. 1. 0. 0. 0. 0. 0. 0. 0. 0. 0. 0. 0. 0. 0. 0. 0. 0. 0. 0. 0. 0. 1. 0. 1. 0. 0. 0.],3.0,best,10000,100000,100,0.9,0.5,0.9,0.5,0.9,5,0.41,1,3,,problem_solving,10
7500,-0.004741717771379931,0.024349,0.00034446465605155027,0.8,0.5791460926441345,-2.7991088798039705,[0.         0.         0.         0.         0.97715091 0.         0.         0.         0.         0.         0.         0.         0.         0.         0.         0.         0.         0.         0.         0.         0.         0.         0.         0.         0.         0.01090819 0.         0.01194091 0.         0.         0.        ],[0. 0. 0. 0. 1. 0. 0. 0. 0. 0. 0. 0. 0. 0. 0. 0. 0. 0. 0. 0. 0. 0. 0. 0. 0. 1. 0. 1. 0. 0. 0.],3.0,best,10000,100000,100,0.9,0.5,0.9,0.5,0.9,5,0.41,1,3,,problem_solving,10
7600,-0.004741717771379931,0.024349,0.00034446465605155027,0.804,0.5757519341190179,-1.1460548765811536,[0.         0.         0.         0.         0.97715091 0.         0.         0.         0.         0.         0.         0.         0.         0.         0.         0.         0.         0.         0.         0.         0.         0.         0.         0.         0.         0.01090819 0.         0.01194091 0.         0.         0.        ],[0. 0. 0. 0. 1. 0. 0. 0. 0. 0. 0. 0. 0. 0. 0. 0. 0. 0. 0. 0. 0. 0. 0. 0. 0. 1. 0. 1. 0. 0. 0.],3.0,best,10000,100000,100,0.9,0.5,0.9,0.5,0.9,5,0.41,1,3,,problem_solving,10
7700,-0.004741717771379931,0.024349,0.00034446465605155027,0.808,0.5723776674868795,-1.9850534590508457,[0.         0.         0.         0.         0.97715091 0.         0.         0.         0.         0.         0.         0.         0.         0.         0.         0.         0.         0.         0.         0.         0.         0.         0.         0.         0.         0.01090819 0.         0.01194091 0.         0.         0.        ],[0. 0. 0. 0. 1. 0. 0. 0. 0. 0. 0. 0. 0. 0. 0. 0. 0. 0. 0. 0. 0. 0. 0. 0. 0. 1. 0. 1. 0. 0. 0.],3.0,best,10000,100000,100,0.9,0.5,0.9,0.5,0.9,5,0.41,1,3,,problem_solving,10
7800,-0.004741717771379931,0.024349,0.00034446465605155027,0.812,0.5690231761687783,0.5408880303918093,[0.         0.         0.         0.         0.97715091 0.         0.         0.         0.         0.         0.         0.         0.         0.         0.         0.         0.         0.         0.         0.         0.         0.         0.         0.         0.         0.01090819 0.         0.01194091 0.         0.         0.        ],[0. 0. 0. 0. 1. 0. 0. 0. 0. 0. 0. 0. 0. 0. 0. 0. 0. 0. 0. 0. 0. 0. 0. 0. 0. 1. 0. 1. 0. 0. 0.],3.0,best,10000,100000,100,0.9,0.5,0.9,0.5,0.9,5,0.41,1,3,,problem_solving,10
7900,-0.004741717771379931,0.024349,0.00034446465605155027,0.8160000000000001,0.5656883442689989,-4.181865628321661,[0.         0.         0.         0.         0.97715091 0.         0.         0.         0.         0.         0.         0.         0.         0.         0.         0.         0.         0.         0.         0.         0.         0.         0.         0.         0.         0.01090819 0.         0.01194091 0.         0.         0.        ],[0. 0. 0. 0. 1. 0. 0. 0. 0. 0. 0. 0. 0. 0. 0. 0. 0. 0. 0. 0. 0. 0. 0. 0. 0. 1. 0. 1. 0. 0. 0.],3.0,best,10000,100000,100,0.9,0.5,0.9,0.5,0.9,5,0.41,1,3,,problem_solving,10
8000,-0.004741717771379931,0.024349,0.00034446465605155027,0.8200000000000001,0.5623730565710474,-1.0122099020579436,[0.         0.         0.         0.         0.97715091 0.         0.         0.         0.         0.         0.         0.         0.         0.         0.         0.         0.         0.         0.         0.         0.         0.         0.         0.         0.         0.01090819 0.         0.01194091 0.         0.         0.        ],[0. 0. 0. 0. 1. 0. 0. 0. 0. 0. 0. 0. 0. 0. 0. 0. 0. 0. 0. 0. 0. 0. 0. 0. 0. 1. 0. 1. 0. 0. 0.],3.0,best,10000,100000,100,0.9,0.5,0.9,0.5,0.9,5,0.41,1,3,,problem_solving,10
8100,-0.004741717771379931,0.024349,0.00034446465605155027,0.8240000000000001,0.5590771985336705,2.7382525598507614,[0.         0.         0.         0.         0.97715091 0.         0.         0.         0.         0.         0.         0.         0.         0.         0.         0.         0.         0.         0.         0.         0.         0.         0.         0.         0.         0.01090819 0.         0.01194091 0.         0.         0.        ],[0. 0. 0. 0. 1. 0. 0. 0. 0. 0. 0. 0. 0. 0. 0. 0. 0. 0. 0. 0. 0. 0. 0. 0. 0. 1. 0. 1. 0. 0. 0.],3.0,best,10000,100000,100,0.9,0.5,0.9,0.5,0.9,5,0.41,1,3,,problem_solving,10
8200,-0.004741717771379931,0.024349,0.00034446465605155027,0.8280000000000001,0.5558006562868987,-2.0939986419759093,[0.         0.         0.         0.         0.97715091 0.         0.         0.         0.         0.         0.         0.         0.         0.         0.         0.         0.         0.         0.         0.         0.         0.         0.         0.         0.         0.01090819 0.         0.01194091 0.         0.         0.        ],[0. 0. 0. 0. 1. 0. 0. 0. 0. 0. 0. 0. 0. 0. 0. 0. 0. 0. 0. 0. 0. 0. 0. 0. 0. 1. 0. 1. 0. 0. 0.],3.0,best,10000,100000,100,0.9,0.5,0.9,0.5,0.9,5,0.41,1,3,,problem_solving,10
8300,-0.004741717771379931,0.024349,0.00034446465605155027,0.8320000000000001,0.5525433166281111,1.9923394086758952,[0.         0.         0.         0.         0.97715091 0.         0.         0.         0.         0.         0.         0.         0.         0.         0.         0.         0.         0.         0.         0.         0.         0.         0.         0.         0.         0.01090819 0.         0.01194091 0.         0.         0.        ],[0. 0. 0. 0. 1. 0. 0. 0. 0. 0. 0. 0. 0. 0. 0. 0. 0. 0. 0. 0. 0. 0. 0. 0. 0. 1. 0. 1. 0. 0. 0.],3.0,best,10000,100000,100,0.9,0.5,0.9,0.5,0.9,5,0.41,1,3,,problem_solving,10
8400,-0.004741717771379931,0.024349,0.00034446465605155027,0.8360000000000001,0.5493050670181255,0.288687598462241,[0.         0.         0.         0.         0.97715091 0.         0.         0.         0.         0.         0.         0.         0.         0.         0.         0.         0.         0.         0.         0.         0.         0.         0.         0.         0.         0.01090819 0.         0.01194091 0.         0.         0.        ],[0. 0. 0. 0. 1. 0. 0. 0. 0. 0. 0. 0. 0. 0. 0. 0. 0. 0. 0. 0. 0. 0. 0. 0. 0. 1. 0. 1. 0. 0. 0.],3.0,best,10000,100000,100,0.9,0.5,0.9,0.5,0.9,5,0.41,1,3,,problem_solving,10
8500,-0.004741717771379931,0.024349,0.00034446465605155027,0.8400000000000001,0.5460857955773097,1.459588384765557,[0.         0.         0.         0.         0.97715091 0.         0.         0.         0.         0.         0.         0.         0.         0.         0.         0.         0.         0.         0.         0.         0.         0.         0.         0.         0.         0.01090819 0.         0.01194091 0.         0.         0.        ],[0. 0. 0. 0. 1. 0. 0. 0. 0. 0. 0. 0. 0. 0. 0. 0. 0. 0. 0. 0. 0. 0. 0. 0. 0. 1. 0. 1. 0. 0. 0.],3.0,best,10000,100000,100,0.9,0.5,0.9,0.5,0.9,5,0.41,1,3,,problem_solving,10
8600,-0.004741717771379931,0.024349,0.00034446465605155027,0.8440000000000001,0.542885391081716,0.185052604036786,[0.         0.         0.         0.         0.97715091 0.         0.         0.         0.         0.         0.         0.         0.         0.         0.         0.         0.         0.         0.         0.         0.         0.         0.         0.         0.         0.01090819 0.         0.01194091 0.         0.         0.        ],[0. 0. 0. 0. 1. 0. 0. 0. 0. 0. 0. 0. 0. 0. 0. 0. 0. 0. 0. 0. 0. 0. 0. 0. 0. 1. 0. 1. 0. 0. 0.],3.0,best,10000,100000,100,0.9,0.5,0.9,0.5,0.9,5,0.41,1,3,,problem_solving,10
8700,-0.004741717771379931,0.024349,0.00034446465605155027,0.8480000000000001,0.5397037429592386,2.7191441846316007,[0.         0.         0.         0.         0.97715091 0.         0.         0.         0.         0.         0.         0.         0.         0.         0.         0.         0.         0.         0.         0.         0.         0.         0.         0.         0.         0.01090819 0.         0.01194091 0.         0.         0.        ],[0. 0. 0. 0. 1. 0. 0. 0. 0. 0. 0. 0. 0. 0. 0. 0. 0. 0. 0. 0. 0. 0. 0. 0. 0. 1. 0. 1. 0. 0. 0.],3.0,best,10000,100000,100,0.9,0.5,0.9,0.5,0.9,5,0.41,1,3,,problem_solving,10
8800,-0.004741717771379931,0.024349,0.00034446465605155027,0.8520000000000001,0.5365407412857937,-1.94030100763967,[0.         0.         0.         0.         0.97715091 0.         0.         0.         0.         0.         0.         0.         0.         0.         0.         0.         0.         0.         0.         0.         0.         0.         0.         0.         0.         0.01090819 0.         0.01194091 0.         0.         0.        ],[0. 0. 0. 0. 1. 0. 0. 0. 0. 0. 0. 0. 0. 0. 0. 0. 0. 0. 0. 0. 0. 0. 0. 0. 0. 1. 0. 1. 0. 0. 0.],3.0,best,10000,100000,100,0.9,0.5,0.9,0.5,0.9,5,0.41,1,3,,problem_solving,10
8900,-0.004741717771379931,0.024349,0.00034446465605155027,0.8560000000000001,0.5333962767815211,0.4933455779226523,[0.         0.         0.         0.         0.97715091 0.         0.         0.         0.         0.         0.         0.         0.         0.         0.         0.         0.         0.         0.         0.         0.         0.         0.         0.         0.         0.01090819 0.         0.01194091 0.         0.         0.        ],[0. 0. 0. 0. 1. 0. 0. 0. 0. 0. 0. 0. 0. 0. 0. 0. 0. 0. 0. 0. 0. 0. 0. 0. 0. 1. 0. 1. 0. 0. 0.],3.0,best,10000,100000,100,0.9,0.5,0.9,0.5,0.9,5,0.41,1,3,,problem_solving,10
9000,-0.004741717771379931,0.024349,0.00034446465605155027,0.8600000000000001,0.5302702408070095,-2.814695009343144,[0.         0.         0.         0.         0.97715091 0.         0.         0.         0.         0.         0.         0.         0.         0.         0.         0.         0.         0.         0.         0.         0.         0.         0.         0.         0.         0.01090819 0.         0.01194091 0.         0.         0.        ],[0. 0. 0. 0. 1. 0. 0. 0. 0. 0. 0. 0. 0. 0. 0. 0. 0. 0. 0. 0. 0. 0. 0. 0. 0. 1. 0. 1. 0. 0. 0.],3.0,best,10000,100000,100,0.9,0.5,0.9,0.5,0.9,5,0.41,1,3,,problem_solving,10
9100,-0.004741717771379931,0.024349,0.00034446465605155027,0.8640000000000001,0.5271625253595416,-0.9281982042362922,[0.         0.         0.         0.         0.97715091 0.         0.         0.         0.         0.         0.         0.         0.         0.         0.         0.         0.         0.         0.         0.         0.         0.         0.         0.         0.         0.01090819 0.         0.01194091 0.         0.         0.        ],[0. 0. 0. 0. 1. 0. 0. 0. 0. 0. 0. 0. 0. 0. 0. 0. 0. 0. 0. 0. 0. 0. 0. 0. 0. 1. 0. 1. 0. 0. 0.],3.0,best,10000,100000,100,0.9,0.5,0.9,0.5,0.9,5,0.41,1,3,,problem_solving,10
9200,-0.004741717771379931,0.024349,0.00034446465605155027,0.8680000000000001,0.5240730230693647,2.7772961612744558,[0.         0.         0.         0.         0.97715091 0.         0.         0.         0.         0.         0.         0.         0.         0.         0.         0.         0.         0.         0.         0.         0.         0.         0.         0.         0.         0.01090819 0.         0.01194091 0.         0.         0.        ],[0. 0. 0. 0. 1. 0. 0. 0. 0. 0. 0. 0. 0. 0. 0. 0. 0. 0. 0. 0. 0. 0. 0. 0. 0. 1. 0. 1. 0. 0. 0.],3.0,best,10000,100000,100,0.9,0.5,0.9,0.5,0.9,5,0.41,1,3,,problem_solving,10
9300,-0.004741717771379931,0.024349,0.00034446465605155027,0.8720000000000001,0.5210016271959791,-1.8600789518699854,[0.         0.         0.         0.         0.97715091 0.         0.         0.         0.         0.         0.         0.         0.         0.         0.         0.         0.         0.         0.         0.         0.         0.         0.         0.         0.         0.01090819 0.         0.01194091 0.         0.         0.        ],[0. 0. 0. 0. 1. 0. 0. 0. 0. 0. 0. 0. 0. 0. 0. 0. 0. 0. 0. 0. 0. 0. 0. 0. 0. 1. 0. 1. 0. 0. 0.],3.0,best,10000,100000,100,0.9,0.5,0.9,0.5,0.9,5,0.41,1,3,,problem_solving,10
9400,-0.004741717771379931,0.024349,0.00034446465605155027,0.8760000000000001,0.5179482316244518,1.3642831967448195,[0.         0.         0.         0.         0.97715091 0.         0.         0.         0.         0.         0.         0.         0.         0.         0.         0.         0.         0.         0.         0.         0.         0.         0.         0.         0.         0.01090819 0.         0.01194091 0.         0.         0.        ],[0. 0. 0. 0. 1. 0. 0. 0. 0. 0. 0. 0. 0. 0. 0. 0. 0. 0. 0. 0. 0. 0. 0. 0. 0. 1. 0. 1. 0. 0. 0.],3.0,best,10000,100000,100,0.9,0.5,0.9,0.5,0.9,5,0.41,1,3,,problem_solving,10
9500,-0.004741717771379931,0.024349,0.00034446465605155027,0.88,0.5149127308617497,-1.7039758993446852,[0.         0.         0.         0.         0.97715091 0.         0.         0.         0.         0.         0.         0.         0.         0.         0.         0.         0.         0.         0.         0.         0.         0.         0.         0.         0.         0.01090819 0.         0.01194091 0.         0.         0.        ],[0. 0. 0. 0. 1. 0. 0. 0. 0. 0. 0. 0. 0. 0. 0. 0. 0. 0. 0. 0. 0. 0. 0. 0. 0. 1. 0. 1. 0. 0. 0.],3.0,best,10000,100000,100,0.9,0.5,0.9,0.5,0.9,5,0.41,1,3,,problem_solving,10
9600,-0.004741717771379931,0.024349,0.00034446465605155027,0.884,0.5118950200330946,-1.3997761932954913,[0.         0.         0.         0.         0.97715091 0.         0.         0.         0.         0.         0.         0.         0.         0.         0.         0.         0.         0.         0.         0.         0.         0.         0.         0.         0.         0.01090819 0.         0.01194091 0.         0.         0.        ],[0. 0. 0. 0. 1. 0. 0. 0. 0. 0. 0. 0. 0. 0. 0. 0. 0. 0. 0. 0. 0. 0. 0. 0. 0. 1. 0. 1. 0. 0. 0.],3.0,best,10000,100000,100,0.9,0.5,0.9,0.5,0.9,5,0.41,1,3,,problem_solving,10
9700,-0.004741717771379931,0.024349,0.00034446465605155027,0.888,0.5088949948783402,-2.7327833659772844,[0.         0.         0.         0.         0.97715091 0.         0.         0.         0.         0.         0.         0.         0.         0.         0.         0.         0.         0.         0.         0.         0.         0.         0.         0.         0.         0.01090819 0.         0.01194091 0.         0.         0.        ],[0. 0. 0. 0. 1. 0. 0. 0. 0. 0. 0. 0. 0. 0. 0. 0. 0. 0. 0. 0. 0. 0. 0. 0. 0. 1. 0. 1. 0. 0. 0.],3.0,best,10000,100000,100,0.9,0.5,0.9,0.5,0.9,5,0.41,1,3,,problem_solving,10
9800,-0.004741717771379931,0.024349,0.00034446465605155027,0.892,0.5059125517483702,-1.0500373310626878,[0.         0.         0.         0.         0.97715091 0.         0.         0.         0.         0.         0.         0.         0.         0.         0.         0.         0.         0.         0.         0.         0.         0.         0.         0.         0.         0.01090819 0.         0.01194091 0.         0.         0.        ],[0. 0. 0. 0. 1. 0. 0. 0. 0. 0. 0. 0. 0. 0. 0. 0. 0. 0. 0. 0. 0. 0. 0. 0. 0. 1. 0. 1. 0. 0. 0.],3.0,best,10000,100000,100,0.9,0.5,0.9,0.5,0.9,5,0.41,1,3,,problem_solving,10
9900,-0.004741717771379931,0.024349,0.00034446465605155027,0.896,0.5029475876015165,2.161327528467928,[0.         0.         0.         0.         0.97715091 0.         0.         0.         0.         0.         0.         0.         0.         0.         0.         0.         0.         0.         0.         0.         0.         0.         0.         0.         0.         0.01090819 0.         0.01194091 0.         0.         0.        ],[0. 0. 0. 0. 1. 0. 0. 0. 0. 0. 0. 0. 0. 0. 0. 0. 0. 0. 0. 0. 0. 0. 0. 0. 0. 1. 0. 1. 0. 0. 0.],3.0,best,10000,100000,100,0.9,0.5,0.9,0.5,0.9,5,0.41,1,3,,problem_solving,10
9999,-0.004741717771379931,0.024349,0.00034446465605155027,0.8999600000000001,0.500029390196995,2.5887384505130275,[0.         0.         0.         0.         0.97715091 0.         0.         0.         0.         0.         0.         0.         0.         0.         0.         0.         0.         0.         0.         0.         0.         0.         0.         0.         0.         0.01090819 0.         0.01194091 0.         0.         0.        ],[0. 0. 0. 0. 1. 0. 0. 0. 0. 0. 0. 0. 0. 0. 0. 0. 0. 0. 0. 0. 0. 0. 0. 0. 0. 1. 0. 1. 0. 0. 0.],3.0,best,10000,100000,100,0.9,0.5,0.9,0.5,0.9,5,0.41,1,3,,problem_solving,10
