iter,cost,risk,return,par,bw,move,X,Z,Q,pop_init,max_iter,pop_size,mem_size,mem_consider,par_min,par_max,bw_min,bw_max,sigma,lambda,port_n,k,seed,tag,local_search
1,-0.004049814953172494,0.138809,0.005501612528886521,0.50004,0.8999471007548476,-2.774963393787694,[0.         0.01213621 0.         0.         0.90293446 0.         0.01209468 0.         0.01217131 0.         0.01533209 0.         0.         0.         0.         0.         0.         0.         0.         0.01125572 0.         0.         0.         0.         0.         0.0228198  0.01125572 0.         0.         0.         0.        ],[0. 1. 0. 0. 1. 0. 1. 0. 1. 0. 1. 0. 0. 0. 0. 0. 0. 0. 0. 1. 0. 0. 0. 0. 0. 1. 1. 0. 0. 0. 0.],8.0,best,10000,100000,100,0.9,0.5,0.9,0.5,0.9,5,0.1,1,8,,problem_solving,10
100,-0.00696473087931029,0.117559,0.0035721167687972973,0.504,0.894725436791504,6.686699034894597,[0.         0.         0.         0.         0.9205679  0.         0.         0.         0.01104375 0.         0.         0.         0.         0.         0.01250214 0.         0.         0.         0.         0.01104375 0.         0.         0.         0.         0.         0.01120253 0.01104375 0.         0.         0.01155242 0.01104375],[0. 0. 0. 0. 1. 0. 0. 0. 1. 0. 0. 0. 0. 0. 1. 0. 0. 0. 0. 1. 0. 0. 0. 0. 0. 1. 1. 0. 0. 1. 1.],8.0,best,10000,100000,100,0.9,0.5,0.9,0.5,0.9,5,0.1,1,8,,problem_solving,10
200,-0.00696473087931029,0.117559,0.0035721167687972973,0.508,0.8894817858241639,4.372738954327177,[0.         0.         0.         0.         0.9205679  0.         0.         0.         0.01104375 0.         0.         0.         0.         0.         0.01250214 0.         0.         0.         0.         0.01104375 0.         0.         0.         0.         0.         0.01120253 0.01104375 0.         0.         0.01155242 0.01104375],[0. 0. 0. 0. 1. 0. 0. 0. 1. 0. 0. 0. 0. 0. 1. 0. 0. 0. 0. 1. 0. 0. 0. 0. 0. 1. 1. 0. 0. 1. 1.],8.0,best,10000,100000,100,0.9,0.5,0.9,0.5,0.9,5,0.1,1,8,,problem_solving,10
300,-0.00696473087931029,0.117559,0.0035721167687972973,0.512,0.8842688659329022,6.0772147184057985,[0.         0.         0.         0.         0.9205679  0.         0.         0.         0.01104375 0.         0.         0.         0.         0.         0.01250214 0.         0.         0.         0.         0.01104375 0.         0.         0.         0.         0.         0.01120253 0.01104375 0.         0.         0.01155242 0.01104375],[0. 0. 0. 0. 1. 0. 0. 0. 1. 0. 0. 0. 0. 0. 1. 0. 0. 0. 0. 1. 0. 0. 0. 0. 0. 1. 1. 0. 0. 1. 1.],8.0,best,10000,100000,100,0.9,0.5,0.9,0.5,0.9,5,0.1,1,8,,problem_solving,10
400,-0.007012959105915897,0.123657,0.004328879082223373,0.516,0.879086497014382,-4.8963994090755545,[0.         0.         0.         0.         0.9159591  0.         0.         0.         0.         0.01142797 0.01261149 0.         0.         0.         0.01142797 0.01142797 0.         0.         0.         0.         0.         0.0121578  0.         0.         0.         0.01167981 0.         0.         0.         0.         0.0133079 ],[0. 0. 0. 0. 1. 0. 0. 0. 0. 1. 1. 0. 0. 0. 1. 1. 0. 0. 0. 0. 0. 1. 0. 0. 0. 1. 0. 0. 0. 0. 1.],8.0,best,10000,100000,100,0.9,0.5,0.9,0.5,0.9,5,0.1,1,8,,problem_solving,10
500,-0.007012959105915897,0.123657,0.004328879082223373,0.52,0.8739345000207845,7.749384570995515,[0.         0.         0.         0.         0.9159591  0.         0.         0.         0.         0.01142797 0.01261149 0.         0.         0.         0.01142797 0.01142797 0.         0.         0.         0.         0.         0.0121578  0.         0.         0.         0.01167981 0.         0.         0.         0.         0.0133079 ],[0. 0. 0. 0. 1. 0. 0. 0. 0. 1. 1. 0. 0. 0. 1. 1. 0. 0. 0. 0. 0. 1. 0. 0. 0. 1. 0. 0. 0. 0. 1.],8.0,best,10000,100000,100,0.9,0.5,0.9,0.5,0.9,5,0.1,1,8,,problem_solving,10
600,-0.007012959105915897,0.123657,0.004328879082223373,0.524,0.8688126969536234,-5.1339216630155,[0.         0.         0.         0.         0.9159591  0.         0.         0.         0.         0.01142797 0.01261149 0.         0.         0.         0.01142797 0.01142797 0.         0.         0.         0.         0.         0.0121578  0.         0.         0.         0.01167981 0.         0.         0.         0.         0.0133079 ],[0. 0. 0. 0. 1. 0. 0. 0. 0. 1. 1. 0. 0. 0. 1. 1. 0. 0. 0. 0. 0. 1. 0. 0. 0. 1. 0. 0. 0. 0. 1.],8.0,best,10000,100000,100,0.9,0.5,0.9,0.5,0.9,5,0.1,1,8,,problem_solving,10
700,-0.007012959105915897,0.123657,0.004328879082223373,0.528,0.8637209108575947,-1.289032345332628,[0.         0.         0.         0.         0.9159591  0.         0.         0.         0.         0.01142797 0.01261149 0.         0.         0.         0.01142797 0.01142797 0.         0.         0.         0.         0.         0.0121578  0.         0.         0.         0.01167981 0.         0.         0.         0.         0.0133079 ],[0. 0. 0. 0. 1. 0. 0. 0. 0. 1. 1. 0. 0. 0. 1. 1. 0. 0. 0. 0. 0. 1. 0. 0. 0. 1. 0. 0. 0. 0. 1.],8.0,best,10000,100000,100,0.9,0.5,0.9,0.5,0.9,5,0.1,1,8,,problem_solving,10
800,-0.007012959105915897,0.123657,0.004328879082223373,0.532,0.8586589658144633,-1.949271903790413,[0.         0.         0.         0.         0.9159591  0.         0.         0.         0.         0.01142797 0.01261149 0.         0.         0.         0.01142797 0.01142797 0.         0.         0.         0.         0.         0.0121578  0.         0.         0.         0.01167981 0.         0.         0.         0.         0.0133079 ],[0. 0. 0. 0. 1. 0. 0. 0. 0. 1. 1. 0. 0. 0. 1. 1. 0. 0. 0. 0. 0. 1. 0. 0. 0. 1. 0. 0. 0. 0. 1.],8.0,best,10000,100000,100,0.9,0.5,0.9,0.5,0.9,5,0.1,1,8,,problem_solving,10
900,-0.007012959105915897,0.123657,0.004328879082223373,0.536,0.8536266869369854,4.294469949967936,[0.         0.         0.         0.         0.9159591  0.         0.         0.         0.         0.01142797 0.01261149 0.         0.         0.         0.01142797 0.01142797 0.         0.         0.         0.         0.         0.0121578  0.         0.         0.         0.01167981 0.         0.         0.         0.         0.0133079 ],[0. 0. 0. 0. 1. 0. 0. 0. 0. 1. 1. 0. 0. 0. 1. 1. 0. 0. 0. 0. 0. 1. 0. 0. 0. 1. 0. 0. 0. 0. 1.],8.0,best,10000,100000,100,0.9,0.5,0.9,0.5,0.9,5,0.1,1,8,,problem_solving,10
1000,-0.007012959105915897,0.123657,0.004328879082223373,0.54,0.8486239003628652,6.403895618481406,[0.         0.         0.         0.         0.9159591  0.         0.         0.         0.         0.01142797 0.01261149 0.         0.         0.         0.01142797 0.01142797 0.         0.         0.         0.         0.         0.0121578  0.         0.         0.         0.01167981 0.         0.         0.         0.         0.0133079 ],[0. 0. 0. 0. 1. 0. 0. 0. 0. 1. 1. 0. 0. 0. 1. 1. 0. 0. 0. 0. 0. 1. 0. 0. 0. 1. 0. 0. 0. 0. 1.],8.0,best,10000,100000,100,0.9,0.5,0.9,0.5,0.9,5,0.1,1,8,,problem_solving,10
1100,-0.007012959105915897,0.123657,0.004328879082223373,0.544,0.8436504332487491,0.3214950087122243,[0.         0.         0.         0.         0.9159591  0.         0.         0.         0.         0.01142797 0.01261149 0.         0.         0.         0.01142797 0.01142797 0.         0.         0.         0.         0.         0.0121578  0.         0.         0.         0.01167981 0.         0.         0.         0.         0.0133079 ],[0. 0. 0. 0. 1. 0. 0. 0. 0. 1. 1. 0. 0. 0. 1. 1. 0. 0. 0. 0. 0. 1. 0. 0. 0. 1. 0. 0. 0. 0. 1.],8.0,best,10000,100000,100,0.9,0.5,0.9,0.5,0.9,5,0.1,1,8,,problem_solving,10
1200,-0.007012959105915897,0.123657,0.004328879082223373,0.548,0.838706113764254,6.65778702260301,[0.         0.         0.         0.         0.9159591  0.         0.         0.         0.         0.01142797 0.01261149 0.         0.         0.         0.01142797 0.01142797 0.         0.         0.         0.         0.         0.0121578  0.         0.         0.         0.01167981 0.         0.         0.         0.         0.0133079 ],[0. 0. 0. 0. 1. 0. 0. 0. 0. 1. 1. 0. 0. 0. 1. 1. 0. 0. 0. 0. 0. 1. 0. 0. 0. 1. 0. 0. 0. 0. 1.],8.0,best,10000,100000,100,0.9,0.5,0.9,0.5,0.9,5,0.1,1,8,,problem_solving,10
1300,-0.007012959105915897,0.123657,0.004328879082223373,0.552,0.83379077108603,8.31637263978624,[0.         0.         0.         0.         0.9159591  0.         0.         0.         0.         0.01142797 0.01261149 0.         0.         0.         0.01142797 0.01142797 0.         0.         0.         0.         0.         0.0121578  0.         0.         0.         0.01167981 0.         0.         0.         0.         0.0133079 ],[0. 0. 0. 0. 1. 0. 0. 0. 0. 1. 1. 0. 0. 0. 1. 1. 0. 0. 0. 0. 0. 1. 0. 0. 0. 1. 0. 0. 0. 0. 1.],8.0,best,10000,100000,100,0.9,0.5,0.9,0.5,0.9,5,0.1,1,8,,problem_solving,10
1400,-0.007012959105915897,0.123657,0.004328879082223373,0.556,0.828904235391859,-6.678178452158712,[0.         0.         0.         0.         0.9159591  0.         0.         0.         0.         0.01142797 0.01261149 0.         0.         0.         0.01142797 0.01142797 0.         0.         0.         0.         0.         0.0121578  0.         0.         0.         0.01167981 0.         0.         0.         0.         0.0133079 ],[0. 0. 0. 0. 1. 0. 0. 0. 0. 1. 1. 0. 0. 0. 1. 1. 0. 0. 0. 0. 0. 1. 0. 0. 0. 1. 0. 0. 0. 0. 1.],8.0,best,10000,100000,100,0.9,0.5,0.9,0.5,0.9,5,0.1,1,8,,problem_solving,10
1500,-0.007012959105915897,0.123657,0.004328879082223373,0.56,0.8240463378547873,4.490919797086937,[0.         0.         0.         0.         0.9159591  0.         0.         0.         0.         0.01142797 0.01261149 0.         0.         0.         0.01142797 0.01142797 0.         0.         0.         0.         0.         0.0121578  0.         0.         0.         0.01167981 0.         0.         0.         0.         0.0133079 ],[0. 0. 0. 0. 1. 0. 0. 0. 0. 1. 1. 0. 0. 0. 1. 1. 0. 0. 0. 0. 0. 1. 0. 0. 0. 1. 0. 0. 0. 0. 1.],8.0,best,10000,100000,100,0.9,0.5,0.9,0.5,0.9,5,0.1,1,8,,problem_solving,10
1600,-0.007012959105915897,0.123657,0.004328879082223373,0.5640000000000001,0.8192169106372932,1.524955582848421,[0.         0.         0.         0.         0.9159591  0.         0.         0.         0.         0.01142797 0.01261149 0.         0.         0.         0.01142797 0.01142797 0.         0.         0.         0.         0.         0.0121578  0.         0.         0.         0.01167981 0.         0.         0.         0.         0.0133079 ],[0. 0. 0. 0. 1. 0. 0. 0. 0. 1. 1. 0. 0. 0. 1. 1. 0. 0. 0. 0. 0. 1. 0. 0. 0. 1. 0. 0. 0. 0. 1.],8.0,best,10000,100000,100,0.9,0.5,0.9,0.5,0.9,5,0.1,1,8,,problem_solving,10
1700,-0.007012959105915897,0.123657,0.004328879082223373,0.5680000000000001,0.8144157868854872,-0.6109291764378141,[0.         0.         0.         0.         0.9159591  0.         0.         0.         0.         0.01142797 0.01261149 0.         0.         0.         0.01142797 0.01142797 0.         0.         0.         0.         0.         0.0121578  0.         0.         0.         0.01167981 0.         0.         0.         0.         0.0133079 ],[0. 0. 0. 0. 1. 0. 0. 0. 0. 1. 1. 0. 0. 0. 1. 1. 0. 0. 0. 0. 0. 1. 0. 0. 0. 1. 0. 0. 0. 0. 1.],8.0,best,10000,100000,100,0.9,0.5,0.9,0.5,0.9,5,0.1,1,8,,problem_solving,10
1800,-0.007012959105915897,0.123657,0.004328879082223373,0.5720000000000001,0.8096428007233489,-3.7808382649261016,[0.         0.         0.         0.         0.9159591  0.         0.         0.         0.         0.01142797 0.01261149 0.         0.         0.         0.01142797 0.01142797 0.         0.         0.         0.         0.         0.0121578  0.         0.         0.         0.01167981 0.         0.         0.         0.         0.0133079 ],[0. 0. 0. 0. 1. 0. 0. 0. 0. 1. 1. 0. 0. 0. 1. 1. 0. 0. 0. 0. 0. 1. 0. 0. 0. 1. 0. 0. 0. 0. 1.],8.0,best,10000,100000,100,0.9,0.5,0.9,0.5,0.9,5,0.1,1,8,,problem_solving,10
1900,-0.007012959105915897,0.123657,0.004328879082223373,0.5760000000000001,0.8048977872469943,-2.977933496094291,[0.         0.         0.         0.         0.9159591  0.         0.         0.         0.         0.01142797 0.01261149 0.         0.         0.         0.01142797 0.01142797 0.         0.         0.         0.         0.         0.0121578  0.         0.         0.         0.01167981 0.         0.         0.         0.         0.0133079 ],[0. 0. 0. 0. 1. 0. 0. 0. 0. 1. 1. 0. 0. 0. 1. 1. 0. 0. 0. 0. 0. 1. 0. 0. 0. 1. 0. 0. 0. 0. 1.],8.0,best,10000,100000,100,0.9,0.5,0.9,0.5,0.9,5,0.1,1,8,,problem_solving,10
2000,-0.007012959105915897,0.123657,0.004328879082223373,0.58,0.80018058251898,-2.4829337471884103,[0.         0.         0.         0.         0.9159591  0.         0.         0.         0.         0.01142797 0.01261149 0.         0.         0.         0.01142797 0.01142797 0.         0.         0.         0.         0.         0.0121578  0.         0.         0.         0.01167981 0.         0.         0.         0.         0.0133079 ],[0. 0. 0. 0. 1. 0. 0. 0. 0. 1. 1. 0. 0. 0. 1. 1. 0. 0. 0. 0. 0. 1. 0. 0. 0. 1. 0. 0. 0. 0. 1.],8.0,best,10000,100000,100,0.9,0.5,0.9,0.5,0.9,5,0.1,1,8,,problem_solving,10
2100,-0.007012959105915897,0.123657,0.004328879082223373,0.584,0.7954910235626383,0.6449366297148961,[0.         0.         0.         0.         0.9159591  0.         0.         0.         0.         0.01142797 0.01261149 0.         0.         0.         0.01142797 0.01142797 0.         0.         0.         0.         0.         0.0121578  0.         0.         0.         0.01167981 0.         0.         0.         0.         0.0133079 ],[0. 0. 0. 0. 1. 0. 0. 0. 0. 1. 1. 0. 0. 0. 1. 1. 0. 0. 0. 0. 0. 1. 0. 0. 0. 1. 0. 0. 0. 0. 1.],8.0,best,10000,100000,100,0.9,0.5,0.9,0.5,0.9,5,0.1,1,8,,problem_solving,10
2200,-0.007012959105915897,0.123657,0.004328879082223373,0.588,0.7908289483564468,-3.4787154280036705,[0.         0.         0.         0.         0.9159591  0.         0.         0.         0.         0.01142797 0.01261149 0.         0.         0.         0.01142797 0.01142797 0.         0.         0.         0.         0.         0.0121578  0.         0.         0.         0.01167981 0.         0.         0.         0.         0.0133079 ],[0. 0. 0. 0. 1. 0. 0. 0. 0. 1. 1. 0. 0. 0. 1. 1. 0. 0. 0. 0. 0. 1. 0. 0. 0. 1. 0. 0. 0. 0. 1.],8.0,best,10000,100000,100,0.9,0.5,0.9,0.5,0.9,5,0.1,1,8,,problem_solving,10
2300,-0.007012959105915897,0.123657,0.004328879082223373,0.592,0.7861941958284306,-1.5307802042491236,[0.         0.         0.         0.         0.9159591  0.         0.         0.         0.         0.01142797 0.01261149 0.         0.         0.         0.01142797 0.01142797 0.         0.         0.         0.         0.         0.0121578  0.         0.         0.         0.01167981 0.         0.         0.         0.         0.0133079 ],[0. 0. 0. 0. 1. 0. 0. 0. 0. 1. 1. 0. 0. 0. 1. 1. 0. 0. 0. 0. 0. 1. 0. 0. 0. 1. 0. 0. 0. 0. 1.],8.0,best,10000,100000,100,0.9,0.5,0.9,0.5,0.9,5,0.1,1,8,,problem_solving,10
2400,-0.007012959105915897,0.123657,0.004328879082223373,0.596,0.7815866058505976,3.136000868133293,[0.         0.         0.         0.         0.9159591  0.         0.         0.         0.         0.01142797 0.01261149 0.         0.         0.         0.01142797 0.01142797 0.         0.         0.         0.         0.         0.0121578  0.         0.         0.         0.01167981 0.         0.         0.         0.         0.0133079 ],[0. 0. 0. 0. 1. 0. 0. 0. 0. 1. 1. 0. 0. 0. 1. 1. 0. 0. 0. 0. 0. 1. 0. 0. 0. 1. 0. 0. 0. 0. 1.],8.0,best,10000,100000,100,0.9,0.5,0.9,0.5,0.9,5,0.1,1,8,,problem_solving,10
2500,-0.007012959105915897,0.123657,0.004328879082223373,0.6,0.7770060192334055,7.896877625086308,[0.         0.         0.         0.         0.9159591  0.         0.         0.         0.         0.01142797 0.01261149 0.         0.         0.         0.01142797 0.01142797 0.         0.         0.         0.         0.         0.0121578  0.         0.         0.         0.01167981 0.         0.         0.         0.         0.0133079 ],[0. 0. 0. 0. 1. 0. 0. 0. 0. 1. 1. 0. 0. 0. 1. 1. 0. 0. 0. 0. 0. 1. 0. 0. 0. 1. 0. 0. 0. 0. 1.],8.0,best,10000,100000,100,0.9,0.5,0.9,0.5,0.9,5,0.1,1,8,,problem_solving,10
2600,-0.007012959105915897,0.123657,0.004328879082223373,0.604,0.7724522777202627,0.2691666614582432,[0.         0.         0.         0.         0.9159591  0.         0.         0.         0.         0.01142797 0.01261149 0.         0.         0.         0.01142797 0.01142797 0.         0.         0.         0.         0.         0.0121578  0.         0.         0.         0.01167981 0.         0.         0.         0.         0.0133079 ],[0. 0. 0. 0. 1. 0. 0. 0. 0. 1. 1. 0. 0. 0. 1. 1. 0. 0. 0. 0. 0. 1. 0. 0. 0. 1. 0. 0. 0. 0. 1.],8.0,best,10000,100000,100,0.9,0.5,0.9,0.5,0.9,5,0.1,1,8,,problem_solving,10
2700,-0.007012959105915897,0.123657,0.004328879082223373,0.608,0.7679252239820602,5.017944979593093,[0.         0.         0.         0.         0.9159591  0.         0.         0.         0.         0.01142797 0.01261149 0.         0.         0.         0.01142797 0.01142797 0.         0.         0.         0.         0.         0.0121578  0.         0.         0.         0.01167981 0.         0.         0.         0.         0.0133079 ],[0. 0. 0. 0. 1. 0. 0. 0. 0. 1. 1. 0. 0. 0. 1. 1. 0. 0. 0. 0. 0. 1. 0. 0. 0. 1. 0. 0. 0. 0. 1.],8.0,best,10000,100000,100,0.9,0.5,0.9,0.5,0.9,5,0.1,1,8,,problem_solving,10
2800,-0.007012959105915897,0.123657,0.004328879082223373,0.612,0.7634247016117359,-5.4829440551757,[0.         0.         0.         0.         0.9159591  0.         0.         0.         0.         0.01142797 0.01261149 0.         0.         0.         0.01142797 0.01142797 0.         0.         0.         0.         0.         0.0121578  0.         0.         0.         0.01167981 0.         0.         0.         0.         0.0133079 ],[0. 0. 0. 0. 1. 0. 0. 0. 0. 1. 1. 0. 0. 0. 1. 1. 0. 0. 0. 0. 0. 1. 0. 0. 0. 1. 0. 0. 0. 0. 1.],8.0,best,10000,100000,100,0.9,0.5,0.9,0.5,0.9,5,0.1,1,8,,problem_solving,10
2900,-0.007012959105915897,0.123657,0.004328879082223373,0.616,0.758950555118871,-0.6176702000618718,[0.         0.         0.         0.         0.9159591  0.         0.         0.         0.         0.01142797 0.01261149 0.         0.         0.         0.01142797 0.01142797 0.         0.         0.         0.         0.         0.0121578  0.         0.         0.         0.01167981 0.         0.         0.         0.         0.0133079 ],[0. 0. 0. 0. 1. 0. 0. 0. 0. 1. 1. 0. 0. 0. 1. 1. 0. 0. 0. 0. 0. 1. 0. 0. 0. 1. 0. 0. 0. 0. 1.],8.0,best,10000,100000,100,0.9,0.5,0.9,0.5,0.9,5,0.1,1,8,,problem_solving,10
3000,-0.0070466770969121635,0.115206,0.003705472040268205,0.62,0.754502629924318,2.6644756630672792,[0.         0.         0.         0.         0.9126926  0.         0.         0.         0.01215008 0.01373745 0.01481721 0.         0.         0.         0.         0.01173715 0.         0.         0.         0.         0.         0.01138612 0.         0.         0.         0.01138612 0.         0.01209325 0.         0.         0.        ],[0. 0. 0. 0. 1. 0. 0. 0. 1. 1. 1. 0. 0. 0. 0. 1. 0. 0. 0. 0. 0. 1. 0. 0. 0. 1. 0. 1. 0. 0. 0.],8.0,best,10000,100000,100,0.9,0.5,0.9,0.5,0.9,5,0.1,1,8,,problem_solving,10
3100,-0.0070466770969121635,0.115206,0.003705472040268205,0.624,0.7500807723548599,-7.958683883737335,[0.         0.         0.         0.         0.9126926  0.         0.         0.         0.01215008 0.01373745 0.01481721 0.         0.         0.         0.         0.01173715 0.         0.         0.         0.         0.         0.01138612 0.         0.         0.         0.01138612 0.         0.01209325 0.         0.         0.        ],[0. 0. 0. 0. 1. 0. 0. 0. 1. 1. 1. 0. 0. 0. 0. 1. 0. 0. 0. 0. 0. 1. 0. 0. 0. 1. 0. 1. 0. 0. 0.],8.0,best,10000,100000,100,0.9,0.5,0.9,0.5,0.9,5,0.1,1,8,,problem_solving,10
3200,-0.0070466770969121635,0.115206,0.003705472040268205,0.628,0.7456848296379007,0.9962814738306962,[0.         0.         0.         0.         0.9126926  0.         0.         0.         0.01215008 0.01373745 0.01481721 0.         0.         0.         0.         0.01173715 0.         0.         0.         0.         0.         0.01138612 0.         0.         0.         0.01138612 0.         0.01209325 0.         0.         0.        ],[0. 0. 0. 0. 1. 0. 0. 0. 1. 1. 1. 0. 0. 0. 0. 1. 0. 0. 0. 0. 0. 1. 0. 0. 0. 1. 0. 1. 0. 0. 0.],8.0,best,10000,100000,100,0.9,0.5,0.9,0.5,0.9,5,0.1,1,8,,problem_solving,10
3300,-0.0070466770969121635,0.115206,0.003705472040268205,0.632,0.7413146498961878,-3.0949161863712087,[0.         0.         0.         0.         0.9126926  0.         0.         0.         0.01215008 0.01373745 0.01481721 0.         0.         0.         0.         0.01173715 0.         0.         0.         0.         0.         0.01138612 0.         0.         0.         0.01138612 0.         0.01209325 0.         0.         0.        ],[0. 0. 0. 0. 1. 0. 0. 0. 1. 1. 1. 0. 0. 0. 0. 1. 0. 0. 0. 0. 0. 1. 0. 0. 0. 1. 0. 1. 0. 0. 0.],8.0,best,10000,100000,100,0.9,0.5,0.9,0.5,0.9,5,0.1,1,8,,problem_solving,10
3400,-0.0070466770969121635,0.115206,0.003705472040268205,0.636,0.7369700821425638,4.2735623569113805,[0.         0.         0.         0.         0.9126926  0.         0.         0.         0.01215008 0.01373745 0.01481721 0.         0.         0.         0.         0.01173715 0.         0.         0.         0.         0.         0.01138612 0.         0.         0.         0.01138612 0.         0.01209325 0.         0.         0.        ],[0. 0. 0. 0. 1. 0. 0. 0. 1. 1. 1. 0. 0. 0. 0. 1. 0. 0. 0. 0. 0. 1. 0. 0. 0. 1. 0. 1. 0. 0. 0.],8.0,best,10000,100000,100,0.9,0.5,0.9,0.5,0.9,5,0.1,1,8,,problem_solving,10
3500,-0.0070466770969121635,0.115206,0.003705472040268205,0.64,0.7326509762747511,-7.4046548869193325,[0.         0.         0.         0.         0.9126926  0.         0.         0.         0.01215008 0.01373745 0.01481721 0.         0.         0.         0.         0.01173715 0.         0.         0.         0.         0.         0.01138612 0.         0.         0.         0.01138612 0.         0.01209325 0.         0.         0.        ],[0. 0. 0. 0. 1. 0. 0. 0. 1. 1. 1. 0. 0. 0. 0. 1. 0. 0. 0. 0. 0. 1. 0. 0. 0. 1. 0. 1. 0. 0. 0.],8.0,best,10000,100000,100,0.9,0.5,0.9,0.5,0.9,5,0.1,1,8,,problem_solving,10
3600,-0.0070466770969121635,0.115206,0.003705472040268205,0.644,0.7283571830701648,-0.35695386373421273,[0.         0.         0.         0.         0.9126926  0.         0.         0.         0.01215008 0.01373745 0.01481721 0.         0.         0.         0.         0.01173715 0.         0.         0.         0.         0.         0.01138612 0.         0.         0.         0.01138612 0.         0.01209325 0.         0.         0.        ],[0. 0. 0. 0. 1. 0. 0. 0. 1. 1. 1. 0. 0. 0. 0. 1. 0. 0. 0. 0. 0. 1. 0. 0. 0. 1. 0. 1. 0. 0. 0.],8.0,best,10000,100000,100,0.9,0.5,0.9,0.5,0.9,5,0.1,1,8,,problem_solving,10
3700,-0.0070466770969121635,0.115206,0.003705472040268205,0.648,0.7240885541807586,-1.1817546966652217,[0.         0.         0.         0.         0.9126926  0.         0.         0.         0.01215008 0.01373745 0.01481721 0.         0.         0.         0.         0.01173715 0.         0.         0.         0.         0.         0.01138612 0.         0.         0.         0.01138612 0.         0.01209325 0.         0.         0.        ],[0. 0. 0. 0. 1. 0. 0. 0. 1. 1. 1. 0. 0. 0. 0. 1. 0. 0. 0. 0. 0. 1. 0. 0. 0. 1. 0. 1. 0. 0. 0.],8.0,best,10000,100000,100,0.9,0.5,0.9,0.5,0.9,5,0.1,1,8,,problem_solving,10
3800,-0.0070466770969121635,0.115206,0.003705472040268205,0.652,0.7198449421278975,1.0345917542391974,[0.         0.         0.         0.         0.9126926  0.         0.         0.         0.01215008 0.01373745 0.01481721 0.         0.         0.         0.         0.01173715 0.         0.         0.         0.         0.         0.01138612 0.         0.         0.         0.01138612 0.         0.01209325 0.         0.         0.        ],[0. 0. 0. 0. 1. 0. 0. 0. 1. 1. 1. 0. 0. 0. 0. 1. 0. 0. 0. 0. 0. 1. 0. 0. 0. 1. 0. 1. 0. 0. 0.],8.0,best,10000,100000,100,0.9,0.5,0.9,0.5,0.9,5,0.1,1,8,,problem_solving,10
3900,-0.0070466770969121635,0.115206,0.003705472040268205,0.656,0.7156262002972644,-1.0582528138319192,[0.         0.         0.         0.         0.9126926  0.         0.         0.         0.01215008 0.01373745 0.01481721 0.         0.         0.         0.         0.01173715 0.         0.         0.         0.         0.         0.01138612 0.         0.         0.         0.01138612 0.         0.01209325 0.         0.         0.        ],[0. 0. 0. 0. 1. 0. 0. 0. 1. 1. 1. 0. 0. 0. 0. 1. 0. 0. 0. 0. 0. 1. 0. 0. 0. 1. 0. 1. 0. 0. 0.],8.0,best,10000,100000,100,0.9,0.5,0.9,0.5,0.9,5,0.1,1,8,,problem_solving,10
4000,-0.0070466770969121635,0.115206,0.003705472040268205,0.66,0.7114321829337936,-0.08503017084837095,[0.         0.         0.         0.         0.9126926  0.         0.         0.         0.01215008 0.01373745 0.01481721 0.         0.         0.         0.         0.01173715 0.         0.         0.         0.         0.         0.01138612 0.         0.         0.         0.01138612 0.         0.01209325 0.         0.         0.        ],[0. 0. 0. 0. 1. 0. 0. 0. 1. 1. 1. 0. 0. 0. 0. 1. 0. 0. 0. 0. 0. 1. 0. 0. 0. 1. 0. 1. 0. 0. 0.],8.0,best,10000,100000,100,0.9,0.5,0.9,0.5,0.9,5,0.1,1,8,,problem_solving,10
4100,-0.0070466770969121635,0.115206,0.003705472040268205,0.664,0.707262745136635,0.8086907620101456,[0.         0.         0.         0.         0.9126926  0.         0.         0.         0.01215008 0.01373745 0.01481721 0.         0.         0.         0.         0.01173715 0.         0.         0.         0.         0.         0.01138612 0.         0.         0.         0.01138612 0.         0.01209325 0.         0.         0.        ],[0. 0. 0. 0. 1. 0. 0. 0. 1. 1. 1. 0. 0. 0. 0. 1. 0. 0. 0. 0. 0. 1. 0. 0. 0. 1. 0. 1. 0. 0. 0.],8.0,best,10000,100000,100,0.9,0.5,0.9,0.5,0.9,5,0.1,1,8,,problem_solving,10
4200,-0.0070466770969121635,0.115206,0.003705472040268205,0.668,0.7031177428541489,-3.253526595361789,[0.         0.         0.         0.         0.9126926  0.         0.         0.         0.01215008 0.01373745 0.01481721 0.         0.         0.         0.         0.01173715 0.         0.         0.         0.         0.         0.01138612 0.         0.         0.         0.01138612 0.         0.01209325 0.         0.         0.        ],[0. 0. 0. 0. 1. 0. 0. 0. 1. 1. 1. 0. 0. 0. 0. 1. 0. 0. 0. 0. 0. 1. 0. 0. 0. 1. 0. 1. 0. 0. 0.],8.0,best,10000,100000,100,0.9,0.5,0.9,0.5,0.9,5,0.1,1,8,,problem_solving,10
4300,-0.0070466770969121635,0.115206,0.003705472040268205,0.672,0.6989970328789274,2.752552888026055,[0.         0.         0.         0.         0.9126926  0.         0.         0.         0.01215008 0.01373745 0.01481721 0.         0.         0.         0.         0.01173715 0.         0.         0.         0.         0.         0.01138612 0.         0.         0.         0.01138612 0.         0.01209325 0.         0.         0.        ],[0. 0. 0. 0. 1. 0. 0. 0. 1. 1. 1. 0. 0. 0. 0. 1. 0. 0. 0. 0. 0. 1. 0. 0. 0. 1. 0. 1. 0. 0. 0.],8.0,best,10000,100000,100,0.9,0.5,0.9,0.5,0.9,5,0.1,1,8,,problem_solving,10
4400,-0.0070466770969121635,0.115206,0.003705472040268205,0.676,0.6949004728428485,-0.4510211502499394,[0.         0.         0.         0.         0.9126926  0.         0.         0.         0.01215008 0.01373745 0.01481721 0.         0.         0.         0.         0.01173715 0.         0.         0.         0.         0.         0.01138612 0.         0.         0.         0.01138612 0.         0.01209325 0.         0.         0.        ],[0. 0. 0. 0. 1. 0. 0. 0. 1. 1. 1. 0. 0. 0. 0. 1. 0. 0. 0. 0. 0. 1. 0. 0. 0. 1. 0. 1. 0. 0. 0.],8.0,best,10000,100000,100,0.9,0.5,0.9,0.5,0.9,5,0.1,1,8,,problem_solving,10
4500,-0.0070466770969121635,0.115206,0.003705472040268205,0.68,0.6908279212121557,-6.553900948172353,[0.         0.         0.         0.         0.9126926  0.         0.         0.         0.01215008 0.01373745 0.01481721 0.         0.         0.         0.         0.01173715 0.         0.         0.         0.         0.         0.01138612 0.         0.         0.         0.01138612 0.         0.01209325 0.         0.         0.        ],[0. 0. 0. 0. 1. 0. 0. 0. 1. 1. 1. 0. 0. 0. 0. 1. 0. 0. 0. 0. 0. 1. 0. 0. 0. 1. 0. 1. 0. 0. 0.],8.0,best,10000,100000,100,0.9,0.5,0.9,0.5,0.9,5,0.1,1,8,,problem_solving,10
4600,-0.0070466770969121635,0.115206,0.003705472040268205,0.684,0.6867792372825697,-5.24486024205168,[0.         0.         0.         0.         0.9126926  0.         0.         0.         0.01215008 0.01373745 0.01481721 0.         0.         0.         0.         0.01173715 0.         0.         0.         0.         0.         0.01138612 0.         0.         0.         0.01138612 0.         0.01209325 0.         0.         0.        ],[0. 0. 0. 0. 1. 0. 0. 0. 1. 1. 1. 0. 0. 0. 0. 1. 0. 0. 0. 0. 0. 1. 0. 0. 0. 1. 0. 1. 0. 0. 0.],8.0,best,10000,100000,100,0.9,0.5,0.9,0.5,0.9,5,0.1,1,8,,problem_solving,10
4700,-0.0070466770969121635,0.115206,0.003705472040268205,0.6880000000000001,0.6827542811744257,3.128830350298543,[0.         0.         0.         0.         0.9126926  0.         0.         0.         0.01215008 0.01373745 0.01481721 0.         0.         0.         0.         0.01173715 0.         0.         0.         0.         0.         0.01138612 0.         0.         0.         0.01138612 0.         0.01209325 0.         0.         0.        ],[0. 0. 0. 0. 1. 0. 0. 0. 1. 1. 1. 0. 0. 0. 0. 1. 0. 0. 0. 0. 0. 1. 0. 0. 0. 1. 0. 1. 0. 0. 0.],8.0,best,10000,100000,100,0.9,0.5,0.9,0.5,0.9,5,0.1,1,8,,problem_solving,10
4800,-0.0070466770969121635,0.115206,0.003705472040268205,0.692,0.6787529138278414,2.75081784871501,[0.         0.         0.         0.         0.9126926  0.         0.         0.         0.01215008 0.01373745 0.01481721 0.         0.         0.         0.         0.01173715 0.         0.         0.         0.         0.         0.01138612 0.         0.         0.         0.01138612 0.         0.01209325 0.         0.         0.        ],[0. 0. 0. 0. 1. 0. 0. 0. 1. 1. 1. 0. 0. 0. 0. 1. 0. 0. 0. 0. 0. 1. 0. 0. 0. 1. 0. 1. 0. 0. 0.],8.0,best,10000,100000,100,0.9,0.5,0.9,0.5,0.9,5,0.1,1,8,,problem_solving,10
4900,-0.0070466770969121635,0.115206,0.003705472040268205,0.696,0.6747749969979128,-7.838707487205471,[0.         0.         0.         0.         0.9126926  0.         0.         0.         0.01215008 0.01373745 0.01481721 0.         0.         0.         0.         0.01173715 0.         0.         0.         0.         0.         0.01138612 0.         0.         0.         0.01138612 0.         0.01209325 0.         0.         0.        ],[0. 0. 0. 0. 1. 0. 0. 0. 1. 1. 1. 0. 0. 0. 0. 1. 0. 0. 0. 0. 0. 1. 0. 0. 0. 1. 0. 1. 0. 0. 0.],8.0,best,10000,100000,100,0.9,0.5,0.9,0.5,0.9,5,0.1,1,8,,problem_solving,10
5000,-0.0070466770969121635,0.115206,0.003705472040268205,0.7,0.6708203932499369,0.2750871822047355,[0.         0.         0.         0.         0.9126926  0.         0.         0.         0.01215008 0.01373745 0.01481721 0.         0.         0.         0.         0.01173715 0.         0.         0.         0.         0.         0.01138612 0.         0.         0.         0.01138612 0.         0.01209325 0.         0.         0.        ],[0. 0. 0. 0. 1. 0. 0. 0. 1. 1. 1. 0. 0. 0. 0. 1. 0. 0. 0. 0. 0. 1. 0. 0. 0. 1. 0. 1. 0. 0. 0.],8.0,best,10000,100000,100,0.9,0.5,0.9,0.5,0.9,5,0.1,1,8,,problem_solving,10
5100,-0.0070466770969121635,0.115206,0.003705472040268205,0.704,0.6668889659546647,-6.946604655482786,[0.         0.         0.         0.         0.9126926  0.         0.         0.         0.01215008 0.01373745 0.01481721 0.         0.         0.         0.         0.01173715 0.         0.         0.         0.         0.         0.01138612 0.         0.         0.         0.01138612 0.         0.01209325 0.         0.         0.        ],[0. 0. 0. 0. 1. 0. 0. 0. 1. 1. 1. 0. 0. 0. 0. 1. 0. 0. 0. 0. 0. 1. 0. 0. 0. 1. 0. 1. 0. 0. 0.],8.0,best,10000,100000,100,0.9,0.5,0.9,0.5,0.9,5,0.1,1,8,,problem_solving,10
5200,-0.0070466770969121635,0.115206,0.003705472040268205,0.708,0.6629805792835798,1.4810490907798795,[0.         0.         0.         0.         0.9126926  0.         0.         0.         0.01215008 0.01373745 0.01481721 0.         0.         0.         0.         0.01173715 0.         0.         0.         0.         0.         0.01138612 0.         0.         0.         0.01138612 0.         0.01209325 0.         0.         0.        ],[0. 0. 0. 0. 1. 0. 0. 0. 1. 1. 1. 0. 0. 0. 0. 1. 0. 0. 0. 0. 0. 1. 0. 0. 0. 1. 0. 1. 0. 0. 0.],8.0,best,10000,100000,100,0.9,0.5,0.9,0.5,0.9,5,0.1,1,8,,problem_solving,10
5300,-0.0070466770969121635,0.115206,0.003705472040268205,0.712,0.6590950982042058,5.07852399364681,[0.         0.         0.         0.         0.9126926  0.         0.         0.         0.01215008 0.01373745 0.01481721 0.         0.         0.         0.         0.01173715 0.         0.         0.         0.         0.         0.01138612 0.         0.         0.         0.01138612 0.         0.01209325 0.         0.         0.        ],[0. 0. 0. 0. 1. 0. 0. 0. 1. 1. 1. 0. 0. 0. 0. 1. 0. 0. 0. 0. 0. 1. 0. 0. 0. 1. 0. 1. 0. 0. 0.],8.0,best,10000,100000,100,0.9,0.5,0.9,0.5,0.9,5,0.1,1,8,,problem_solving,10
5400,-0.0070466770969121635,0.115206,0.003705472040268205,0.716,0.6552323884754414,-6.95258291045252,[0.         0.         0.         0.         0.9126926  0.         0.         0.         0.01215008 0.01373745 0.01481721 0.         0.         0.         0.         0.01173715 0.         0.         0.         0.         0.         0.01138612 0.         0.         0.         0.01138612 0.         0.01209325 0.         0.         0.        ],[0. 0. 0. 0. 1. 0. 0. 0. 1. 1. 1. 0. 0. 0. 0. 1. 0. 0. 0. 0. 0. 1. 0. 0. 0. 1. 0. 1. 0. 0. 0.],8.0,best,10000,100000,100,0.9,0.5,0.9,0.5,0.9,5,0.1,1,8,,problem_solving,10
5500,-0.0070466770969121635,0.115206,0.003705472040268205,0.72,0.651392316642922,-1.012859948342596,[0.         0.         0.         0.         0.9126926  0.         0.         0.         0.01215008 0.01373745 0.01481721 0.         0.         0.         0.         0.01173715 0.         0.         0.         0.         0.         0.01138612 0.         0.         0.         0.01138612 0.         0.01209325 0.         0.         0.        ],[0. 0. 0. 0. 1. 0. 0. 0. 1. 1. 1. 0. 0. 0. 0. 1. 0. 0. 0. 0. 0. 1. 0. 0. 0. 1. 0. 1. 0. 0. 0.],8.0,best,10000,100000,100,0.9,0.5,0.9,0.5,0.9,5,0.1,1,8,,problem_solving,10
5600,-0.0070466770969121635,0.115206,0.003705472040268205,0.724,0.6475747500344088,-1.2795410428283969,[0.         0.         0.         0.         0.9126926  0.         0.         0.         0.01215008 0.01373745 0.01481721 0.         0.         0.         0.         0.01173715 0.         0.         0.         0.         0.         0.01138612 0.         0.         0.         0.01138612 0.         0.01209325 0.         0.         0.        ],[0. 0. 0. 0. 1. 0. 0. 0. 1. 1. 1. 0. 0. 0. 0. 1. 0. 0. 0. 0. 0. 1. 0. 0. 0. 1. 0. 1. 0. 0. 0.],8.0,best,10000,100000,100,0.9,0.5,0.9,0.5,0.9,5,0.1,1,8,,problem_solving,10
5700,-0.0070466770969121635,0.115206,0.003705472040268205,0.728,0.643779556755206,-7.046198071506976,[0.         0.         0.         0.         0.9126926  0.         0.         0.         0.01215008 0.01373745 0.01481721 0.         0.         0.         0.         0.01173715 0.         0.         0.         0.         0.         0.01138612 0.         0.         0.         0.01138612 0.         0.01209325 0.         0.         0.        ],[0. 0. 0. 0. 1. 0. 0. 0. 1. 1. 1. 0. 0. 0. 0. 1. 0. 0. 0. 0. 0. 1. 0. 0. 0. 1. 0. 1. 0. 0. 0.],8.0,best,10000,100000,100,0.9,0.5,0.9,0.5,0.9,5,0.1,1,8,,problem_solving,10
5800,-0.0070466770969121635,0.115206,0.003705472040268205,0.732,0.6400066056836028,2.5623575011780027,[0.         0.         0.         0.         0.9126926  0.         0.         0.         0.01215008 0.01373745 0.01481721 0.         0.         0.         0.         0.01173715 0.         0.         0.         0.         0.         0.01138612 0.         0.         0.         0.01138612 0.         0.01209325 0.         0.         0.        ],[0. 0. 0. 0. 1. 0. 0. 0. 1. 1. 1. 0. 0. 0. 0. 1. 0. 0. 0. 0. 0. 1. 0. 0. 0. 1. 0. 1. 0. 0. 0.],8.0,best,10000,100000,100,0.9,0.5,0.9,0.5,0.9,5,0.1,1,8,,problem_solving,10
5900,-0.0070466770969121635,0.115206,0.003705472040268205,0.736,0.6362557664663436,-2.6154462604260176,[0.         0.         0.         0.         0.9126926  0.         0.         0.         0.01215008 0.01373745 0.01481721 0.         0.         0.         0.         0.01173715 0.         0.         0.         0.         0.         0.01138612 0.         0.         0.         0.01138612 0.         0.01209325 0.         0.         0.        ],[0. 0. 0. 0. 1. 0. 0. 0. 1. 1. 1. 0. 0. 0. 0. 1. 0. 0. 0. 0. 0. 1. 0. 0. 0. 1. 0. 1. 0. 0. 0.],8.0,best,10000,100000,100,0.9,0.5,0.9,0.5,0.9,5,0.1,1,8,,problem_solving,10
6000,-0.0070466770969121635,0.115206,0.003705472040268205,0.74,0.6325269095141249,-6.64429922012127,[0.         0.         0.         0.         0.9126926  0.         0.         0.         0.01215008 0.01373745 0.01481721 0.         0.         0.         0.         0.01173715 0.         0.         0.         0.         0.         0.01138612 0.         0.         0.         0.01138612 0.         0.01209325 0.         0.         0.        ],[0. 0. 0. 0. 1. 0. 0. 0. 1. 1. 1. 0. 0. 0. 0. 1. 0. 0. 0. 0. 0. 1. 0. 0. 0. 1. 0. 1. 0. 0. 0.],8.0,best,10000,100000,100,0.9,0.5,0.9,0.5,0.9,5,0.1,1,8,,problem_solving,10
6100,-0.0070466770969121635,0.115206,0.003705472040268205,0.744,0.6288199059971172,-4.808830451887982,[0.         0.         0.         0.         0.9126926  0.         0.         0.         0.01215008 0.01373745 0.01481721 0.         0.         0.         0.         0.01173715 0.         0.         0.         0.         0.         0.01138612 0.         0.         0.         0.01138612 0.         0.01209325 0.         0.         0.        ],[0. 0. 0. 0. 1. 0. 0. 0. 1. 1. 1. 0. 0. 0. 0. 1. 0. 0. 0. 0. 0. 1. 0. 0. 0. 1. 0. 1. 0. 0. 0.],8.0,best,10000,100000,100,0.9,0.5,0.9,0.5,0.9,5,0.1,1,8,,problem_solving,10
6200,-0.0070466770969121635,0.115206,0.003705472040268205,0.748,0.6251346278405147,1.632720105005812,[0.         0.         0.         0.         0.9126926  0.         0.         0.         0.01215008 0.01373745 0.01481721 0.         0.         0.         0.         0.01173715 0.         0.         0.         0.         0.         0.01138612 0.         0.         0.         0.01138612 0.         0.01209325 0.         0.         0.        ],[0. 0. 0. 0. 1. 0. 0. 0. 1. 1. 1. 0. 0. 0. 0. 1. 0. 0. 0. 0. 0. 1. 0. 0. 0. 1. 0. 1. 0. 0. 0.],8.0,best,10000,100000,100,0.9,0.5,0.9,0.5,0.9,5,0.1,1,8,,problem_solving,10
6300,-0.0070466770969121635,0.115206,0.003705472040268205,0.752,0.6214709477201097,-0.23165068750499107,[0.         0.         0.         0.         0.9126926  0.         0.         0.         0.01215008 0.01373745 0.01481721 0.         0.         0.         0.         0.01173715 0.         0.         0.         0.         0.         0.01138612 0.         0.         0.         0.01138612 0.         0.01209325 0.         0.         0.        ],[0. 0. 0. 0. 1. 0. 0. 0. 1. 1. 1. 0. 0. 0. 0. 1. 0. 0. 0. 0. 0. 1. 0. 0. 0. 1. 0. 1. 0. 0. 0.],8.0,best,10000,100000,100,0.9,0.5,0.9,0.5,0.9,5,0.1,1,8,,problem_solving,10
6400,-0.0070466770969121635,0.115206,0.003705472040268205,0.756,0.6178287390578946,-0.8648006467161421,[0.         0.         0.         0.         0.9126926  0.         0.         0.         0.01215008 0.01373745 0.01481721 0.         0.         0.         0.         0.01173715 0.         0.         0.         0.         0.         0.01138612 0.         0.         0.         0.01138612 0.         0.01209325 0.         0.         0.        ],[0. 0. 0. 0. 1. 0. 0. 0. 1. 1. 1. 0. 0. 0. 0. 1. 0. 0. 0. 0. 0. 1. 0. 0. 0. 1. 0. 1. 0. 0. 0.],8.0,best,10000,100000,100,0.9,0.5,0.9,0.5,0.9,5,0.1,1,8,,problem_solving,10
6500,-0.0070466770969121635,0.115206,0.003705472040268205,0.76,0.6142078760176876,-3.2293990939217214,[0.         0.         0.         0.         0.9126926  0.         0.         0.         0.01215008 0.01373745 0.01481721 0.         0.         0.         0.         0.01173715 0.         0.         0.         0.         0.         0.01138612 0.         0.         0.         0.01138612 0.         0.01209325 0.         0.         0.        ],[0. 0. 0. 0. 1. 0. 0. 0. 1. 1. 1. 0. 0. 0. 0. 1. 0. 0. 0. 0. 0. 1. 0. 0. 0. 1. 0. 1. 0. 0. 0.],8.0,best,10000,100000,100,0.9,0.5,0.9,0.5,0.9,5,0.1,1,8,,problem_solving,10
6600,-0.0070466770969121635,0.115206,0.003705472040268205,0.764,0.6106082335007861,-4.890869765763337,[0.         0.         0.         0.         0.9126926  0.         0.         0.         0.01215008 0.01373745 0.01481721 0.         0.         0.         0.         0.01173715 0.         0.         0.         0.         0.         0.01138612 0.         0.         0.         0.01138612 0.         0.01209325 0.         0.         0.        ],[0. 0. 0. 0. 1. 0. 0. 0. 1. 1. 1. 0. 0. 0. 0. 1. 0. 0. 0. 0. 0. 1. 0. 0. 0. 1. 0. 1. 0. 0. 0.],8.0,best,10000,100000,100,0.9,0.5,0.9,0.5,0.9,5,0.1,1,8,,problem_solving,10
6700,-0.0070466770969121635,0.115206,0.003705472040268205,0.768,0.6070296871416437,1.9219299373088916,[0.         0.         0.         0.         0.9126926  0.         0.         0.         0.01215008 0.01373745 0.01481721 0.         0.         0.         0.         0.01173715 0.         0.         0.         0.         0.         0.01138612 0.         0.         0.         0.01138612 0.         0.01209325 0.         0.         0.        ],[0. 0. 0. 0. 1. 0. 0. 0. 1. 1. 1. 0. 0. 0. 0. 1. 0. 0. 0. 0. 0. 1. 0. 0. 0. 1. 0. 1. 0. 0. 0.],8.0,best,10000,100000,100,0.9,0.5,0.9,0.5,0.9,5,0.1,1,8,,problem_solving,10
6800,-0.0070466770969121635,0.115206,0.003705472040268205,0.772,0.6034721133035746,4.278726070201815,[0.         0.         0.         0.         0.9126926  0.         0.         0.         0.01215008 0.01373745 0.01481721 0.         0.         0.         0.         0.01173715 0.         0.         0.         0.         0.         0.01138612 0.         0.         0.         0.01138612 0.         0.01209325 0.         0.         0.        ],[0. 0. 0. 0. 1. 0. 0. 0. 1. 1. 1. 0. 0. 0. 0. 1. 0. 0. 0. 0. 0. 1. 0. 0. 0. 1. 0. 1. 0. 0. 0.],8.0,best,10000,100000,100,0.9,0.5,0.9,0.5,0.9,5,0.1,1,8,,problem_solving,10
6900,-0.0070466770969121635,0.115206,0.003705472040268205,0.776,0.5999353890744809,-1.9020394666129246,[0.         0.         0.         0.         0.9126926  0.         0.         0.         0.01215008 0.01373745 0.01481721 0.         0.         0.         0.         0.01173715 0.         0.         0.         0.         0.         0.01138612 0.         0.         0.         0.01138612 0.         0.01209325 0.         0.         0.        ],[0. 0. 0. 0. 1. 0. 0. 0. 1. 1. 1. 0. 0. 0. 0. 1. 0. 0. 0. 0. 0. 1. 0. 0. 0. 1. 0. 1. 0. 0. 0.],8.0,best,10000,100000,100,0.9,0.5,0.9,0.5,0.9,5,0.1,1,8,,problem_solving,10
7000,-0.0070466770969121635,0.115206,0.003705472040268205,0.78,0.5964193922626064,2.5291959295731146,[0.         0.         0.         0.         0.9126926  0.         0.         0.         0.01215008 0.01373745 0.01481721 0.         0.         0.         0.         0.01173715 0.         0.         0.         0.         0.         0.01138612 0.         0.         0.         0.01138612 0.         0.01209325 0.         0.         0.        ],[0. 0. 0. 0. 1. 0. 0. 0. 1. 1. 1. 0. 0. 0. 0. 1. 0. 0. 0. 0. 0. 1. 0. 0. 0. 1. 0. 1. 0. 0. 0.],8.0,best,10000,100000,100,0.9,0.5,0.9,0.5,0.9,5,0.1,1,8,,problem_solving,10
7100,-0.0070466770969121635,0.115206,0.003705472040268205,0.784,0.5929240013923155,-0.7534981346063763,[0.         0.         0.         0.         0.9126926  0.         0.         0.         0.01215008 0.01373745 0.01481721 0.         0.         0.         0.         0.01173715 0.         0.         0.         0.         0.         0.01138612 0.         0.         0.         0.01138612 0.         0.01209325 0.         0.         0.        ],[0. 0. 0. 0. 1. 0. 0. 0. 1. 1. 1. 0. 0. 0. 0. 1. 0. 0. 0. 0. 0. 1. 0. 0. 0. 1. 0. 1. 0. 0. 0.],8.0,best,10000,100000,100,0.9,0.5,0.9,0.5,0.9,5,0.1,1,8,,problem_solving,10
7200,-0.0070466770969121635,0.115206,0.003705472040268205,0.788,0.5894490956998952,3.8893326442625398,[0.         0.         0.         0.         0.9126926  0.         0.         0.         0.01215008 0.01373745 0.01481721 0.         0.         0.         0.         0.01173715 0.         0.         0.         0.         0.         0.01138612 0.         0.         0.         0.01138612 0.         0.01209325 0.         0.         0.        ],[0. 0. 0. 0. 1. 0. 0. 0. 1. 1. 1. 0. 0. 0. 0. 1. 0. 0. 0. 0. 0. 1. 0. 0. 0. 1. 0. 1. 0. 0. 0.],8.0,best,10000,100000,100,0.9,0.5,0.9,0.5,0.9,5,0.1,1,8,,problem_solving,10
7300,-0.0070466770969121635,0.115206,0.003705472040268205,0.792,0.5859945551293843,-1.76234783531738,[0.         0.         0.         0.         0.9126926  0.         0.         0.         0.01215008 0.01373745 0.01481721 0.         0.         0.         0.         0.01173715 0.         0.         0.         0.         0.         0.01138612 0.         0.         0.         0.01138612 0.         0.01209325 0.         0.         0.        ],[0. 0. 0. 0. 1. 0. 0. 0. 1. 1. 1. 0. 0. 0. 0. 1. 0. 0. 0. 0. 0. 1. 0. 0. 0. 1. 0. 1. 0. 0. 0.],8.0,best,10000,100000,100,0.9,0.5,0.9,0.5,0.9,5,0.1,1,8,,problem_solving,10
7400,-0.0070466770969121635,0.115206,0.003705472040268205,0.796,0.5825602603284237,-0.012119092285425124,[0.         0.         0.         0.         0.9126926  0.         0.         0.         0.01215008 0.01373745 0.01481721 0.         0.         0.         0.         0.01173715 0.         0.         0.         0.         0.         0.01138612 0.         0.         0.         0.01138612 0.         0.01209325 0.         0.         0.        ],[0. 0. 0. 0. 1. 0. 0. 0. 1. 1. 1. 0. 0. 0. 0. 1. 0. 0. 0. 0. 0. 1. 0. 0. 0. 1. 0. 1. 0. 0. 0.],8.0,best,10000,100000,100,0.9,0.5,0.9,0.5,0.9,5,0.1,1,8,,problem_solving,10
7500,-0.0070466770969121635,0.115206,0.003705472040268205,0.8,0.5791460926441345,1.0719873357021026,[0.         0.         0.         0.         0.9126926  0.         0.         0.         0.01215008 0.01373745 0.01481721 0.         0.         0.         0.         0.01173715 0.         0.         0.         0.         0.         0.01138612 0.         0.         0.         0.01138612 0.         0.01209325 0.         0.         0.        ],[0. 0. 0. 0. 1. 0. 0. 0. 1. 1. 1. 0. 0. 0. 0. 1. 0. 0. 0. 0. 0. 1. 0. 0. 0. 1. 0. 1. 0. 0. 0.],8.0,best,10000,100000,100,0.9,0.5,0.9,0.5,0.9,5,0.1,1,8,,problem_solving,10
7600,-0.0070466770969121635,0.115206,0.003705472040268205,0.804,0.5757519341190179,6.495213156606297,[0.         0.         0.         0.         0.9126926  0.         0.         0.         0.01215008 0.01373745 0.01481721 0.         0.         0.         0.         0.01173715 0.         0.         0.         0.         0.         0.01138612 0.         0.         0.         0.01138612 0.         0.01209325 0.         0.         0.        ],[0. 0. 0. 0. 1. 0. 0. 0. 1. 1. 1. 0. 0. 0. 0. 1. 0. 0. 0. 0. 0. 1. 0. 0. 0. 1. 0. 1. 0. 0. 0.],8.0,best,10000,100000,100,0.9,0.5,0.9,0.5,0.9,5,0.1,1,8,,problem_solving,10
7700,-0.0070466770969121635,0.115206,0.003705472040268205,0.808,0.5723776674868795,-0.7752864153567166,[0.         0.         0.         0.         0.9126926  0.         0.         0.         0.01215008 0.01373745 0.01481721 0.         0.         0.         0.         0.01173715 0.         0.         0.         0.         0.         0.01138612 0.         0.         0.         0.01138612 0.         0.01209325 0.         0.         0.        ],[0. 0. 0. 0. 1. 0. 0. 0. 1. 1. 1. 0. 0. 0. 0. 1. 0. 0. 0. 0. 0. 1. 0. 0. 0. 1. 0. 1. 0. 0. 0.],8.0,best,10000,100000,100,0.9,0.5,0.9,0.5,0.9,5,0.1,1,8,,problem_solving,10
7800,-0.0070466770969121635,0.115206,0.003705472040268205,0.812,0.5690231761687783,0.14800748937659453,[0.         0.         0.         0.         0.9126926  0.         0.         0.         0.01215008 0.01373745 0.01481721 0.         0.         0.         0.         0.01173715 0.         0.         0.         0.         0.         0.01138612 0.         0.         0.         0.01138612 0.         0.01209325 0.         0.         0.        ],[0. 0. 0. 0. 1. 0. 0. 0. 1. 1. 1. 0. 0. 0. 0. 1. 0. 0. 0. 0. 0. 1. 0. 0. 0. 1. 0. 1. 0. 0. 0.],8.0,best,10000,100000,100,0.9,0.5,0.9,0.5,0.9,5,0.1,1,8,,problem_solving,10
7900,-0.0070466770969121635,0.115206,0.003705472040268205,0.8160000000000001,0.5656883442689989,3.744634711697251,[0.         0.         0.         0.         0.9126926  0.         0.         0.         0.01215008 0.01373745 0.01481721 0.         0.         0.         0.         0.01173715 0.         0.         0.         0.         0.         0.01138612 0.         0.         0.         0.01138612 0.         0.01209325 0.         0.         0.        ],[0. 0. 0. 0. 1. 0. 0. 0. 1. 1. 1. 0. 0. 0. 0. 1. 0. 0. 0. 0. 0. 1. 0. 0. 0. 1. 0. 1. 0. 0. 0.],8.0,best,10000,100000,100,0.9,0.5,0.9,0.5,0.9,5,0.1,1,8,,problem_solving,10
8000,-0.0070466770969121635,0.115206,0.003705472040268205,0.8200000000000001,0.5623730565710474,1.8679254298625663,[0.         0.         0.         0.         0.9126926  0.         0.         0.         0.01215008 0.01373745 0.01481721 0.         0.         0.         0.         0.01173715 0.         0.         0.         0.         0.         0.01138612 0.         0.         0.         0.01138612 0.         0.01209325 0.         0.         0.        ],[0. 0. 0. 0. 1. 0. 0. 0. 1. 1. 1. 0. 0. 0. 0. 1. 0. 0. 0. 0. 0. 1. 0. 0. 0. 1. 0. 1. 0. 0. 0.],8.0,best,10000,100000,100,0.9,0.5,0.9,0.5,0.9,5,0.1,1,8,,problem_solving,10
8100,-0.0070466770969121635,0.115206,0.003705472040268205,0.8240000000000001,0.5590771985336705,-0.5352392890255241,[0.         0.         0.         0.         0.9126926  0.         0.         0.         0.01215008 0.01373745 0.01481721 0.         0.         0.         0.         0.01173715 0.         0.         0.         0.         0.         0.01138612 0.         0.         0.         0.01138612 0.         0.01209325 0.         0.         0.        ],[0. 0. 0. 0. 1. 0. 0. 0. 1. 1. 1. 0. 0. 0. 0. 1. 0. 0. 0. 0. 0. 1. 0. 0. 0. 1. 0. 1. 0. 0. 0.],8.0,best,10000,100000,100,0.9,0.5,0.9,0.5,0.9,5,0.1,1,8,,problem_solving,10
8200,-0.0070466770969121635,0.115206,0.003705472040268205,0.8280000000000001,0.5558006562868987,-0.14255136333208618,[0.         0.         0.         0.         0.9126926  0.         0.         0.         0.01215008 0.01373745 0.01481721 0.         0.         0.         0.         0.01173715 0.         0.         0.         0.         0.         0.01138612 0.         0.         0.         0.01138612 0.         0.01209325 0.         0.         0.        ],[0. 0. 0. 0. 1. 0. 0. 0. 1. 1. 1. 0. 0. 0. 0. 1. 0. 0. 0. 0. 0. 1. 0. 0. 0. 1. 0. 1. 0. 0. 0.],8.0,best,10000,100000,100,0.9,0.5,0.9,0.5,0.9,5,0.1,1,8,,problem_solving,10
8300,-0.0070466770969121635,0.115206,0.003705472040268205,0.8320000000000001,0.5525433166281111,-1.5700565340715003,[0.         0.         0.         0.         0.9126926  0.         0.         0.         0.01215008 0.01373745 0.01481721 0.         0.         0.         0.         0.01173715 0.         0.         0.         0.         0.         0.01138612 0.         0.         0.         0.01138612 0.         0.01209325 0.         0.         0.        ],[0. 0. 0. 0. 1. 0. 0. 0. 1. 1. 1. 0. 0. 0. 0. 1. 0. 0. 0. 0. 0. 1. 0. 0. 0. 1. 0. 1. 0. 0. 0.],8.0,best,10000,100000,100,0.9,0.5,0.9,0.5,0.9,5,0.1,1,8,,problem_solving,10
8400,-0.0070466770969121635,0.115206,0.003705472040268205,0.8360000000000001,0.5493050670181255,-3.760600791287963,[0.         0.         0.         0.         0.9126926  0.         0.         0.         0.01215008 0.01373745 0.01481721 0.         0.         0.         0.         0.01173715 0.         0.         0.         0.         0.         0.01138612 0.         0.         0.         0.01138612 0.         0.01209325 0.         0.         0.        ],[0. 0. 0. 0. 1. 0. 0. 0. 1. 1. 1. 0. 0. 0. 0. 1. 0. 0. 0. 0. 0. 1. 0. 0. 0. 1. 0. 1. 0. 0. 0.],8.0,best,10000,100000,100,0.9,0.5,0.9,0.5,0.9,5,0.1,1,8,,problem_solving,10
8500,-0.0070466770969121635,0.115206,0.003705472040268205,0.8400000000000001,0.5460857955773097,1.5907756640610908,[0.         0.         0.         0.         0.9126926  0.         0.         0.         0.01215008 0.01373745 0.01481721 0.         0.         0.         0.         0.01173715 0.         0.         0.         0.         0.         0.01138612 0.         0.         0.         0.01138612 0.         0.01209325 0.         0.         0.        ],[0. 0. 0. 0. 1. 0. 0. 0. 1. 1. 1. 0. 0. 0. 0. 1. 0. 0. 0. 0. 0. 1. 0. 0. 0. 1. 0. 1. 0. 0. 0.],8.0,best,10000,100000,100,0.9,0.5,0.9,0.5,0.9,5,0.1,1,8,,problem_solving,10
8600,-0.0070466770969121635,0.115206,0.003705472040268205,0.8440000000000001,0.542885391081716,-2.9259004345651833,[0.         0.         0.         0.         0.9126926  0.         0.         0.         0.01215008 0.01373745 0.01481721 0.         0.         0.         0.         0.01173715 0.         0.         0.         0.         0.         0.01138612 0.         0.         0.         0.01138612 0.         0.01209325 0.         0.         0.        ],[0. 0. 0. 0. 1. 0. 0. 0. 1. 1. 1. 0. 0. 0. 0. 1. 0. 0. 0. 0. 0. 1. 0. 0. 0. 1. 0. 1. 0. 0. 0.],8.0,best,10000,100000,100,0.9,0.5,0.9,0.5,0.9,5,0.1,1,8,,problem_solving,10
8700,-0.0070466770969121635,0.115206,0.003705472040268205,0.8480000000000001,0.5397037429592386,-1.3909477358837108,[0.         0.         0.         0.         0.9126926  0.         0.         0.         0.01215008 0.01373745 0.01481721 0.         0.         0.         0.         0.01173715 0.         0.         0.         0.         0.         0.01138612 0.         0.         0.         0.01138612 0.         0.01209325 0.         0.         0.        ],[0. 0. 0. 0. 1. 0. 0. 0. 1. 1. 1. 0. 0. 0. 0. 1. 0. 0. 0. 0. 0. 1. 0. 0. 0. 1. 0. 1. 0. 0. 0.],8.0,best,10000,100000,100,0.9,0.5,0.9,0.5,0.9,5,0.1,1,8,,problem_solving,10
8800,-0.0070466770969121635,0.115206,0.003705472040268205,0.8520000000000001,0.5365407412857937,4.56592317440251,[0.         0.         0.         0.         0.9126926  0.         0.         0.         0.01215008 0.01373745 0.01481721 0.         0.         0.         0.         0.01173715 0.         0.         0.         0.         0.         0.01138612 0.         0.         0.         0.01138612 0.         0.01209325 0.         0.         0.        ],[0. 0. 0. 0. 1. 0. 0. 0. 1. 1. 1. 0. 0. 0. 0. 1. 0. 0. 0. 0. 0. 1. 0. 0. 0. 1. 0. 1. 0. 0. 0.],8.0,best,10000,100000,100,0.9,0.5,0.9,0.5,0.9,5,0.1,1,8,,problem_solving,10
8900,-0.0070466770969121635,0.115206,0.003705472040268205,0.8560000000000001,0.5333962767815211,3.870599431627596,[0.         0.         0.         0.         0.9126926  0.         0.         0.         0.01215008 0.01373745 0.01481721 0.         0.         0.         0.         0.01173715 0.         0.         0.         0.         0.         0.01138612 0.         0.         0.         0.01138612 0.         0.01209325 0.         0.         0.        ],[0. 0. 0. 0. 1. 0. 0. 0. 1. 1. 1. 0. 0. 0. 0. 1. 0. 0. 0. 0. 0. 1. 0. 0. 0. 1. 0. 1. 0. 0. 0.],8.0,best,10000,100000,100,0.9,0.5,0.9,0.5,0.9,5,0.1,1,8,,problem_solving,10
9000,-0.007233617184542434,0.133467,0.005787979387468256,0.8600000000000001,0.5302702408070095,-0.7696579391312534,[0.         0.         0.01130013 0.         0.91967413 0.         0.         0.         0.         0.         0.01130013 0.         0.         0.         0.         0.         0.         0.         0.         0.01130013 0.         0.         0.         0.01130013 0.         0.01221172 0.         0.01161351 0.01130013 0.         0.        ],[0. 0. 1. 0. 1. 0. 0. 0. 0. 0. 1. 0. 0. 0. 0. 0. 0. 0. 0. 1. 0. 0. 0. 1. 0. 1. 0. 1. 1. 0. 0.],8.0,best,10000,100000,100,0.9,0.5,0.9,0.5,0.9,5,0.1,1,8,,problem_solving,10
9100,-0.007233617184542434,0.133467,0.005787979387468256,0.8640000000000001,0.5271625253595416,0.6890383278162806,[0.         0.         0.01130013 0.         0.91967413 0.         0.         0.         0.         0.         0.01130013 0.         0.         0.         0.         0.         0.         0.         0.         0.01130013 0.         0.         0.         0.01130013 0.         0.01221172 0.         0.01161351 0.01130013 0.         0.        ],[0. 0. 1. 0. 1. 0. 0. 0. 0. 0. 1. 0. 0. 0. 0. 0. 0. 0. 0. 1. 0. 0. 0. 1. 0. 1. 0. 1. 1. 0. 0.],8.0,best,10000,100000,100,0.9,0.5,0.9,0.5,0.9,5,0.1,1,8,,problem_solving,10
9200,-0.007233617184542434,0.133467,0.005787979387468256,0.8680000000000001,0.5240730230693647,1.7763114071496706,[0.         0.         0.01130013 0.         0.91967413 0.         0.         0.         0.         0.         0.01130013 0.         0.         0.         0.         0.         0.         0.         0.         0.01130013 0.         0.         0.         0.01130013 0.         0.01221172 0.         0.01161351 0.01130013 0.         0.        ],[0. 0. 1. 0. 1. 0. 0. 0. 0. 0. 1. 0. 0. 0. 0. 0. 0. 0. 0. 1. 0. 0. 0. 1. 0. 1. 0. 1. 1. 0. 0.],8.0,best,10000,100000,100,0.9,0.5,0.9,0.5,0.9,5,0.1,1,8,,problem_solving,10
9300,-0.007233617184542434,0.133467,0.005787979387468256,0.8720000000000001,0.5210016271959791,1.11202162571168,[0.         0.         0.01130013 0.         0.91967413 0.         0.         0.         0.         0.         0.01130013 0.         0.         0.         0.         0.         0.         0.         0.         0.01130013 0.         0.         0.         0.01130013 0.         0.01221172 0.         0.01161351 0.01130013 0.         0.        ],[0. 0. 1. 0. 1. 0. 0. 0. 0. 0. 1. 0. 0. 0. 0. 0. 0. 0. 0. 1. 0. 0. 0. 1. 0. 1. 0. 1. 1. 0. 0.],8.0,best,10000,100000,100,0.9,0.5,0.9,0.5,0.9,5,0.1,1,8,,problem_solving,10
9400,-0.007233617184542434,0.133467,0.005787979387468256,0.8760000000000001,0.5179482316244518,2.458012842619752,[0.         0.         0.01130013 0.         0.91967413 0.         0.         0.         0.         0.         0.01130013 0.         0.         0.         0.         0.         0.         0.         0.         0.01130013 0.         0.         0.         0.01130013 0.         0.01221172 0.         0.01161351 0.01130013 0.         0.        ],[0. 0. 1. 0. 1. 0. 0. 0. 0. 0. 1. 0. 0. 0. 0. 0. 0. 0. 0. 1. 0. 0. 0. 1. 0. 1. 0. 1. 1. 0. 0.],8.0,best,10000,100000,100,0.9,0.5,0.9,0.5,0.9,5,0.1,1,8,,problem_solving,10
9500,-0.007233617184542434,0.133467,0.005787979387468256,0.88,0.5149127308617497,-0.7108416077810701,[0.         0.         0.01130013 0.         0.91967413 0.         0.         0.         0.         0.         0.01130013 0.         0.         0.         0.         0.         0.         0.         0.         0.01130013 0.         0.         0.         0.01130013 0.         0.01221172 0.         0.01161351 0.01130013 0.         0.        ],[0. 0. 1. 0. 1. 0. 0. 0. 0. 0. 1. 0. 0. 0. 0. 0. 0. 0. 0. 1. 0. 0. 0. 1. 0. 1. 0. 1. 1. 0. 0.],8.0,best,10000,100000,100,0.9,0.5,0.9,0.5,0.9,5,0.1,1,8,,problem_solving,10
9600,-0.007233617184542434,0.133467,0.005787979387468256,0.884,0.5118950200330946,-2.9743726119823206,[0.         0.         0.01130013 0.         0.91967413 0.         0.         0.         0.         0.         0.01130013 0.         0.         0.         0.         0.         0.         0.         0.         0.01130013 0.         0.         0.         0.01130013 0.         0.01221172 0.         0.01161351 0.01130013 0.         0.        ],[0. 0. 1. 0. 1. 0. 0. 0. 0. 0. 1. 0. 0. 0. 0. 0. 0. 0. 0. 1. 0. 0. 0. 1. 0. 1. 0. 1. 1. 0. 0.],8.0,best,10000,100000,100,0.9,0.5,0.9,0.5,0.9,5,0.1,1,8,,problem_solving,10
9700,-0.007233617184542434,0.133467,0.005787979387468256,0.888,0.5088949948783402,-1.3307738529163744,[0.         0.         0.01130013 0.         0.91967413 0.         0.         0.         0.         0.         0.01130013 0.         0.         0.         0.         0.         0.         0.         0.         0.01130013 0.         0.         0.         0.01130013 0.         0.01221172 0.         0.01161351 0.01130013 0.         0.        ],[0. 0. 1. 0. 1. 0. 0. 0. 0. 0. 1. 0. 0. 0. 0. 0. 0. 0. 0. 1. 0. 0. 0. 1. 0. 1. 0. 1. 1. 0. 0.],8.0,best,10000,100000,100,0.9,0.5,0.9,0.5,0.9,5,0.1,1,8,,problem_solving,10
9800,-0.007233617184542434,0.133467,0.005787979387468256,0.892,0.5059125517483702,-7.488701844577612,[0.         0.         0.01130013 0.         0.91967413 0.         0.         0.         0.         0.         0.01130013 0.         0.         0.         0.         0.         0.         0.         0.         0.01130013 0.         0.         0.         0.01130013 0.         0.01221172 0.         0.01161351 0.01130013 0.         0.        ],[0. 0. 1. 0. 1. 0. 0. 0. 0. 0. 1. 0. 0. 0. 0. 0. 0. 0. 0. 1. 0. 0. 0. 1. 0. 1. 0. 1. 1. 0. 0.],8.0,best,10000,100000,100,0.9,0.5,0.9,0.5,0.9,5,0.1,1,8,,problem_solving,10
9900,-0.007233617184542434,0.133467,0.005787979387468256,0.896,0.5029475876015165,0.35008791797325106,[0.         0.         0.01130013 0.         0.91967413 0.         0.         0.         0.         0.         0.01130013 0.         0.         0.         0.         0.         0.         0.         0.         0.01130013 0.         0.         0.         0.01130013 0.         0.01221172 0.         0.01161351 0.01130013 0.         0.        ],[0. 0. 1. 0. 1. 0. 0. 0. 0. 0. 1. 0. 0. 0. 0. 0. 0. 0. 0. 1. 0. 0. 0. 1. 0. 1. 0. 1. 1. 0. 0.],8.0,best,10000,100000,100,0.9,0.5,0.9,0.5,0.9,5,0.1,1,8,,problem_solving,10
9999,-0.007233617184542434,0.133467,0.005787979387468256,0.8999600000000001,0.500029390196995,3.639885001385853,[0.         0.         0.01130013 0.         0.91967413 0.         0.         0.         0.         0.         0.01130013 0.         0.         0.         0.         0.         0.         0.         0.         0.01130013 0.         0.         0.         0.01130013 0.         0.01221172 0.         0.01161351 0.01130013 0.         0.        ],[0. 0. 1. 0. 1. 0. 0. 0. 0. 0. 1. 0. 0. 0. 0. 0. 0. 0. 0. 1. 0. 0. 0. 1. 0. 1. 0. 1. 1. 0. 0.],8.0,best,10000,100000,100,0.9,0.5,0.9,0.5,0.9,5,0.1,1,8,,problem_solving,10
