iter,cost,risk,return,par,bw,move,X,Z,Q,pop_init,max_iter,pop_size,mem_size,mem_consider,par_min,par_max,bw_min,bw_max,sigma,lambda,port_n,k,seed,tag,local_search
1,0.006548319538064722,0.03482,0.0066762860594820105,0.50004,0.8999471007548476,-1.846979464802692,[0.         0.         0.         0.         0.97634152 0.         0.         0.         0.         0.         0.01182924 0.         0.         0.         0.         0.         0.         0.         0.         0.         0.         0.         0.         0.         0.         0.01182924 0.         0.         0.         0.         0.        ],[0. 0. 0. 0. 1. 0. 0. 0. 0. 0. 1. 0. 0. 0. 0. 0. 0. 0. 0. 0. 0. 0. 0. 0. 0. 1. 0. 0. 0. 0. 0.],3.0,best,10000,100000,100,0.9,0.5,0.9,0.5,0.9,5,0.64,1,3,,problem_solving,10
100,-0.0007356643726429898,0.029049,0.003003633542765597,0.504,0.894725436791504,1.095004608206856,[0.         0.         0.         0.         0.97796578 0.         0.         0.         0.         0.         0.         0.         0.         0.         0.         0.01101711 0.         0.         0.         0.         0.         0.         0.         0.         0.         0.01101711 0.         0.         0.         0.         0.        ],[0. 0. 0. 0. 1. 0. 0. 0. 0. 0. 0. 0. 0. 0. 0. 1. 0. 0. 0. 0. 0. 0. 0. 0. 0. 1. 0. 0. 0. 0. 0.],3.0,best,10000,100000,100,0.9,0.5,0.9,0.5,0.9,5,0.64,1,3,,problem_solving,10
200,-0.0007356643726429898,0.029049,0.003003633542765597,0.508,0.8894817858241639,-4.551458459201215,[0.         0.         0.         0.         0.97796578 0.         0.         0.         0.         0.         0.         0.         0.         0.         0.         0.01101711 0.         0.         0.         0.         0.         0.         0.         0.         0.         0.01101711 0.         0.         0.         0.         0.        ],[0. 0. 0. 0. 1. 0. 0. 0. 0. 0. 0. 0. 0. 0. 0. 1. 0. 0. 0. 0. 0. 0. 0. 0. 0. 1. 0. 0. 0. 0. 0.],3.0,best,10000,100000,100,0.9,0.5,0.9,0.5,0.9,5,0.64,1,3,,problem_solving,10
300,-0.0007356643726429898,0.029049,0.003003633542765597,0.512,0.8842688659329022,4.13763588563349,[0.         0.         0.         0.         0.97796578 0.         0.         0.         0.         0.         0.         0.         0.         0.         0.         0.01101711 0.         0.         0.         0.         0.         0.         0.         0.         0.         0.01101711 0.         0.         0.         0.         0.        ],[0. 0. 0. 0. 1. 0. 0. 0. 0. 0. 0. 0. 0. 0. 0. 1. 0. 0. 0. 0. 0. 0. 0. 0. 0. 1. 0. 0. 0. 0. 0.],3.0,best,10000,100000,100,0.9,0.5,0.9,0.5,0.9,5,0.64,1,3,,problem_solving,10
400,-0.0007356643726429898,0.029049,0.003003633542765597,0.516,0.879086497014382,-3.624770390098848,[0.         0.         0.         0.         0.97796578 0.         0.         0.         0.         0.         0.         0.         0.         0.         0.         0.01101711 0.         0.         0.         0.         0.         0.         0.         0.         0.         0.01101711 0.         0.         0.         0.         0.        ],[0. 0. 0. 0. 1. 0. 0. 0. 0. 0. 0. 0. 0. 0. 0. 1. 0. 0. 0. 0. 0. 0. 0. 0. 0. 1. 0. 0. 0. 0. 0.],3.0,best,10000,100000,100,0.9,0.5,0.9,0.5,0.9,5,0.64,1,3,,problem_solving,10
500,-0.0007356643726429898,0.029049,0.003003633542765597,0.52,0.8739345000207845,-1.8774922672543934,[0.         0.         0.         0.         0.97796578 0.         0.         0.         0.         0.         0.         0.         0.         0.         0.         0.01101711 0.         0.         0.         0.         0.         0.         0.         0.         0.         0.01101711 0.         0.         0.         0.         0.        ],[0. 0. 0. 0. 1. 0. 0. 0. 0. 0. 0. 0. 0. 0. 0. 1. 0. 0. 0. 0. 0. 0. 0. 0. 0. 1. 0. 0. 0. 0. 0.],3.0,best,10000,100000,100,0.9,0.5,0.9,0.5,0.9,5,0.64,1,3,,problem_solving,10
600,-0.0007356643726429898,0.029049,0.003003633542765597,0.524,0.8688126969536234,-4.732195463347311,[0.         0.         0.         0.         0.97796578 0.         0.         0.         0.         0.         0.         0.         0.         0.         0.         0.01101711 0.         0.         0.         0.         0.         0.         0.         0.         0.         0.01101711 0.         0.         0.         0.         0.        ],[0. 0. 0. 0. 1. 0. 0. 0. 0. 0. 0. 0. 0. 0. 0. 1. 0. 0. 0. 0. 0. 0. 0. 0. 0. 1. 0. 0. 0. 0. 0.],3.0,best,10000,100000,100,0.9,0.5,0.9,0.5,0.9,5,0.64,1,3,,problem_solving,10
700,-0.0007356643726429898,0.029049,0.003003633542765597,0.528,0.8637209108575947,1.4209210027857002,[0.         0.         0.         0.         0.97796578 0.         0.         0.         0.         0.         0.         0.         0.         0.         0.         0.01101711 0.         0.         0.         0.         0.         0.         0.         0.         0.         0.01101711 0.         0.         0.         0.         0.        ],[0. 0. 0. 0. 1. 0. 0. 0. 0. 0. 0. 0. 0. 0. 0. 1. 0. 0. 0. 0. 0. 0. 0. 0. 0. 1. 0. 0. 0. 0. 0.],3.0,best,10000,100000,100,0.9,0.5,0.9,0.5,0.9,5,0.64,1,3,,problem_solving,10
800,-0.0007356643726429898,0.029049,0.003003633542765597,0.532,0.8586589658144633,-4.458078067075917,[0.         0.         0.         0.         0.97796578 0.         0.         0.         0.         0.         0.         0.         0.         0.         0.         0.01101711 0.         0.         0.         0.         0.         0.         0.         0.         0.         0.01101711 0.         0.         0.         0.         0.        ],[0. 0. 0. 0. 1. 0. 0. 0. 0. 0. 0. 0. 0. 0. 0. 1. 0. 0. 0. 0. 0. 0. 0. 0. 0. 1. 0. 0. 0. 0. 0.],3.0,best,10000,100000,100,0.9,0.5,0.9,0.5,0.9,5,0.64,1,3,,problem_solving,10
900,-0.0007356643726429898,0.029049,0.003003633542765597,0.536,0.8536266869369854,-6.360744221818814,[0.         0.         0.         0.         0.97796578 0.         0.         0.         0.         0.         0.         0.         0.         0.         0.         0.01101711 0.         0.         0.         0.         0.         0.         0.         0.         0.         0.01101711 0.         0.         0.         0.         0.        ],[0. 0. 0. 0. 1. 0. 0. 0. 0. 0. 0. 0. 0. 0. 0. 1. 0. 0. 0. 0. 0. 0. 0. 0. 0. 1. 0. 0. 0. 0. 0.],3.0,best,10000,100000,100,0.9,0.5,0.9,0.5,0.9,5,0.64,1,3,,problem_solving,10
1000,-0.0009069201645272376,0.025337,0.002583559837871524,0.54,0.8486239003628652,2.511593316155833,[0.         0.         0.         0.         0.97253373 0.         0.         0.         0.         0.         0.         0.         0.         0.         0.         0.         0.         0.         0.         0.         0.         0.         0.         0.         0.         0.01248463 0.         0.01498164 0.         0.         0.        ],[0. 0. 0. 0. 1. 0. 0. 0. 0. 0. 0. 0. 0. 0. 0. 0. 0. 0. 0. 0. 0. 0. 0. 0. 0. 1. 0. 1. 0. 0. 0.],3.0,best,10000,100000,100,0.9,0.5,0.9,0.5,0.9,5,0.64,1,3,,problem_solving,10
1100,-0.0009069201645272376,0.025337,0.002583559837871524,0.544,0.8436504332487491,2.352573240629574,[0.         0.         0.         0.         0.97253373 0.         0.         0.         0.         0.         0.         0.         0.         0.         0.         0.         0.         0.         0.         0.         0.         0.         0.         0.         0.         0.01248463 0.         0.01498164 0.         0.         0.        ],[0. 0. 0. 0. 1. 0. 0. 0. 0. 0. 0. 0. 0. 0. 0. 0. 0. 0. 0. 0. 0. 0. 0. 0. 0. 1. 0. 1. 0. 0. 0.],3.0,best,10000,100000,100,0.9,0.5,0.9,0.5,0.9,5,0.64,1,3,,problem_solving,10
1200,-0.0009069201645272376,0.025337,0.002583559837871524,0.548,0.838706113764254,1.9141662249984437,[0.         0.         0.         0.         0.97253373 0.         0.         0.         0.         0.         0.         0.         0.         0.         0.         0.         0.         0.         0.         0.         0.         0.         0.         0.         0.         0.01248463 0.         0.01498164 0.         0.         0.        ],[0. 0. 0. 0. 1. 0. 0. 0. 0. 0. 0. 0. 0. 0. 0. 0. 0. 0. 0. 0. 0. 0. 0. 0. 0. 1. 0. 1. 0. 0. 0.],3.0,best,10000,100000,100,0.9,0.5,0.9,0.5,0.9,5,0.64,1,3,,problem_solving,10
1300,-0.0009069201645272376,0.025337,0.002583559837871524,0.552,0.83379077108603,-6.763109480745174,[0.         0.         0.         0.         0.97253373 0.         0.         0.         0.         0.         0.         0.         0.         0.         0.         0.         0.         0.         0.         0.         0.         0.         0.         0.         0.         0.01248463 0.         0.01498164 0.         0.         0.        ],[0. 0. 0. 0. 1. 0. 0. 0. 0. 0. 0. 0. 0. 0. 0. 0. 0. 0. 0. 0. 0. 0. 0. 0. 0. 1. 0. 1. 0. 0. 0.],3.0,best,10000,100000,100,0.9,0.5,0.9,0.5,0.9,5,0.64,1,3,,problem_solving,10
1400,-0.0009069201645272376,0.025337,0.002583559837871524,0.556,0.828904235391859,0.27775643671100564,[0.         0.         0.         0.         0.97253373 0.         0.         0.         0.         0.         0.         0.         0.         0.         0.         0.         0.         0.         0.         0.         0.         0.         0.         0.         0.         0.01248463 0.         0.01498164 0.         0.         0.        ],[0. 0. 0. 0. 1. 0. 0. 0. 0. 0. 0. 0. 0. 0. 0. 0. 0. 0. 0. 0. 0. 0. 0. 0. 0. 1. 0. 1. 0. 0. 0.],3.0,best,10000,100000,100,0.9,0.5,0.9,0.5,0.9,5,0.64,1,3,,problem_solving,10
1500,-0.0009069201645272376,0.025337,0.002583559837871524,0.56,0.8240463378547873,0.5857134460156992,[0.         0.         0.         0.         0.97253373 0.         0.         0.         0.         0.         0.         0.         0.         0.         0.         0.         0.         0.         0.         0.         0.         0.         0.         0.         0.         0.01248463 0.         0.01498164 0.         0.         0.        ],[0. 0. 0. 0. 1. 0. 0. 0. 0. 0. 0. 0. 0. 0. 0. 0. 0. 0. 0. 0. 0. 0. 0. 0. 0. 1. 0. 1. 0. 0. 0.],3.0,best,10000,100000,100,0.9,0.5,0.9,0.5,0.9,5,0.64,1,3,,problem_solving,10
1600,-0.0009069201645272376,0.025337,0.002583559837871524,0.5640000000000001,0.8192169106372932,11.098721047659907,[0.         0.         0.         0.         0.97253373 0.         0.         0.         0.         0.         0.         0.         0.         0.         0.         0.         0.         0.         0.         0.         0.         0.         0.         0.         0.         0.01248463 0.         0.01498164 0.         0.         0.        ],[0. 0. 0. 0. 1. 0. 0. 0. 0. 0. 0. 0. 0. 0. 0. 0. 0. 0. 0. 0. 0. 0. 0. 0. 0. 1. 0. 1. 0. 0. 0.],3.0,best,10000,100000,100,0.9,0.5,0.9,0.5,0.9,5,0.64,1,3,,problem_solving,10
1700,-0.0009069201645272376,0.025337,0.002583559837871524,0.5680000000000001,0.8144157868854872,-1.6334407149105188,[0.         0.         0.         0.         0.97253373 0.         0.         0.         0.         0.         0.         0.         0.         0.         0.         0.         0.         0.         0.         0.         0.         0.         0.         0.         0.         0.01248463 0.         0.01498164 0.         0.         0.        ],[0. 0. 0. 0. 1. 0. 0. 0. 0. 0. 0. 0. 0. 0. 0. 0. 0. 0. 0. 0. 0. 0. 0. 0. 0. 1. 0. 1. 0. 0. 0.],3.0,best,10000,100000,100,0.9,0.5,0.9,0.5,0.9,5,0.64,1,3,,problem_solving,10
1800,-0.0009069201645272376,0.025337,0.002583559837871524,0.5720000000000001,0.8096428007233489,6.4907885547631885,[0.         0.         0.         0.         0.97253373 0.         0.         0.         0.         0.         0.         0.         0.         0.         0.         0.         0.         0.         0.         0.         0.         0.         0.         0.         0.         0.01248463 0.         0.01498164 0.         0.         0.        ],[0. 0. 0. 0. 1. 0. 0. 0. 0. 0. 0. 0. 0. 0. 0. 0. 0. 0. 0. 0. 0. 0. 0. 0. 0. 1. 0. 1. 0. 0. 0.],3.0,best,10000,100000,100,0.9,0.5,0.9,0.5,0.9,5,0.64,1,3,,problem_solving,10
1900,-0.0009069201645272376,0.025337,0.002583559837871524,0.5760000000000001,0.8048977872469943,2.5366811210649005,[0.         0.         0.         0.         0.97253373 0.         0.         0.         0.         0.         0.         0.         0.         0.         0.         0.         0.         0.         0.         0.         0.         0.         0.         0.         0.         0.01248463 0.         0.01498164 0.         0.         0.        ],[0. 0. 0. 0. 1. 0. 0. 0. 0. 0. 0. 0. 0. 0. 0. 0. 0. 0. 0. 0. 0. 0. 0. 0. 0. 1. 0. 1. 0. 0. 0.],3.0,best,10000,100000,100,0.9,0.5,0.9,0.5,0.9,5,0.64,1,3,,problem_solving,10
2000,-0.0009069201645272376,0.025337,0.002583559837871524,0.58,0.80018058251898,-0.9858597506684706,[0.         0.         0.         0.         0.97253373 0.         0.         0.         0.         0.         0.         0.         0.         0.         0.         0.         0.         0.         0.         0.         0.         0.         0.         0.         0.         0.01248463 0.         0.01498164 0.         0.         0.        ],[0. 0. 0. 0. 1. 0. 0. 0. 0. 0. 0. 0. 0. 0. 0. 0. 0. 0. 0. 0. 0. 0. 0. 0. 0. 1. 0. 1. 0. 0. 0.],3.0,best,10000,100000,100,0.9,0.5,0.9,0.5,0.9,5,0.64,1,3,,problem_solving,10
2100,-0.0009069201645272376,0.025337,0.002583559837871524,0.584,0.7954910235626383,-0.2278656542748756,[0.         0.         0.         0.         0.97253373 0.         0.         0.         0.         0.         0.         0.         0.         0.         0.         0.         0.         0.         0.         0.         0.         0.         0.         0.         0.         0.01248463 0.         0.01498164 0.         0.         0.        ],[0. 0. 0. 0. 1. 0. 0. 0. 0. 0. 0. 0. 0. 0. 0. 0. 0. 0. 0. 0. 0. 0. 0. 0. 0. 1. 0. 1. 0. 0. 0.],3.0,best,10000,100000,100,0.9,0.5,0.9,0.5,0.9,5,0.64,1,3,,problem_solving,10
2200,-0.0009069201645272376,0.025337,0.002583559837871524,0.588,0.7908289483564468,-2.043265037929285,[0.         0.         0.         0.         0.97253373 0.         0.         0.         0.         0.         0.         0.         0.         0.         0.         0.         0.         0.         0.         0.         0.         0.         0.         0.         0.         0.01248463 0.         0.01498164 0.         0.         0.        ],[0. 0. 0. 0. 1. 0. 0. 0. 0. 0. 0. 0. 0. 0. 0. 0. 0. 0. 0. 0. 0. 0. 0. 0. 0. 1. 0. 1. 0. 0. 0.],3.0,best,10000,100000,100,0.9,0.5,0.9,0.5,0.9,5,0.64,1,3,,problem_solving,10
2300,-0.0009069201645272376,0.025337,0.002583559837871524,0.592,0.7861941958284306,-3.9971779045205444,[0.         0.         0.         0.         0.97253373 0.         0.         0.         0.         0.         0.         0.         0.         0.         0.         0.         0.         0.         0.         0.         0.         0.         0.         0.         0.         0.01248463 0.         0.01498164 0.         0.         0.        ],[0. 0. 0. 0. 1. 0. 0. 0. 0. 0. 0. 0. 0. 0. 0. 0. 0. 0. 0. 0. 0. 0. 0. 0. 0. 1. 0. 1. 0. 0. 0.],3.0,best,10000,100000,100,0.9,0.5,0.9,0.5,0.9,5,0.64,1,3,,problem_solving,10
2400,-0.0009069201645272376,0.025337,0.002583559837871524,0.596,0.7815866058505976,3.263411230908834,[0.         0.         0.         0.         0.97253373 0.         0.         0.         0.         0.         0.         0.         0.         0.         0.         0.         0.         0.         0.         0.         0.         0.         0.         0.         0.         0.01248463 0.         0.01498164 0.         0.         0.        ],[0. 0. 0. 0. 1. 0. 0. 0. 0. 0. 0. 0. 0. 0. 0. 0. 0. 0. 0. 0. 0. 0. 0. 0. 0. 1. 0. 1. 0. 0. 0.],3.0,best,10000,100000,100,0.9,0.5,0.9,0.5,0.9,5,0.64,1,3,,problem_solving,10
2500,-0.0009069201645272376,0.025337,0.002583559837871524,0.6,0.7770060192334055,-1.7045926411546513,[0.         0.         0.         0.         0.97253373 0.         0.         0.         0.         0.         0.         0.         0.         0.         0.         0.         0.         0.         0.         0.         0.         0.         0.         0.         0.         0.01248463 0.         0.01498164 0.         0.         0.        ],[0. 0. 0. 0. 1. 0. 0. 0. 0. 0. 0. 0. 0. 0. 0. 0. 0. 0. 0. 0. 0. 0. 0. 0. 0. 1. 0. 1. 0. 0. 0.],3.0,best,10000,100000,100,0.9,0.5,0.9,0.5,0.9,5,0.64,1,3,,problem_solving,10
2600,-0.0009069201645272376,0.025337,0.002583559837871524,0.604,0.7724522777202627,-3.530951602553307,[0.         0.         0.         0.         0.97253373 0.         0.         0.         0.         0.         0.         0.         0.         0.         0.         0.         0.         0.         0.         0.         0.         0.         0.         0.         0.         0.01248463 0.         0.01498164 0.         0.         0.        ],[0. 0. 0. 0. 1. 0. 0. 0. 0. 0. 0. 0. 0. 0. 0. 0. 0. 0. 0. 0. 0. 0. 0. 0. 0. 1. 0. 1. 0. 0. 0.],3.0,best,10000,100000,100,0.9,0.5,0.9,0.5,0.9,5,0.64,1,3,,problem_solving,10
2700,-0.0009069201645272376,0.025337,0.002583559837871524,0.608,0.7679252239820602,3.342828072268951,[0.         0.         0.         0.         0.97253373 0.         0.         0.         0.         0.         0.         0.         0.         0.         0.         0.         0.         0.         0.         0.         0.         0.         0.         0.         0.         0.01248463 0.         0.01498164 0.         0.         0.        ],[0. 0. 0. 0. 1. 0. 0. 0. 0. 0. 0. 0. 0. 0. 0. 0. 0. 0. 0. 0. 0. 0. 0. 0. 0. 1. 0. 1. 0. 0. 0.],3.0,best,10000,100000,100,0.9,0.5,0.9,0.5,0.9,5,0.64,1,3,,problem_solving,10
2800,-0.0009069201645272376,0.025337,0.002583559837871524,0.612,0.7634247016117359,4.347797319780786,[0.         0.         0.         0.         0.97253373 0.         0.         0.         0.         0.         0.         0.         0.         0.         0.         0.         0.         0.         0.         0.         0.         0.         0.         0.         0.         0.01248463 0.         0.01498164 0.         0.         0.        ],[0. 0. 0. 0. 1. 0. 0. 0. 0. 0. 0. 0. 0. 0. 0. 0. 0. 0. 0. 0. 0. 0. 0. 0. 0. 1. 0. 1. 0. 0. 0.],3.0,best,10000,100000,100,0.9,0.5,0.9,0.5,0.9,5,0.64,1,3,,problem_solving,10
2900,-0.0009069201645272376,0.025337,0.002583559837871524,0.616,0.758950555118871,1.3292050056470635,[0.         0.         0.         0.         0.97253373 0.         0.         0.         0.         0.         0.         0.         0.         0.         0.         0.         0.         0.         0.         0.         0.         0.         0.         0.         0.         0.01248463 0.         0.01498164 0.         0.         0.        ],[0. 0. 0. 0. 1. 0. 0. 0. 0. 0. 0. 0. 0. 0. 0. 0. 0. 0. 0. 0. 0. 0. 0. 0. 0. 1. 0. 1. 0. 0. 0.],3.0,best,10000,100000,100,0.9,0.5,0.9,0.5,0.9,5,0.64,1,3,,problem_solving,10
3000,-0.0012382812018319777,0.027678,0.002374589395491347,0.62,0.754502629924318,0.6293147628110919,[0.         0.         0.         0.         0.97564509 0.         0.         0.         0.         0.         0.         0.         0.         0.         0.         0.         0.         0.         0.         0.         0.         0.         0.         0.         0.         0.01163607 0.         0.01271884 0.         0.         0.        ],[0. 0. 0. 0. 1. 0. 0. 0. 0. 0. 0. 0. 0. 0. 0. 0. 0. 0. 0. 0. 0. 0. 0. 0. 0. 1. 0. 1. 0. 0. 0.],3.0,best,10000,100000,100,0.9,0.5,0.9,0.5,0.9,5,0.64,1,3,,problem_solving,10
3100,-0.0012382812018319777,0.027678,0.002374589395491347,0.624,0.7500807723548599,-4.382684228053176,[0.         0.         0.         0.         0.97564509 0.         0.         0.         0.         0.         0.         0.         0.         0.         0.         0.         0.         0.         0.         0.         0.         0.         0.         0.         0.         0.01163607 0.         0.01271884 0.         0.         0.        ],[0. 0. 0. 0. 1. 0. 0. 0. 0. 0. 0. 0. 0. 0. 0. 0. 0. 0. 0. 0. 0. 0. 0. 0. 0. 1. 0. 1. 0. 0. 0.],3.0,best,10000,100000,100,0.9,0.5,0.9,0.5,0.9,5,0.64,1,3,,problem_solving,10
3200,-0.0012382812018319777,0.027678,0.002374589395491347,0.628,0.7456848296379007,-2.350919197761768,[0.         0.         0.         0.         0.97564509 0.         0.         0.         0.         0.         0.         0.         0.         0.         0.         0.         0.         0.         0.         0.         0.         0.         0.         0.         0.         0.01163607 0.         0.01271884 0.         0.         0.        ],[0. 0. 0. 0. 1. 0. 0. 0. 0. 0. 0. 0. 0. 0. 0. 0. 0. 0. 0. 0. 0. 0. 0. 0. 0. 1. 0. 1. 0. 0. 0.],3.0,best,10000,100000,100,0.9,0.5,0.9,0.5,0.9,5,0.64,1,3,,problem_solving,10
3300,-0.0012382812018319777,0.027678,0.002374589395491347,0.632,0.7413146498961878,-7.145771157611796,[0.         0.         0.         0.         0.97564509 0.         0.         0.         0.         0.         0.         0.         0.         0.         0.         0.         0.         0.         0.         0.         0.         0.         0.         0.         0.         0.01163607 0.         0.01271884 0.         0.         0.        ],[0. 0. 0. 0. 1. 0. 0. 0. 0. 0. 0. 0. 0. 0. 0. 0. 0. 0. 0. 0. 0. 0. 0. 0. 0. 1. 0. 1. 0. 0. 0.],3.0,best,10000,100000,100,0.9,0.5,0.9,0.5,0.9,5,0.64,1,3,,problem_solving,10
3400,-0.0012382812018319777,0.027678,0.002374589395491347,0.636,0.7369700821425638,-4.91484801831703,[0.         0.         0.         0.         0.97564509 0.         0.         0.         0.         0.         0.         0.         0.         0.         0.         0.         0.         0.         0.         0.         0.         0.         0.         0.         0.         0.01163607 0.         0.01271884 0.         0.         0.        ],[0. 0. 0. 0. 1. 0. 0. 0. 0. 0. 0. 0. 0. 0. 0. 0. 0. 0. 0. 0. 0. 0. 0. 0. 0. 1. 0. 1. 0. 0. 0.],3.0,best,10000,100000,100,0.9,0.5,0.9,0.5,0.9,5,0.64,1,3,,problem_solving,10
3500,-0.0012382812018319777,0.027678,0.002374589395491347,0.64,0.7326509762747511,2.3999531709116897,[0.         0.         0.         0.         0.97564509 0.         0.         0.         0.         0.         0.         0.         0.         0.         0.         0.         0.         0.         0.         0.         0.         0.         0.         0.         0.         0.01163607 0.         0.01271884 0.         0.         0.        ],[0. 0. 0. 0. 1. 0. 0. 0. 0. 0. 0. 0. 0. 0. 0. 0. 0. 0. 0. 0. 0. 0. 0. 0. 0. 1. 0. 1. 0. 0. 0.],3.0,best,10000,100000,100,0.9,0.5,0.9,0.5,0.9,5,0.64,1,3,,problem_solving,10
3600,-0.0012382812018319777,0.027678,0.002374589395491347,0.644,0.7283571830701648,6.883824337894909,[0.         0.         0.         0.         0.97564509 0.         0.         0.         0.         0.         0.         0.         0.         0.         0.         0.         0.         0.         0.         0.         0.         0.         0.         0.         0.         0.01163607 0.         0.01271884 0.         0.         0.        ],[0. 0. 0. 0. 1. 0. 0. 0. 0. 0. 0. 0. 0. 0. 0. 0. 0. 0. 0. 0. 0. 0. 0. 0. 0. 1. 0. 1. 0. 0. 0.],3.0,best,10000,100000,100,0.9,0.5,0.9,0.5,0.9,5,0.64,1,3,,problem_solving,10
3700,-0.0012382812018319777,0.027678,0.002374589395491347,0.648,0.7240885541807586,3.080279178107248,[0.         0.         0.         0.         0.97564509 0.         0.         0.         0.         0.         0.         0.         0.         0.         0.         0.         0.         0.         0.         0.         0.         0.         0.         0.         0.         0.01163607 0.         0.01271884 0.         0.         0.        ],[0. 0. 0. 0. 1. 0. 0. 0. 0. 0. 0. 0. 0. 0. 0. 0. 0. 0. 0. 0. 0. 0. 0. 0. 0. 1. 0. 1. 0. 0. 0.],3.0,best,10000,100000,100,0.9,0.5,0.9,0.5,0.9,5,0.64,1,3,,problem_solving,10
3800,-0.0012382812018319777,0.027678,0.002374589395491347,0.652,0.7198449421278975,-3.8628165293835397,[0.         0.         0.         0.         0.97564509 0.         0.         0.         0.         0.         0.         0.         0.         0.         0.         0.         0.         0.         0.         0.         0.         0.         0.         0.         0.         0.01163607 0.         0.01271884 0.         0.         0.        ],[0. 0. 0. 0. 1. 0. 0. 0. 0. 0. 0. 0. 0. 0. 0. 0. 0. 0. 0. 0. 0. 0. 0. 0. 0. 1. 0. 1. 0. 0. 0.],3.0,best,10000,100000,100,0.9,0.5,0.9,0.5,0.9,5,0.64,1,3,,problem_solving,10
3900,-0.0012382812018319777,0.027678,0.002374589395491347,0.656,0.7156262002972644,3.163339049740455,[0.         0.         0.         0.         0.97564509 0.         0.         0.         0.         0.         0.         0.         0.         0.         0.         0.         0.         0.         0.         0.         0.         0.         0.         0.         0.         0.01163607 0.         0.01271884 0.         0.         0.        ],[0. 0. 0. 0. 1. 0. 0. 0. 0. 0. 0. 0. 0. 0. 0. 0. 0. 0. 0. 0. 0. 0. 0. 0. 0. 1. 0. 1. 0. 0. 0.],3.0,best,10000,100000,100,0.9,0.5,0.9,0.5,0.9,5,0.64,1,3,,problem_solving,10
4000,-0.0012382812018319777,0.027678,0.002374589395491347,0.66,0.7114321829337936,2.4991510154536716,[0.         0.         0.         0.         0.97564509 0.         0.         0.         0.         0.         0.         0.         0.         0.         0.         0.         0.         0.         0.         0.         0.         0.         0.         0.         0.         0.01163607 0.         0.01271884 0.         0.         0.        ],[0. 0. 0. 0. 1. 0. 0. 0. 0. 0. 0. 0. 0. 0. 0. 0. 0. 0. 0. 0. 0. 0. 0. 0. 0. 1. 0. 1. 0. 0. 0.],3.0,best,10000,100000,100,0.9,0.5,0.9,0.5,0.9,5,0.64,1,3,,problem_solving,10
4100,-0.0012382812018319777,0.027678,0.002374589395491347,0.664,0.707262745136635,0.16695091283931154,[0.         0.         0.         0.         0.97564509 0.         0.         0.         0.         0.         0.         0.         0.         0.         0.         0.         0.         0.         0.         0.         0.         0.         0.         0.         0.         0.01163607 0.         0.01271884 0.         0.         0.        ],[0. 0. 0. 0. 1. 0. 0. 0. 0. 0. 0. 0. 0. 0. 0. 0. 0. 0. 0. 0. 0. 0. 0. 0. 0. 1. 0. 1. 0. 0. 0.],3.0,best,10000,100000,100,0.9,0.5,0.9,0.5,0.9,5,0.64,1,3,,problem_solving,10
4200,-0.0012382812018319777,0.027678,0.002374589395491347,0.668,0.7031177428541489,0.7449039637865104,[0.         0.         0.         0.         0.97564509 0.         0.         0.         0.         0.         0.         0.         0.         0.         0.         0.         0.         0.         0.         0.         0.         0.         0.         0.         0.         0.01163607 0.         0.01271884 0.         0.         0.        ],[0. 0. 0. 0. 1. 0. 0. 0. 0. 0. 0. 0. 0. 0. 0. 0. 0. 0. 0. 0. 0. 0. 0. 0. 0. 1. 0. 1. 0. 0. 0.],3.0,best,10000,100000,100,0.9,0.5,0.9,0.5,0.9,5,0.64,1,3,,problem_solving,10
4300,-0.0012382812018319777,0.027678,0.002374589395491347,0.672,0.6989970328789274,-7.139352154350191,[0.         0.         0.         0.         0.97564509 0.         0.         0.         0.         0.         0.         0.         0.         0.         0.         0.         0.         0.         0.         0.         0.         0.         0.         0.         0.         0.01163607 0.         0.01271884 0.         0.         0.        ],[0. 0. 0. 0. 1. 0. 0. 0. 0. 0. 0. 0. 0. 0. 0. 0. 0. 0. 0. 0. 0. 0. 0. 0. 0. 1. 0. 1. 0. 0. 0.],3.0,best,10000,100000,100,0.9,0.5,0.9,0.5,0.9,5,0.64,1,3,,problem_solving,10
4400,-0.0012382812018319777,0.027678,0.002374589395491347,0.676,0.6949004728428485,2.062022239475287,[0.         0.         0.         0.         0.97564509 0.         0.         0.         0.         0.         0.         0.         0.         0.         0.         0.         0.         0.         0.         0.         0.         0.         0.         0.         0.         0.01163607 0.         0.01271884 0.         0.         0.        ],[0. 0. 0. 0. 1. 0. 0. 0. 0. 0. 0. 0. 0. 0. 0. 0. 0. 0. 0. 0. 0. 0. 0. 0. 0. 1. 0. 1. 0. 0. 0.],3.0,best,10000,100000,100,0.9,0.5,0.9,0.5,0.9,5,0.64,1,3,,problem_solving,10
4500,-0.0012382812018319777,0.027678,0.002374589395491347,0.68,0.6908279212121557,-3.4188999036133843,[0.         0.         0.         0.         0.97564509 0.         0.         0.         0.         0.         0.         0.         0.         0.         0.         0.         0.         0.         0.         0.         0.         0.         0.         0.         0.         0.01163607 0.         0.01271884 0.         0.         0.        ],[0. 0. 0. 0. 1. 0. 0. 0. 0. 0. 0. 0. 0. 0. 0. 0. 0. 0. 0. 0. 0. 0. 0. 0. 0. 1. 0. 1. 0. 0. 0.],3.0,best,10000,100000,100,0.9,0.5,0.9,0.5,0.9,5,0.64,1,3,,problem_solving,10
4600,-0.0012382812018319777,0.027678,0.002374589395491347,0.684,0.6867792372825697,3.3540612432341894,[0.         0.         0.         0.         0.97564509 0.         0.         0.         0.         0.         0.         0.         0.         0.         0.         0.         0.         0.         0.         0.         0.         0.         0.         0.         0.         0.01163607 0.         0.01271884 0.         0.         0.        ],[0. 0. 0. 0. 1. 0. 0. 0. 0. 0. 0. 0. 0. 0. 0. 0. 0. 0. 0. 0. 0. 0. 0. 0. 0. 1. 0. 1. 0. 0. 0.],3.0,best,10000,100000,100,0.9,0.5,0.9,0.5,0.9,5,0.64,1,3,,problem_solving,10
4700,-0.0012382812018319777,0.027678,0.002374589395491347,0.6880000000000001,0.6827542811744257,1.0056233737660762,[0.         0.         0.         0.         0.97564509 0.         0.         0.         0.         0.         0.         0.         0.         0.         0.         0.         0.         0.         0.         0.         0.         0.         0.         0.         0.         0.01163607 0.         0.01271884 0.         0.         0.        ],[0. 0. 0. 0. 1. 0. 0. 0. 0. 0. 0. 0. 0. 0. 0. 0. 0. 0. 0. 0. 0. 0. 0. 0. 0. 1. 0. 1. 0. 0. 0.],3.0,best,10000,100000,100,0.9,0.5,0.9,0.5,0.9,5,0.64,1,3,,problem_solving,10
4800,-0.0012382812018319777,0.027678,0.002374589395491347,0.692,0.6787529138278414,-4.832201894627484,[0.         0.         0.         0.         0.97564509 0.         0.         0.         0.         0.         0.         0.         0.         0.         0.         0.         0.         0.         0.         0.         0.         0.         0.         0.         0.         0.01163607 0.         0.01271884 0.         0.         0.        ],[0. 0. 0. 0. 1. 0. 0. 0. 0. 0. 0. 0. 0. 0. 0. 0. 0. 0. 0. 0. 0. 0. 0. 0. 0. 1. 0. 1. 0. 0. 0.],3.0,best,10000,100000,100,0.9,0.5,0.9,0.5,0.9,5,0.64,1,3,,problem_solving,10
4900,-0.0012382812018319777,0.027678,0.002374589395491347,0.696,0.6747749969979128,-1.0939021280057477,[0.         0.         0.         0.         0.97564509 0.         0.         0.         0.         0.         0.         0.         0.         0.         0.         0.         0.         0.         0.         0.         0.         0.         0.         0.         0.         0.01163607 0.         0.01271884 0.         0.         0.        ],[0. 0. 0. 0. 1. 0. 0. 0. 0. 0. 0. 0. 0. 0. 0. 0. 0. 0. 0. 0. 0. 0. 0. 0. 0. 1. 0. 1. 0. 0. 0.],3.0,best,10000,100000,100,0.9,0.5,0.9,0.5,0.9,5,0.64,1,3,,problem_solving,10
5000,-0.001244720663258341,0.029243,0.002770123578151936,0.7,0.6708203932499369,1.5291047451431392,[0.         0.         0.         0.         0.97572157 0.         0.         0.         0.         0.         0.         0.         0.         0.         0.         0.         0.         0.         0.         0.         0.         0.         0.         0.         0.         0.01213921 0.         0.01213921 0.         0.         0.        ],[0. 0. 0. 0. 1. 0. 0. 0. 0. 0. 0. 0. 0. 0. 0. 0. 0. 0. 0. 0. 0. 0. 0. 0. 0. 1. 0. 1. 0. 0. 0.],3.0,best,10000,100000,100,0.9,0.5,0.9,0.5,0.9,5,0.64,1,3,,problem_solving,10
5100,-0.001261120530957025,0.022793,0.005062389251041643,0.704,0.6668889659546647,-9.341790925920668,[0.         0.         0.         0.         0.97587374 0.         0.         0.         0.         0.         0.         0.         0.         0.         0.         0.         0.         0.         0.         0.         0.         0.         0.         0.         0.         0.01206313 0.         0.01206313 0.         0.         0.        ],[0. 0. 0. 0. 1. 0. 0. 0. 0. 0. 0. 0. 0. 0. 0. 0. 0. 0. 0. 0. 0. 0. 0. 0. 0. 1. 0. 1. 0. 0. 0.],3.0,best,10000,100000,100,0.9,0.5,0.9,0.5,0.9,5,0.64,1,3,,problem_solving,10
5200,-0.001261120530957025,0.022793,0.005062389251041643,0.708,0.6629805792835798,-0.045991344427198225,[0.         0.         0.         0.         0.97587374 0.         0.         0.         0.         0.         0.         0.         0.         0.         0.         0.         0.         0.         0.         0.         0.         0.         0.         0.         0.         0.01206313 0.         0.01206313 0.         0.         0.        ],[0. 0. 0. 0. 1. 0. 0. 0. 0. 0. 0. 0. 0. 0. 0. 0. 0. 0. 0. 0. 0. 0. 0. 0. 0. 1. 0. 1. 0. 0. 0.],3.0,best,10000,100000,100,0.9,0.5,0.9,0.5,0.9,5,0.64,1,3,,problem_solving,10
5300,-0.001261120530957025,0.022793,0.005062389251041643,0.712,0.6590950982042058,0.8565072494376382,[0.         0.         0.         0.         0.97587374 0.         0.         0.         0.         0.         0.         0.         0.         0.         0.         0.         0.         0.         0.         0.         0.         0.         0.         0.         0.         0.01206313 0.         0.01206313 0.         0.         0.        ],[0. 0. 0. 0. 1. 0. 0. 0. 0. 0. 0. 0. 0. 0. 0. 0. 0. 0. 0. 0. 0. 0. 0. 0. 0. 1. 0. 1. 0. 0. 0.],3.0,best,10000,100000,100,0.9,0.5,0.9,0.5,0.9,5,0.64,1,3,,problem_solving,10
5400,-0.001261120530957025,0.022793,0.005062389251041643,0.716,0.6552323884754414,1.7858528827109768,[0.         0.         0.         0.         0.97587374 0.         0.         0.         0.         0.         0.         0.         0.         0.         0.         0.         0.         0.         0.         0.         0.         0.         0.         0.         0.         0.01206313 0.         0.01206313 0.         0.         0.        ],[0. 0. 0. 0. 1. 0. 0. 0. 0. 0. 0. 0. 0. 0. 0. 0. 0. 0. 0. 0. 0. 0. 0. 0. 0. 1. 0. 1. 0. 0. 0.],3.0,best,10000,100000,100,0.9,0.5,0.9,0.5,0.9,5,0.64,1,3,,problem_solving,10
5500,-0.001261120530957025,0.022793,0.005062389251041643,0.72,0.651392316642922,0.1338298701265338,[0.         0.         0.         0.         0.97587374 0.         0.         0.         0.         0.         0.         0.         0.         0.         0.         0.         0.         0.         0.         0.         0.         0.         0.         0.         0.         0.01206313 0.         0.01206313 0.         0.         0.        ],[0. 0. 0. 0. 1. 0. 0. 0. 0. 0. 0. 0. 0. 0. 0. 0. 0. 0. 0. 0. 0. 0. 0. 0. 0. 1. 0. 1. 0. 0. 0.],3.0,best,10000,100000,100,0.9,0.5,0.9,0.5,0.9,5,0.64,1,3,,problem_solving,10
5600,-0.001261120530957025,0.022793,0.005062389251041643,0.724,0.6475747500344088,0.636339885090188,[0.         0.         0.         0.         0.97587374 0.         0.         0.         0.         0.         0.         0.         0.         0.         0.         0.         0.         0.         0.         0.         0.         0.         0.         0.         0.         0.01206313 0.         0.01206313 0.         0.         0.        ],[0. 0. 0. 0. 1. 0. 0. 0. 0. 0. 0. 0. 0. 0. 0. 0. 0. 0. 0. 0. 0. 0. 0. 0. 0. 1. 0. 1. 0. 0. 0.],3.0,best,10000,100000,100,0.9,0.5,0.9,0.5,0.9,5,0.64,1,3,,problem_solving,10
5700,-0.001261120530957025,0.022793,0.005062389251041643,0.728,0.643779556755206,-2.6385659188759596,[0.         0.         0.         0.         0.97587374 0.         0.         0.         0.         0.         0.         0.         0.         0.         0.         0.         0.         0.         0.         0.         0.         0.         0.         0.         0.         0.01206313 0.         0.01206313 0.         0.         0.        ],[0. 0. 0. 0. 1. 0. 0. 0. 0. 0. 0. 0. 0. 0. 0. 0. 0. 0. 0. 0. 0. 0. 0. 0. 0. 1. 0. 1. 0. 0. 0.],3.0,best,10000,100000,100,0.9,0.5,0.9,0.5,0.9,5,0.64,1,3,,problem_solving,10
5800,-0.001261120530957025,0.022793,0.005062389251041643,0.732,0.6400066056836028,5.005427234728842,[0.         0.         0.         0.         0.97587374 0.         0.         0.         0.         0.         0.         0.         0.         0.         0.         0.         0.         0.         0.         0.         0.         0.         0.         0.         0.         0.01206313 0.         0.01206313 0.         0.         0.        ],[0. 0. 0. 0. 1. 0. 0. 0. 0. 0. 0. 0. 0. 0. 0. 0. 0. 0. 0. 0. 0. 0. 0. 0. 0. 1. 0. 1. 0. 0. 0.],3.0,best,10000,100000,100,0.9,0.5,0.9,0.5,0.9,5,0.64,1,3,,problem_solving,10
5900,-0.001261120530957025,0.022793,0.005062389251041643,0.736,0.6362557664663436,0.31205161713973906,[0.         0.         0.         0.         0.97587374 0.         0.         0.         0.         0.         0.         0.         0.         0.         0.         0.         0.         0.         0.         0.         0.         0.         0.         0.         0.         0.01206313 0.         0.01206313 0.         0.         0.        ],[0. 0. 0. 0. 1. 0. 0. 0. 0. 0. 0. 0. 0. 0. 0. 0. 0. 0. 0. 0. 0. 0. 0. 0. 0. 1. 0. 1. 0. 0. 0.],3.0,best,10000,100000,100,0.9,0.5,0.9,0.5,0.9,5,0.64,1,3,,problem_solving,10
6000,-0.001261120530957025,0.022793,0.005062389251041643,0.74,0.6325269095141249,-5.336235158447852,[0.         0.         0.         0.         0.97587374 0.         0.         0.         0.         0.         0.         0.         0.         0.         0.         0.         0.         0.         0.         0.         0.         0.         0.         0.         0.         0.01206313 0.         0.01206313 0.         0.         0.        ],[0. 0. 0. 0. 1. 0. 0. 0. 0. 0. 0. 0. 0. 0. 0. 0. 0. 0. 0. 0. 0. 0. 0. 0. 0. 1. 0. 1. 0. 0. 0.],3.0,best,10000,100000,100,0.9,0.5,0.9,0.5,0.9,5,0.64,1,3,,problem_solving,10
6100,-0.001261120530957025,0.022793,0.005062389251041643,0.744,0.6288199059971172,-1.6229538400658292,[0.         0.         0.         0.         0.97587374 0.         0.         0.         0.         0.         0.         0.         0.         0.         0.         0.         0.         0.         0.         0.         0.         0.         0.         0.         0.         0.01206313 0.         0.01206313 0.         0.         0.        ],[0. 0. 0. 0. 1. 0. 0. 0. 0. 0. 0. 0. 0. 0. 0. 0. 0. 0. 0. 0. 0. 0. 0. 0. 0. 1. 0. 1. 0. 0. 0.],3.0,best,10000,100000,100,0.9,0.5,0.9,0.5,0.9,5,0.64,1,3,,problem_solving,10
6200,-0.001261120530957025,0.022793,0.005062389251041643,0.748,0.6251346278405147,3.7157862797088175,[0.         0.         0.         0.         0.97587374 0.         0.         0.         0.         0.         0.         0.         0.         0.         0.         0.         0.         0.         0.         0.         0.         0.         0.         0.         0.         0.01206313 0.         0.01206313 0.         0.         0.        ],[0. 0. 0. 0. 1. 0. 0. 0. 0. 0. 0. 0. 0. 0. 0. 0. 0. 0. 0. 0. 0. 0. 0. 0. 0. 1. 0. 1. 0. 0. 0.],3.0,best,10000,100000,100,0.9,0.5,0.9,0.5,0.9,5,0.64,1,3,,problem_solving,10
6300,-0.001261120530957025,0.022793,0.005062389251041643,0.752,0.6214709477201097,0.3659673250263356,[0.         0.         0.         0.         0.97587374 0.         0.         0.         0.         0.         0.         0.         0.         0.         0.         0.         0.         0.         0.         0.         0.         0.         0.         0.         0.         0.01206313 0.         0.01206313 0.         0.         0.        ],[0. 0. 0. 0. 1. 0. 0. 0. 0. 0. 0. 0. 0. 0. 0. 0. 0. 0. 0. 0. 0. 0. 0. 0. 0. 1. 0. 1. 0. 0. 0.],3.0,best,10000,100000,100,0.9,0.5,0.9,0.5,0.9,5,0.64,1,3,,problem_solving,10
6400,-0.001261120530957025,0.022793,0.005062389251041643,0.756,0.6178287390578946,-3.158514912986354,[0.         0.         0.         0.         0.97587374 0.         0.         0.         0.         0.         0.         0.         0.         0.         0.         0.         0.         0.         0.         0.         0.         0.         0.         0.         0.         0.01206313 0.         0.01206313 0.         0.         0.        ],[0. 0. 0. 0. 1. 0. 0. 0. 0. 0. 0. 0. 0. 0. 0. 0. 0. 0. 0. 0. 0. 0. 0. 0. 0. 1. 0. 1. 0. 0. 0.],3.0,best,10000,100000,100,0.9,0.5,0.9,0.5,0.9,5,0.64,1,3,,problem_solving,10
6500,-0.001261120530957025,0.022793,0.005062389251041643,0.76,0.6142078760176876,1.2761927154776789,[0.         0.         0.         0.         0.97587374 0.         0.         0.         0.         0.         0.         0.         0.         0.         0.         0.         0.         0.         0.         0.         0.         0.         0.         0.         0.         0.01206313 0.         0.01206313 0.         0.         0.        ],[0. 0. 0. 0. 1. 0. 0. 0. 0. 0. 0. 0. 0. 0. 0. 0. 0. 0. 0. 0. 0. 0. 0. 0. 0. 1. 0. 1. 0. 0. 0.],3.0,best,10000,100000,100,0.9,0.5,0.9,0.5,0.9,5,0.64,1,3,,problem_solving,10
6600,-0.001261120530957025,0.022793,0.005062389251041643,0.764,0.6106082335007861,-1.107389940279061,[0.         0.         0.         0.         0.97587374 0.         0.         0.         0.         0.         0.         0.         0.         0.         0.         0.         0.         0.         0.         0.         0.         0.         0.         0.         0.         0.01206313 0.         0.01206313 0.         0.         0.        ],[0. 0. 0. 0. 1. 0. 0. 0. 0. 0. 0. 0. 0. 0. 0. 0. 0. 0. 0. 0. 0. 0. 0. 0. 0. 1. 0. 1. 0. 0. 0.],3.0,best,10000,100000,100,0.9,0.5,0.9,0.5,0.9,5,0.64,1,3,,problem_solving,10
6700,-0.001261120530957025,0.022793,0.005062389251041643,0.768,0.6070296871416437,-3.531808963022901,[0.         0.         0.         0.         0.97587374 0.         0.         0.         0.         0.         0.         0.         0.         0.         0.         0.         0.         0.         0.         0.         0.         0.         0.         0.         0.         0.01206313 0.         0.01206313 0.         0.         0.        ],[0. 0. 0. 0. 1. 0. 0. 0. 0. 0. 0. 0. 0. 0. 0. 0. 0. 0. 0. 0. 0. 0. 0. 0. 0. 1. 0. 1. 0. 0. 0.],3.0,best,10000,100000,100,0.9,0.5,0.9,0.5,0.9,5,0.64,1,3,,problem_solving,10
6800,-0.001261120530957025,0.022793,0.005062389251041643,0.772,0.6034721133035746,-0.27140459229665415,[0.         0.         0.         0.         0.97587374 0.         0.         0.         0.         0.         0.         0.         0.         0.         0.         0.         0.         0.         0.         0.         0.         0.         0.         0.         0.         0.01206313 0.         0.01206313 0.         0.         0.        ],[0. 0. 0. 0. 1. 0. 0. 0. 0. 0. 0. 0. 0. 0. 0. 0. 0. 0. 0. 0. 0. 0. 0. 0. 0. 1. 0. 1. 0. 0. 0.],3.0,best,10000,100000,100,0.9,0.5,0.9,0.5,0.9,5,0.64,1,3,,problem_solving,10
6900,-0.001261120530957025,0.022793,0.005062389251041643,0.776,0.5999353890744809,-6.00339447985506,[0.         0.         0.         0.         0.97587374 0.         0.         0.         0.         0.         0.         0.         0.         0.         0.         0.         0.         0.         0.         0.         0.         0.         0.         0.         0.         0.01206313 0.         0.01206313 0.         0.         0.        ],[0. 0. 0. 0. 1. 0. 0. 0. 0. 0. 0. 0. 0. 0. 0. 0. 0. 0. 0. 0. 0. 0. 0. 0. 0. 1. 0. 1. 0. 0. 0.],3.0,best,10000,100000,100,0.9,0.5,0.9,0.5,0.9,5,0.64,1,3,,problem_solving,10
7000,-0.001261120530957025,0.022793,0.005062389251041643,0.78,0.5964193922626064,-0.15196911716452924,[0.         0.         0.         0.         0.97587374 0.         0.         0.         0.         0.         0.         0.         0.         0.         0.         0.         0.         0.         0.         0.         0.         0.         0.         0.         0.         0.01206313 0.         0.01206313 0.         0.         0.        ],[0. 0. 0. 0. 1. 0. 0. 0. 0. 0. 0. 0. 0. 0. 0. 0. 0. 0. 0. 0. 0. 0. 0. 0. 0. 1. 0. 1. 0. 0. 0.],3.0,best,10000,100000,100,0.9,0.5,0.9,0.5,0.9,5,0.64,1,3,,problem_solving,10
7100,-0.001261120530957025,0.022793,0.005062389251041643,0.784,0.5929240013923155,1.6309987247138042,[0.         0.         0.         0.         0.97587374 0.         0.         0.         0.         0.         0.         0.         0.         0.         0.         0.         0.         0.         0.         0.         0.         0.         0.         0.         0.         0.01206313 0.         0.01206313 0.         0.         0.        ],[0. 0. 0. 0. 1. 0. 0. 0. 0. 0. 0. 0. 0. 0. 0. 0. 0. 0. 0. 0. 0. 0. 0. 0. 0. 1. 0. 1. 0. 0. 0.],3.0,best,10000,100000,100,0.9,0.5,0.9,0.5,0.9,5,0.64,1,3,,problem_solving,10
7200,-0.001261120530957025,0.022793,0.005062389251041643,0.788,0.5894490956998952,0.34004327583642663,[0.         0.         0.         0.         0.97587374 0.         0.         0.         0.         0.         0.         0.         0.         0.         0.         0.         0.         0.         0.         0.         0.         0.         0.         0.         0.         0.01206313 0.         0.01206313 0.         0.         0.        ],[0. 0. 0. 0. 1. 0. 0. 0. 0. 0. 0. 0. 0. 0. 0. 0. 0. 0. 0. 0. 0. 0. 0. 0. 0. 1. 0. 1. 0. 0. 0.],3.0,best,10000,100000,100,0.9,0.5,0.9,0.5,0.9,5,0.64,1,3,,problem_solving,10
7300,-0.001261120530957025,0.022793,0.005062389251041643,0.792,0.5859945551293843,0.8587304033232442,[0.         0.         0.         0.         0.97587374 0.         0.         0.         0.         0.         0.         0.         0.         0.         0.         0.         0.         0.         0.         0.         0.         0.         0.         0.         0.         0.01206313 0.         0.01206313 0.         0.         0.        ],[0. 0. 0. 0. 1. 0. 0. 0. 0. 0. 0. 0. 0. 0. 0. 0. 0. 0. 0. 0. 0. 0. 0. 0. 0. 1. 0. 1. 0. 0. 0.],3.0,best,10000,100000,100,0.9,0.5,0.9,0.5,0.9,5,0.64,1,3,,problem_solving,10
7400,-0.001261120530957025,0.022793,0.005062389251041643,0.796,0.5825602603284237,-2.0682519696637445,[0.         0.         0.         0.         0.97587374 0.         0.         0.         0.         0.         0.         0.         0.         0.         0.         0.         0.         0.         0.         0.         0.         0.         0.         0.         0.         0.01206313 0.         0.01206313 0.         0.         0.        ],[0. 0. 0. 0. 1. 0. 0. 0. 0. 0. 0. 0. 0. 0. 0. 0. 0. 0. 0. 0. 0. 0. 0. 0. 0. 1. 0. 1. 0. 0. 0.],3.0,best,10000,100000,100,0.9,0.5,0.9,0.5,0.9,5,0.64,1,3,,problem_solving,10
7500,-0.001261120530957025,0.022793,0.005062389251041643,0.8,0.5791460926441345,-0.8613112921674811,[0.         0.         0.         0.         0.97587374 0.         0.         0.         0.         0.         0.         0.         0.         0.         0.         0.         0.         0.         0.         0.         0.         0.         0.         0.         0.         0.01206313 0.         0.01206313 0.         0.         0.        ],[0. 0. 0. 0. 1. 0. 0. 0. 0. 0. 0. 0. 0. 0. 0. 0. 0. 0. 0. 0. 0. 0. 0. 0. 0. 1. 0. 1. 0. 0. 0.],3.0,best,10000,100000,100,0.9,0.5,0.9,0.5,0.9,5,0.64,1,3,,problem_solving,10
7600,-0.001261120530957025,0.022793,0.005062389251041643,0.804,0.5757519341190179,0.7591403660263406,[0.         0.         0.         0.         0.97587374 0.         0.         0.         0.         0.         0.         0.         0.         0.         0.         0.         0.         0.         0.         0.         0.         0.         0.         0.         0.         0.01206313 0.         0.01206313 0.         0.         0.        ],[0. 0. 0. 0. 1. 0. 0. 0. 0. 0. 0. 0. 0. 0. 0. 0. 0. 0. 0. 0. 0. 0. 0. 0. 0. 1. 0. 1. 0. 0. 0.],3.0,best,10000,100000,100,0.9,0.5,0.9,0.5,0.9,5,0.64,1,3,,problem_solving,10
7700,-0.001261120530957025,0.022793,0.005062389251041643,0.808,0.5723776674868795,0.39878591533925273,[0.         0.         0.         0.         0.97587374 0.         0.         0.         0.         0.         0.         0.         0.         0.         0.         0.         0.         0.         0.         0.         0.         0.         0.         0.         0.         0.01206313 0.         0.01206313 0.         0.         0.        ],[0. 0. 0. 0. 1. 0. 0. 0. 0. 0. 0. 0. 0. 0. 0. 0. 0. 0. 0. 0. 0. 0. 0. 0. 0. 1. 0. 1. 0. 0. 0.],3.0,best,10000,100000,100,0.9,0.5,0.9,0.5,0.9,5,0.64,1,3,,problem_solving,10
7800,-0.001261120530957025,0.022793,0.005062389251041643,0.812,0.5690231761687783,2.062284630617896,[0.         0.         0.         0.         0.97587374 0.         0.         0.         0.         0.         0.         0.         0.         0.         0.         0.         0.         0.         0.         0.         0.         0.         0.         0.         0.         0.01206313 0.         0.01206313 0.         0.         0.        ],[0. 0. 0. 0. 1. 0. 0. 0. 0. 0. 0. 0. 0. 0. 0. 0. 0. 0. 0. 0. 0. 0. 0. 0. 0. 1. 0. 1. 0. 0. 0.],3.0,best,10000,100000,100,0.9,0.5,0.9,0.5,0.9,5,0.64,1,3,,problem_solving,10
7900,-0.001261120530957025,0.022793,0.005062389251041643,0.8160000000000001,0.5656883442689989,-0.29491199556839576,[0.         0.         0.         0.         0.97587374 0.         0.         0.         0.         0.         0.         0.         0.         0.         0.         0.         0.         0.         0.         0.         0.         0.         0.         0.         0.         0.01206313 0.         0.01206313 0.         0.         0.        ],[0. 0. 0. 0. 1. 0. 0. 0. 0. 0. 0. 0. 0. 0. 0. 0. 0. 0. 0. 0. 0. 0. 0. 0. 0. 1. 0. 1. 0. 0. 0.],3.0,best,10000,100000,100,0.9,0.5,0.9,0.5,0.9,5,0.64,1,3,,problem_solving,10
8000,-0.001261120530957025,0.022793,0.005062389251041643,0.8200000000000001,0.5623730565710474,0.19544780124899602,[0.         0.         0.         0.         0.97587374 0.         0.         0.         0.         0.         0.         0.         0.         0.         0.         0.         0.         0.         0.         0.         0.         0.         0.         0.         0.         0.01206313 0.         0.01206313 0.         0.         0.        ],[0. 0. 0. 0. 1. 0. 0. 0. 0. 0. 0. 0. 0. 0. 0. 0. 0. 0. 0. 0. 0. 0. 0. 0. 0. 1. 0. 1. 0. 0. 0.],3.0,best,10000,100000,100,0.9,0.5,0.9,0.5,0.9,5,0.64,1,3,,problem_solving,10
8100,-0.001261120530957025,0.022793,0.005062389251041643,0.8240000000000001,0.5590771985336705,1.1933681953229214,[0.         0.         0.         0.         0.97587374 0.         0.         0.         0.         0.         0.         0.         0.         0.         0.         0.         0.         0.         0.         0.         0.         0.         0.         0.         0.         0.01206313 0.         0.01206313 0.         0.         0.        ],[0. 0. 0. 0. 1. 0. 0. 0. 0. 0. 0. 0. 0. 0. 0. 0. 0. 0. 0. 0. 0. 0. 0. 0. 0. 1. 0. 1. 0. 0. 0.],3.0,best,10000,100000,100,0.9,0.5,0.9,0.5,0.9,5,0.64,1,3,,problem_solving,10
8200,-0.001261120530957025,0.022793,0.005062389251041643,0.8280000000000001,0.5558006562868987,0.8962948492997231,[0.         0.         0.         0.         0.97587374 0.         0.         0.         0.         0.         0.         0.         0.         0.         0.         0.         0.         0.         0.         0.         0.         0.         0.         0.         0.         0.01206313 0.         0.01206313 0.         0.         0.        ],[0. 0. 0. 0. 1. 0. 0. 0. 0. 0. 0. 0. 0. 0. 0. 0. 0. 0. 0. 0. 0. 0. 0. 0. 0. 1. 0. 1. 0. 0. 0.],3.0,best,10000,100000,100,0.9,0.5,0.9,0.5,0.9,5,0.64,1,3,,problem_solving,10
8300,-0.001261120530957025,0.022793,0.005062389251041643,0.8320000000000001,0.5525433166281111,5.823147162520744,[0.         0.         0.         0.         0.97587374 0.         0.         0.         0.         0.         0.         0.         0.         0.         0.         0.         0.         0.         0.         0.         0.         0.         0.         0.         0.         0.01206313 0.         0.01206313 0.         0.         0.        ],[0. 0. 0. 0. 1. 0. 0. 0. 0. 0. 0. 0. 0. 0. 0. 0. 0. 0. 0. 0. 0. 0. 0. 0. 0. 1. 0. 1. 0. 0. 0.],3.0,best,10000,100000,100,0.9,0.5,0.9,0.5,0.9,5,0.64,1,3,,problem_solving,10
8400,-0.001261120530957025,0.022793,0.005062389251041643,0.8360000000000001,0.5493050670181255,-1.9654550543706077,[0.         0.         0.         0.         0.97587374 0.         0.         0.         0.         0.         0.         0.         0.         0.         0.         0.         0.         0.         0.         0.         0.         0.         0.         0.         0.         0.01206313 0.         0.01206313 0.         0.         0.        ],[0. 0. 0. 0. 1. 0. 0. 0. 0. 0. 0. 0. 0. 0. 0. 0. 0. 0. 0. 0. 0. 0. 0. 0. 0. 1. 0. 1. 0. 0. 0.],3.0,best,10000,100000,100,0.9,0.5,0.9,0.5,0.9,5,0.64,1,3,,problem_solving,10
8500,-0.001261120530957025,0.022793,0.005062389251041643,0.8400000000000001,0.5460857955773097,3.6278003923478876,[0.         0.         0.         0.         0.97587374 0.         0.         0.         0.         0.         0.         0.         0.         0.         0.         0.         0.         0.         0.         0.         0.         0.         0.         0.         0.         0.01206313 0.         0.01206313 0.         0.         0.        ],[0. 0. 0. 0. 1. 0. 0. 0. 0. 0. 0. 0. 0. 0. 0. 0. 0. 0. 0. 0. 0. 0. 0. 0. 0. 1. 0. 1. 0. 0. 0.],3.0,best,10000,100000,100,0.9,0.5,0.9,0.5,0.9,5,0.64,1,3,,problem_solving,10
8600,-0.001261120530957025,0.022793,0.005062389251041643,0.8440000000000001,0.542885391081716,-1.481913585741087,[0.         0.         0.         0.         0.97587374 0.         0.         0.         0.         0.         0.         0.         0.         0.         0.         0.         0.         0.         0.         0.         0.         0.         0.         0.         0.         0.01206313 0.         0.01206313 0.         0.         0.        ],[0. 0. 0. 0. 1. 0. 0. 0. 0. 0. 0. 0. 0. 0. 0. 0. 0. 0. 0. 0. 0. 0. 0. 0. 0. 1. 0. 1. 0. 0. 0.],3.0,best,10000,100000,100,0.9,0.5,0.9,0.5,0.9,5,0.64,1,3,,problem_solving,10
8700,-0.001261120530957025,0.022793,0.005062389251041643,0.8480000000000001,0.5397037429592386,5.468813310170493,[0.         0.         0.         0.         0.97587374 0.         0.         0.         0.         0.         0.         0.         0.         0.         0.         0.         0.         0.         0.         0.         0.         0.         0.         0.         0.         0.01206313 0.         0.01206313 0.         0.         0.        ],[0. 0. 0. 0. 1. 0. 0. 0. 0. 0. 0. 0. 0. 0. 0. 0. 0. 0. 0. 0. 0. 0. 0. 0. 0. 1. 0. 1. 0. 0. 0.],3.0,best,10000,100000,100,0.9,0.5,0.9,0.5,0.9,5,0.64,1,3,,problem_solving,10
8800,-0.001261120530957025,0.022793,0.005062389251041643,0.8520000000000001,0.5365407412857937,1.1349130108944019,[0.         0.         0.         0.         0.97587374 0.         0.         0.         0.         0.         0.         0.         0.         0.         0.         0.         0.         0.         0.         0.         0.         0.         0.         0.         0.         0.01206313 0.         0.01206313 0.         0.         0.        ],[0. 0. 0. 0. 1. 0. 0. 0. 0. 0. 0. 0. 0. 0. 0. 0. 0. 0. 0. 0. 0. 0. 0. 0. 0. 1. 0. 1. 0. 0. 0.],3.0,best,10000,100000,100,0.9,0.5,0.9,0.5,0.9,5,0.64,1,3,,problem_solving,10
8900,-0.0013752587849089198,0.018941,0.009886142406361879,0.8560000000000001,0.5333962767815211,-1.0939274999952018,[0.         0.         0.         0.         0.97693099 0.         0.         0.         0.         0.         0.         0.         0.         0.         0.         0.         0.         0.         0.         0.         0.         0.         0.         0.         0.         0.01153451 0.         0.01153451 0.         0.         0.        ],[0. 0. 0. 0. 1. 0. 0. 0. 0. 0. 0. 0. 0. 0. 0. 0. 0. 0. 0. 0. 0. 0. 0. 0. 0. 1. 0. 1. 0. 0. 0.],3.0,best,10000,100000,100,0.9,0.5,0.9,0.5,0.9,5,0.64,1,3,,problem_solving,10
9000,-0.0013752587849089198,0.018941,0.009886142406361879,0.8600000000000001,0.5302702408070095,1.3657981637164143,[0.         0.         0.         0.         0.97693099 0.         0.         0.         0.         0.         0.         0.         0.         0.         0.         0.         0.         0.         0.         0.         0.         0.         0.         0.         0.         0.01153451 0.         0.01153451 0.         0.         0.        ],[0. 0. 0. 0. 1. 0. 0. 0. 0. 0. 0. 0. 0. 0. 0. 0. 0. 0. 0. 0. 0. 0. 0. 0. 0. 1. 0. 1. 0. 0. 0.],3.0,best,10000,100000,100,0.9,0.5,0.9,0.5,0.9,5,0.64,1,3,,problem_solving,10
9100,-0.0013752587849089198,0.018941,0.009886142406361879,0.8640000000000001,0.5271625253595416,3.144501307774405,[0.         0.         0.         0.         0.97693099 0.         0.         0.         0.         0.         0.         0.         0.         0.         0.         0.         0.         0.         0.         0.         0.         0.         0.         0.         0.         0.01153451 0.         0.01153451 0.         0.         0.        ],[0. 0. 0. 0. 1. 0. 0. 0. 0. 0. 0. 0. 0. 0. 0. 0. 0. 0. 0. 0. 0. 0. 0. 0. 0. 1. 0. 1. 0. 0. 0.],3.0,best,10000,100000,100,0.9,0.5,0.9,0.5,0.9,5,0.64,1,3,,problem_solving,10
9200,-0.0013752587849089198,0.018941,0.009886142406361879,0.8680000000000001,0.5240730230693647,0.35559588578982837,[0.         0.         0.         0.         0.97693099 0.         0.         0.         0.         0.         0.         0.         0.         0.         0.         0.         0.         0.         0.         0.         0.         0.         0.         0.         0.         0.01153451 0.         0.01153451 0.         0.         0.        ],[0. 0. 0. 0. 1. 0. 0. 0. 0. 0. 0. 0. 0. 0. 0. 0. 0. 0. 0. 0. 0. 0. 0. 0. 0. 1. 0. 1. 0. 0. 0.],3.0,best,10000,100000,100,0.9,0.5,0.9,0.5,0.9,5,0.64,1,3,,problem_solving,10
9300,-0.0013752587849089198,0.018941,0.009886142406361879,0.8720000000000001,0.5210016271959791,2.1295144244277093,[0.         0.         0.         0.         0.97693099 0.         0.         0.         0.         0.         0.         0.         0.         0.         0.         0.         0.         0.         0.         0.         0.         0.         0.         0.         0.         0.01153451 0.         0.01153451 0.         0.         0.        ],[0. 0. 0. 0. 1. 0. 0. 0. 0. 0. 0. 0. 0. 0. 0. 0. 0. 0. 0. 0. 0. 0. 0. 0. 0. 1. 0. 1. 0. 0. 0.],3.0,best,10000,100000,100,0.9,0.5,0.9,0.5,0.9,5,0.64,1,3,,problem_solving,10
9400,-0.0013752587849089198,0.018941,0.009886142406361879,0.8760000000000001,0.5179482316244518,-4.497460681966037,[0.         0.         0.         0.         0.97693099 0.         0.         0.         0.         0.         0.         0.         0.         0.         0.         0.         0.         0.         0.         0.         0.         0.         0.         0.         0.         0.01153451 0.         0.01153451 0.         0.         0.        ],[0. 0. 0. 0. 1. 0. 0. 0. 0. 0. 0. 0. 0. 0. 0. 0. 0. 0. 0. 0. 0. 0. 0. 0. 0. 1. 0. 1. 0. 0. 0.],3.0,best,10000,100000,100,0.9,0.5,0.9,0.5,0.9,5,0.64,1,3,,problem_solving,10
9500,-0.0013752587849089198,0.018941,0.009886142406361879,0.88,0.5149127308617497,-1.0087729416788433,[0.         0.         0.         0.         0.97693099 0.         0.         0.         0.         0.         0.         0.         0.         0.         0.         0.         0.         0.         0.         0.         0.         0.         0.         0.         0.         0.01153451 0.         0.01153451 0.         0.         0.        ],[0. 0. 0. 0. 1. 0. 0. 0. 0. 0. 0. 0. 0. 0. 0. 0. 0. 0. 0. 0. 0. 0. 0. 0. 0. 1. 0. 1. 0. 0. 0.],3.0,best,10000,100000,100,0.9,0.5,0.9,0.5,0.9,5,0.64,1,3,,problem_solving,10
9600,-0.0013752587849089198,0.018941,0.009886142406361879,0.884,0.5118950200330946,1.9019343318610735,[0.         0.         0.         0.         0.97693099 0.         0.         0.         0.         0.         0.         0.         0.         0.         0.         0.         0.         0.         0.         0.         0.         0.         0.         0.         0.         0.01153451 0.         0.01153451 0.         0.         0.        ],[0. 0. 0. 0. 1. 0. 0. 0. 0. 0. 0. 0. 0. 0. 0. 0. 0. 0. 0. 0. 0. 0. 0. 0. 0. 1. 0. 1. 0. 0. 0.],3.0,best,10000,100000,100,0.9,0.5,0.9,0.5,0.9,5,0.64,1,3,,problem_solving,10
9700,-0.0013752587849089198,0.018941,0.009886142406361879,0.888,0.5088949948783402,0.5501442041111263,[0.         0.         0.         0.         0.97693099 0.         0.         0.         0.         0.         0.         0.         0.         0.         0.         0.         0.         0.         0.         0.         0.         0.         0.         0.         0.         0.01153451 0.         0.01153451 0.         0.         0.        ],[0. 0. 0. 0. 1. 0. 0. 0. 0. 0. 0. 0. 0. 0. 0. 0. 0. 0. 0. 0. 0. 0. 0. 0. 0. 1. 0. 1. 0. 0. 0.],3.0,best,10000,100000,100,0.9,0.5,0.9,0.5,0.9,5,0.64,1,3,,problem_solving,10
9800,-0.0013752587849089198,0.018941,0.009886142406361879,0.892,0.5059125517483702,-0.1987042456096391,[0.         0.         0.         0.         0.97693099 0.         0.         0.         0.         0.         0.         0.         0.         0.         0.         0.         0.         0.         0.         0.         0.         0.         0.         0.         0.         0.01153451 0.         0.01153451 0.         0.         0.        ],[0. 0. 0. 0. 1. 0. 0. 0. 0. 0. 0. 0. 0. 0. 0. 0. 0. 0. 0. 0. 0. 0. 0. 0. 0. 1. 0. 1. 0. 0. 0.],3.0,best,10000,100000,100,0.9,0.5,0.9,0.5,0.9,5,0.64,1,3,,problem_solving,10
9900,-0.0013752587849089198,0.018941,0.009886142406361879,0.896,0.5029475876015165,1.1302775723989489,[0.         0.         0.         0.         0.97693099 0.         0.         0.         0.         0.         0.         0.         0.         0.         0.         0.         0.         0.         0.         0.         0.         0.         0.         0.         0.         0.01153451 0.         0.01153451 0.         0.         0.        ],[0. 0. 0. 0. 1. 0. 0. 0. 0. 0. 0. 0. 0. 0. 0. 0. 0. 0. 0. 0. 0. 0. 0. 0. 0. 1. 0. 1. 0. 0. 0.],3.0,best,10000,100000,100,0.9,0.5,0.9,0.5,0.9,5,0.64,1,3,,problem_solving,10
9999,-0.0013752587849089198,0.018941,0.009886142406361879,0.8999600000000001,0.500029390196995,-0.30068525227265214,[0.         0.         0.         0.         0.97693099 0.         0.         0.         0.         0.         0.         0.         0.         0.         0.         0.         0.         0.         0.         0.         0.         0.         0.         0.         0.         0.01153451 0.         0.01153451 0.         0.         0.        ],[0. 0. 0. 0. 1. 0. 0. 0. 0. 0. 0. 0. 0. 0. 0. 0. 0. 0. 0. 0. 0. 0. 0. 0. 0. 1. 0. 1. 0. 0. 0.],3.0,best,10000,100000,100,0.9,0.5,0.9,0.5,0.9,5,0.64,1,3,,problem_solving,10
