iter,cost,risk,return,par,bw,move,X,Z,Q,pop_init,max_iter,pop_size,mem_size,mem_consider,par_min,par_max,bw_min,bw_max,sigma,lambda,port_n,k,seed,tag,local_search
1,0.066484,0.149575,0.004414044241807314,0.50004,0.8999471007548476,0.7047735318225441,[0.02285176 0.02318308 0.         0.         0.02724014 0.         0.         0.         0.         0.         0.01618953 0.         0.         0.0256084  0.         0.03033176 0.         0.         0.         0.         0.         0.         0.0349236  0.         0.         0.01524197 0.         0.78211112 0.02231864 0.         0.        ],[1. 1. 0. 0. 1. 0. 0. 0. 0. 0. 1. 0. 0. 1. 0. 1. 0. 0. 0. 0. 0. 0. 1. 0. 0. 1. 0. 1. 1. 0. 0.],10.0,best,10000,100000,100,0.9,0.5,0.9,0.5,0.9,1,1.0,1,10,,problem_solving,10
100,0.050103,0.14815,0.002744475921731883,0.504,0.894725436791504,-0.38808590668279397,[0.         0.         0.         0.         0.01543547 0.         0.         0.01383834 0.         0.         0.         0.01196488 0.         0.         0.         0.         0.01196488 0.02437588 0.01196488 0.         0.01196488 0.         0.         0.         0.         0.02858017 0.         0.01196488 0.         0.         0.85794575],[0. 0. 0. 0. 1. 0. 0. 1. 0. 0. 0. 1. 0. 0. 0. 0. 1. 1. 1. 0. 1. 0. 0. 0. 0. 1. 0. 1. 0. 0. 1.],10.0,best,10000,100000,100,0.9,0.5,0.9,0.5,0.9,1,1.0,1,10,,problem_solving,10
200,0.050103,0.14815,0.002744475921731883,0.508,0.8894817858241639,-0.8438085726152142,[0.         0.         0.         0.         0.01543547 0.         0.         0.01383834 0.         0.         0.         0.01196488 0.         0.         0.         0.         0.01196488 0.02437588 0.01196488 0.         0.01196488 0.         0.         0.         0.         0.02858017 0.         0.01196488 0.         0.         0.85794575],[0. 0. 0. 0. 1. 0. 0. 1. 0. 0. 0. 1. 0. 0. 0. 0. 1. 1. 1. 0. 1. 0. 0. 0. 0. 1. 0. 1. 0. 0. 1.],10.0,best,10000,100000,100,0.9,0.5,0.9,0.5,0.9,1,1.0,1,10,,problem_solving,10
300,0.049666,0.145003,0.003953421152853501,0.512,0.8842688659329022,0.695165919498484,[0.         0.01310123 0.         0.         0.01412409 0.         0.01683045 0.01475647 0.         0.         0.         0.         0.01310123 0.         0.         0.         0.         0.0355606  0.         0.01310123 0.         0.         0.         0.03687595 0.         0.04225697 0.         0.80029178 0.         0.         0.        ],[0. 1. 0. 0. 1. 0. 1. 1. 0. 0. 0. 0. 1. 0. 0. 0. 0. 1. 0. 1. 0. 0. 0. 1. 0. 1. 0. 1. 0. 0. 0.],10.0,best,10000,100000,100,0.9,0.5,0.9,0.5,0.9,1,1.0,1,10,,problem_solving,10
400,0.049666,0.145003,0.003953421152853501,0.516,0.879086497014382,-0.5437166357256313,[0.         0.01310123 0.         0.         0.01412409 0.         0.01683045 0.01475647 0.         0.         0.         0.         0.01310123 0.         0.         0.         0.         0.0355606  0.         0.01310123 0.         0.         0.         0.03687595 0.         0.04225697 0.         0.80029178 0.         0.         0.        ],[0. 1. 0. 0. 1. 0. 1. 1. 0. 0. 0. 0. 1. 0. 0. 0. 0. 1. 0. 1. 0. 0. 0. 1. 0. 1. 0. 1. 0. 0. 0.],10.0,best,10000,100000,100,0.9,0.5,0.9,0.5,0.9,1,1.0,1,10,,problem_solving,10
500,0.049666,0.145003,0.003953421152853501,0.52,0.8739345000207845,-0.6653884582819649,[0.         0.01310123 0.         0.         0.01412409 0.         0.01683045 0.01475647 0.         0.         0.         0.         0.01310123 0.         0.         0.         0.         0.0355606  0.         0.01310123 0.         0.         0.         0.03687595 0.         0.04225697 0.         0.80029178 0.         0.         0.        ],[0. 1. 0. 0. 1. 0. 1. 1. 0. 0. 0. 0. 1. 0. 0. 0. 0. 1. 0. 1. 0. 0. 0. 1. 0. 1. 0. 1. 0. 0. 0.],10.0,best,10000,100000,100,0.9,0.5,0.9,0.5,0.9,1,1.0,1,10,,problem_solving,10
600,0.049666,0.145003,0.003953421152853501,0.524,0.8688126969536234,-1.3866934943215505,[0.         0.01310123 0.         0.         0.01412409 0.         0.01683045 0.01475647 0.         0.         0.         0.         0.01310123 0.         0.         0.         0.         0.0355606  0.         0.01310123 0.         0.         0.         0.03687595 0.         0.04225697 0.         0.80029178 0.         0.         0.        ],[0. 1. 0. 0. 1. 0. 1. 1. 0. 0. 0. 0. 1. 0. 0. 0. 0. 1. 0. 1. 0. 0. 0. 1. 0. 1. 0. 1. 0. 0. 0.],10.0,best,10000,100000,100,0.9,0.5,0.9,0.5,0.9,1,1.0,1,10,,problem_solving,10
700,0.049666,0.145003,0.003953421152853501,0.528,0.8637209108575947,0.3889366266899009,[0.         0.01310123 0.         0.         0.01412409 0.         0.01683045 0.01475647 0.         0.         0.         0.         0.01310123 0.         0.         0.         0.         0.0355606  0.         0.01310123 0.         0.         0.         0.03687595 0.         0.04225697 0.         0.80029178 0.         0.         0.        ],[0. 1. 0. 0. 1. 0. 1. 1. 0. 0. 0. 0. 1. 0. 0. 0. 0. 1. 0. 1. 0. 0. 0. 1. 0. 1. 0. 1. 0. 0. 0.],10.0,best,10000,100000,100,0.9,0.5,0.9,0.5,0.9,1,1.0,1,10,,problem_solving,10
800,0.048308,0.144216,0.004772845325528052,0.532,0.8586589658144633,1.2469073870550411,[0.         0.         0.01719973 0.         0.02745857 0.         0.         0.         0.         0.01719973 0.02165427 0.         0.02506416 0.         0.02165427 0.         0.         0.         0.         0.         0.         0.         0.         0.         0.02165427 0.8046354  0.         0.02627989 0.01719973 0.         0.        ],[0. 0. 1. 0. 1. 0. 0. 0. 0. 1. 1. 0. 1. 0. 1. 0. 0. 0. 0. 0. 0. 0. 0. 0. 1. 1. 0. 1. 1. 0. 0.],10.0,best,10000,100000,100,0.9,0.5,0.9,0.5,0.9,1,1.0,1,10,,problem_solving,10
900,0.048308,0.144216,0.004772845325528052,0.536,0.8536266869369854,1.0171218191633622,[0.         0.         0.01719973 0.         0.02745857 0.         0.         0.         0.         0.01719973 0.02165427 0.         0.02506416 0.         0.02165427 0.         0.         0.         0.         0.         0.         0.         0.         0.         0.02165427 0.8046354  0.         0.02627989 0.01719973 0.         0.        ],[0. 0. 1. 0. 1. 0. 0. 0. 0. 1. 1. 0. 1. 0. 1. 0. 0. 0. 0. 0. 0. 0. 0. 0. 1. 1. 0. 1. 1. 0. 0.],10.0,best,10000,100000,100,0.9,0.5,0.9,0.5,0.9,1,1.0,1,10,,problem_solving,10
1000,0.048308,0.144216,0.004772845325528052,0.54,0.8486239003628652,0.23705092962387214,[0.         0.         0.01719973 0.         0.02745857 0.         0.         0.         0.         0.01719973 0.02165427 0.         0.02506416 0.         0.02165427 0.         0.         0.         0.         0.         0.         0.         0.         0.         0.02165427 0.8046354  0.         0.02627989 0.01719973 0.         0.        ],[0. 0. 1. 0. 1. 0. 0. 0. 0. 1. 1. 0. 1. 0. 1. 0. 0. 0. 0. 0. 0. 0. 0. 0. 1. 1. 0. 1. 1. 0. 0.],10.0,best,10000,100000,100,0.9,0.5,0.9,0.5,0.9,1,1.0,1,10,,problem_solving,10
1100,0.048308,0.144216,0.004772845325528052,0.544,0.8436504332487491,0.527171888633245,[0.         0.         0.01719973 0.         0.02745857 0.         0.         0.         0.         0.01719973 0.02165427 0.         0.02506416 0.         0.02165427 0.         0.         0.         0.         0.         0.         0.         0.         0.         0.02165427 0.8046354  0.         0.02627989 0.01719973 0.         0.        ],[0. 0. 1. 0. 1. 0. 0. 0. 0. 1. 1. 0. 1. 0. 1. 0. 0. 0. 0. 0. 0. 0. 0. 0. 1. 1. 0. 1. 1. 0. 0.],10.0,best,10000,100000,100,0.9,0.5,0.9,0.5,0.9,1,1.0,1,10,,problem_solving,10
1200,0.048308,0.144216,0.004772845325528052,0.548,0.838706113764254,0.2083922992989959,[0.         0.         0.01719973 0.         0.02745857 0.         0.         0.         0.         0.01719973 0.02165427 0.         0.02506416 0.         0.02165427 0.         0.         0.         0.         0.         0.         0.         0.         0.         0.02165427 0.8046354  0.         0.02627989 0.01719973 0.         0.        ],[0. 0. 1. 0. 1. 0. 0. 0. 0. 1. 1. 0. 1. 0. 1. 0. 0. 0. 0. 0. 0. 0. 0. 0. 1. 1. 0. 1. 1. 0. 0.],10.0,best,10000,100000,100,0.9,0.5,0.9,0.5,0.9,1,1.0,1,10,,problem_solving,10
1300,0.041226,0.144587,0.004543145096574481,0.552,0.83379077108603,-0.2109982504626262,[0.         0.         0.         0.         0.         0.01495948 0.         0.         0.         0.         0.         0.01495948 0.         0.         0.         0.         0.01495948 0.01495948 0.01495948 0.         0.         0.01953799 0.         0.01953799 0.         0.83750073 0.         0.03366643 0.01495948 0.         0.        ],[0. 0. 0. 0. 0. 1. 0. 0. 0. 0. 0. 1. 0. 0. 0. 0. 1. 1. 1. 0. 0. 1. 0. 1. 0. 1. 0. 1. 1. 0. 0.],10.0,best,10000,100000,100,0.9,0.5,0.9,0.5,0.9,1,1.0,1,10,,problem_solving,10
1400,0.041226,0.144587,0.004543145096574481,0.556,0.828904235391859,1.375881978926272,[0.         0.         0.         0.         0.         0.01495948 0.         0.         0.         0.         0.         0.01495948 0.         0.         0.         0.         0.01495948 0.01495948 0.01495948 0.         0.         0.01953799 0.         0.01953799 0.         0.83750073 0.         0.03366643 0.01495948 0.         0.        ],[0. 0. 0. 0. 0. 1. 0. 0. 0. 0. 0. 1. 0. 0. 0. 0. 1. 1. 1. 0. 0. 1. 0. 1. 0. 1. 0. 1. 1. 0. 0.],10.0,best,10000,100000,100,0.9,0.5,0.9,0.5,0.9,1,1.0,1,10,,problem_solving,10
1500,0.041226,0.144587,0.004543145096574481,0.56,0.8240463378547873,-0.5426748823105014,[0.         0.         0.         0.         0.         0.01495948 0.         0.         0.         0.         0.         0.01495948 0.         0.         0.         0.         0.01495948 0.01495948 0.01495948 0.         0.         0.01953799 0.         0.01953799 0.         0.83750073 0.         0.03366643 0.01495948 0.         0.        ],[0. 0. 0. 0. 0. 1. 0. 0. 0. 0. 0. 1. 0. 0. 0. 0. 1. 1. 1. 0. 0. 1. 0. 1. 0. 1. 0. 1. 1. 0. 0.],10.0,best,10000,100000,100,0.9,0.5,0.9,0.5,0.9,1,1.0,1,10,,problem_solving,10
1600,0.03837,0.147945,0.005115961534805416,0.5640000000000001,0.8192169106372932,0.0691990406347947,[0.         0.         0.         0.01824139 0.01543398 0.         0.         0.         0.         0.         0.         0.         0.         0.         0.         0.         0.01637542 0.01625392 0.         0.01379681 0.01379681 0.         0.01660865 0.         0.         0.02830147 0.         0.84739474 0.01379681 0.         0.        ],[0. 0. 0. 1. 1. 0. 0. 0. 0. 0. 0. 0. 0. 0. 0. 0. 1. 1. 0. 1. 1. 0. 1. 0. 0. 1. 0. 1. 1. 0. 0.],10.0,best,10000,100000,100,0.9,0.5,0.9,0.5,0.9,1,1.0,1,10,,problem_solving,10
1700,0.03837,0.147945,0.005115961534805416,0.5680000000000001,0.8144157868854872,0.7708206393733325,[0.         0.         0.         0.01824139 0.01543398 0.         0.         0.         0.         0.         0.         0.         0.         0.         0.         0.         0.01637542 0.01625392 0.         0.01379681 0.01379681 0.         0.01660865 0.         0.         0.02830147 0.         0.84739474 0.01379681 0.         0.        ],[0. 0. 0. 1. 1. 0. 0. 0. 0. 0. 0. 0. 0. 0. 0. 0. 1. 1. 0. 1. 1. 0. 1. 0. 0. 1. 0. 1. 1. 0. 0.],10.0,best,10000,100000,100,0.9,0.5,0.9,0.5,0.9,1,1.0,1,10,,problem_solving,10
1800,0.03837,0.147945,0.005115961534805416,0.5720000000000001,0.8096428007233489,0.3861970546568819,[0.         0.         0.         0.01824139 0.01543398 0.         0.         0.         0.         0.         0.         0.         0.         0.         0.         0.         0.01637542 0.01625392 0.         0.01379681 0.01379681 0.         0.01660865 0.         0.         0.02830147 0.         0.84739474 0.01379681 0.         0.        ],[0. 0. 0. 1. 1. 0. 0. 0. 0. 0. 0. 0. 0. 0. 0. 0. 1. 1. 0. 1. 1. 0. 1. 0. 0. 1. 0. 1. 1. 0. 0.],10.0,best,10000,100000,100,0.9,0.5,0.9,0.5,0.9,1,1.0,1,10,,problem_solving,10
1900,0.03837,0.147945,0.005115961534805416,0.5760000000000001,0.8048977872469943,3.2450019077225106e-05,[0.         0.         0.         0.01824139 0.01543398 0.         0.         0.         0.         0.         0.         0.         0.         0.         0.         0.         0.01637542 0.01625392 0.         0.01379681 0.01379681 0.         0.01660865 0.         0.         0.02830147 0.         0.84739474 0.01379681 0.         0.        ],[0. 0. 0. 1. 1. 0. 0. 0. 0. 0. 0. 0. 0. 0. 0. 0. 1. 1. 0. 1. 1. 0. 1. 0. 0. 1. 0. 1. 1. 0. 0.],10.0,best,10000,100000,100,0.9,0.5,0.9,0.5,0.9,1,1.0,1,10,,problem_solving,10
2000,0.03837,0.147945,0.005115961534805416,0.58,0.80018058251898,0.1613741733454385,[0.         0.         0.         0.01824139 0.01543398 0.         0.         0.         0.         0.         0.         0.         0.         0.         0.         0.         0.01637542 0.01625392 0.         0.01379681 0.01379681 0.         0.01660865 0.         0.         0.02830147 0.         0.84739474 0.01379681 0.         0.        ],[0. 0. 0. 1. 1. 0. 0. 0. 0. 0. 0. 0. 0. 0. 0. 0. 1. 1. 0. 1. 1. 0. 1. 0. 0. 1. 0. 1. 1. 0. 0.],10.0,best,10000,100000,100,0.9,0.5,0.9,0.5,0.9,1,1.0,1,10,,problem_solving,10
2100,0.03837,0.147945,0.005115961534805416,0.584,0.7954910235626383,-0.2258054435862171,[0.         0.         0.         0.01824139 0.01543398 0.         0.         0.         0.         0.         0.         0.         0.         0.         0.         0.         0.01637542 0.01625392 0.         0.01379681 0.01379681 0.         0.01660865 0.         0.         0.02830147 0.         0.84739474 0.01379681 0.         0.        ],[0. 0. 0. 1. 1. 0. 0. 0. 0. 0. 0. 0. 0. 0. 0. 0. 1. 1. 0. 1. 1. 0. 1. 0. 0. 1. 0. 1. 1. 0. 0.],10.0,best,10000,100000,100,0.9,0.5,0.9,0.5,0.9,1,1.0,1,10,,problem_solving,10
2200,0.03837,0.147945,0.005115961534805416,0.588,0.7908289483564468,-0.37652318341586516,[0.         0.         0.         0.01824139 0.01543398 0.         0.         0.         0.         0.         0.         0.         0.         0.         0.         0.         0.01637542 0.01625392 0.         0.01379681 0.01379681 0.         0.01660865 0.         0.         0.02830147 0.         0.84739474 0.01379681 0.         0.        ],[0. 0. 0. 1. 1. 0. 0. 0. 0. 0. 0. 0. 0. 0. 0. 0. 1. 1. 0. 1. 1. 0. 1. 0. 0. 1. 0. 1. 1. 0. 0.],10.0,best,10000,100000,100,0.9,0.5,0.9,0.5,0.9,1,1.0,1,10,,problem_solving,10
2300,0.03837,0.147945,0.005115961534805416,0.592,0.7861941958284306,-0.595738634431729,[0.         0.         0.         0.01824139 0.01543398 0.         0.         0.         0.         0.         0.         0.         0.         0.         0.         0.         0.01637542 0.01625392 0.         0.01379681 0.01379681 0.         0.01660865 0.         0.         0.02830147 0.         0.84739474 0.01379681 0.         0.        ],[0. 0. 0. 1. 1. 0. 0. 0. 0. 0. 0. 0. 0. 0. 0. 0. 1. 1. 0. 1. 1. 0. 1. 0. 0. 1. 0. 1. 1. 0. 0.],10.0,best,10000,100000,100,0.9,0.5,0.9,0.5,0.9,1,1.0,1,10,,problem_solving,10
2400,0.03837,0.147945,0.005115961534805416,0.596,0.7815866058505976,0.001462687610216651,[0.         0.         0.         0.01824139 0.01543398 0.         0.         0.         0.         0.         0.         0.         0.         0.         0.         0.         0.01637542 0.01625392 0.         0.01379681 0.01379681 0.         0.01660865 0.         0.         0.02830147 0.         0.84739474 0.01379681 0.         0.        ],[0. 0. 0. 1. 1. 0. 0. 0. 0. 0. 0. 0. 0. 0. 0. 0. 1. 1. 0. 1. 1. 0. 1. 0. 0. 1. 0. 1. 1. 0. 0.],10.0,best,10000,100000,100,0.9,0.5,0.9,0.5,0.9,1,1.0,1,10,,problem_solving,10
2500,0.034205,0.148966,0.0039987095839623685,0.6,0.7770060192334055,0.3196693910426039,[0.         0.         0.         0.         0.01380045 0.         0.         0.         0.01509028 0.         0.         0.         0.         0.01509028 0.         0.         0.01380045 0.01380045 0.         0.         0.         0.         0.02222013 0.         0.01509028 0.01509028 0.         0.85852635 0.         0.         0.01749104],[0. 0. 0. 0. 1. 0. 0. 0. 1. 0. 0. 0. 0. 1. 0. 0. 1. 1. 0. 0. 0. 0. 1. 0. 1. 1. 0. 1. 0. 0. 1.],10.0,best,10000,100000,100,0.9,0.5,0.9,0.5,0.9,1,1.0,1,10,,problem_solving,10
2600,0.034205,0.148966,0.0039987095839623685,0.604,0.7724522777202627,0.2862483355020472,[0.         0.         0.         0.         0.01380045 0.         0.         0.         0.01509028 0.         0.         0.         0.         0.01509028 0.         0.         0.01380045 0.01380045 0.         0.         0.         0.         0.02222013 0.         0.01509028 0.01509028 0.         0.85852635 0.         0.         0.01749104],[0. 0. 0. 0. 1. 0. 0. 0. 1. 0. 0. 0. 0. 1. 0. 0. 1. 1. 0. 0. 0. 0. 1. 0. 1. 1. 0. 1. 0. 0. 1.],10.0,best,10000,100000,100,0.9,0.5,0.9,0.5,0.9,1,1.0,1,10,,problem_solving,10
2700,0.034205,0.148966,0.0039987095839623685,0.608,0.7679252239820602,0.5457734040171497,[0.         0.         0.         0.         0.01380045 0.         0.         0.         0.01509028 0.         0.         0.         0.         0.01509028 0.         0.         0.01380045 0.01380045 0.         0.         0.         0.         0.02222013 0.         0.01509028 0.01509028 0.         0.85852635 0.         0.         0.01749104],[0. 0. 0. 0. 1. 0. 0. 0. 1. 0. 0. 0. 0. 1. 0. 0. 1. 1. 0. 0. 0. 0. 1. 0. 1. 1. 0. 1. 0. 0. 1.],10.0,best,10000,100000,100,0.9,0.5,0.9,0.5,0.9,1,1.0,1,10,,problem_solving,10
2800,0.034205,0.148966,0.0039987095839623685,0.612,0.7634247016117359,-0.28921895566965117,[0.         0.         0.         0.         0.01380045 0.         0.         0.         0.01509028 0.         0.         0.         0.         0.01509028 0.         0.         0.01380045 0.01380045 0.         0.         0.         0.         0.02222013 0.         0.01509028 0.01509028 0.         0.85852635 0.         0.         0.01749104],[0. 0. 0. 0. 1. 0. 0. 0. 1. 0. 0. 0. 0. 1. 0. 0. 1. 1. 0. 0. 0. 0. 1. 0. 1. 1. 0. 1. 0. 0. 1.],10.0,best,10000,100000,100,0.9,0.5,0.9,0.5,0.9,1,1.0,1,10,,problem_solving,10
2900,0.034205,0.148966,0.0039987095839623685,0.616,0.758950555118871,0.40920797622785615,[0.         0.         0.         0.         0.01380045 0.         0.         0.         0.01509028 0.         0.         0.         0.         0.01509028 0.         0.         0.01380045 0.01380045 0.         0.         0.         0.         0.02222013 0.         0.01509028 0.01509028 0.         0.85852635 0.         0.         0.01749104],[0. 0. 0. 0. 1. 0. 0. 0. 1. 0. 0. 0. 0. 1. 0. 0. 1. 1. 0. 0. 0. 0. 1. 0. 1. 1. 0. 1. 0. 0. 1.],10.0,best,10000,100000,100,0.9,0.5,0.9,0.5,0.9,1,1.0,1,10,,problem_solving,10
3000,0.034205,0.148966,0.0039987095839623685,0.62,0.754502629924318,1.4160008322080866,[0.         0.         0.         0.         0.01380045 0.         0.         0.         0.01509028 0.         0.         0.         0.         0.01509028 0.         0.         0.01380045 0.01380045 0.         0.         0.         0.         0.02222013 0.         0.01509028 0.01509028 0.         0.85852635 0.         0.         0.01749104],[0. 0. 0. 0. 1. 0. 0. 0. 1. 0. 0. 0. 0. 1. 0. 0. 1. 1. 0. 0. 0. 0. 1. 0. 1. 1. 0. 1. 0. 0. 1.],10.0,best,10000,100000,100,0.9,0.5,0.9,0.5,0.9,1,1.0,1,10,,problem_solving,10
3100,0.034205,0.148966,0.0039987095839623685,0.624,0.7500807723548599,-0.19377471860721188,[0.         0.         0.         0.         0.01380045 0.         0.         0.         0.01509028 0.         0.         0.         0.         0.01509028 0.         0.         0.01380045 0.01380045 0.         0.         0.         0.         0.02222013 0.         0.01509028 0.01509028 0.         0.85852635 0.         0.         0.01749104],[0. 0. 0. 0. 1. 0. 0. 0. 1. 0. 0. 0. 0. 1. 0. 0. 1. 1. 0. 0. 0. 0. 1. 0. 1. 1. 0. 1. 0. 0. 1.],10.0,best,10000,100000,100,0.9,0.5,0.9,0.5,0.9,1,1.0,1,10,,problem_solving,10
3200,0.034205,0.148966,0.0039987095839623685,0.628,0.7456848296379007,0.9188669373817024,[0.         0.         0.         0.         0.01380045 0.         0.         0.         0.01509028 0.         0.         0.         0.         0.01509028 0.         0.         0.01380045 0.01380045 0.         0.         0.         0.         0.02222013 0.         0.01509028 0.01509028 0.         0.85852635 0.         0.         0.01749104],[0. 0. 0. 0. 1. 0. 0. 0. 1. 0. 0. 0. 0. 1. 0. 0. 1. 1. 0. 0. 0. 0. 1. 0. 1. 1. 0. 1. 0. 0. 1.],10.0,best,10000,100000,100,0.9,0.5,0.9,0.5,0.9,1,1.0,1,10,,problem_solving,10
3300,0.034205,0.148966,0.0039987095839623685,0.632,0.7413146498961878,-0.66926780529901,[0.         0.         0.         0.         0.01380045 0.         0.         0.         0.01509028 0.         0.         0.         0.         0.01509028 0.         0.         0.01380045 0.01380045 0.         0.         0.         0.         0.02222013 0.         0.01509028 0.01509028 0.         0.85852635 0.         0.         0.01749104],[0. 0. 0. 0. 1. 0. 0. 0. 1. 0. 0. 0. 0. 1. 0. 0. 1. 1. 0. 0. 0. 0. 1. 0. 1. 1. 0. 1. 0. 0. 1.],10.0,best,10000,100000,100,0.9,0.5,0.9,0.5,0.9,1,1.0,1,10,,problem_solving,10
3400,0.034205,0.148966,0.0039987095839623685,0.636,0.7369700821425638,0.5981743654618285,[0.         0.         0.         0.         0.01380045 0.         0.         0.         0.01509028 0.         0.         0.         0.         0.01509028 0.         0.         0.01380045 0.01380045 0.         0.         0.         0.         0.02222013 0.         0.01509028 0.01509028 0.         0.85852635 0.         0.         0.01749104],[0. 0. 0. 0. 1. 0. 0. 0. 1. 0. 0. 0. 0. 1. 0. 0. 1. 1. 0. 0. 0. 0. 1. 0. 1. 1. 0. 1. 0. 0. 1.],10.0,best,10000,100000,100,0.9,0.5,0.9,0.5,0.9,1,1.0,1,10,,problem_solving,10
3500,0.034205,0.148966,0.0039987095839623685,0.64,0.7326509762747511,-0.3517144798024218,[0.         0.         0.         0.         0.01380045 0.         0.         0.         0.01509028 0.         0.         0.         0.         0.01509028 0.         0.         0.01380045 0.01380045 0.         0.         0.         0.         0.02222013 0.         0.01509028 0.01509028 0.         0.85852635 0.         0.         0.01749104],[0. 0. 0. 0. 1. 0. 0. 0. 1. 0. 0. 0. 0. 1. 0. 0. 1. 1. 0. 0. 0. 0. 1. 0. 1. 1. 0. 1. 0. 0. 1.],10.0,best,10000,100000,100,0.9,0.5,0.9,0.5,0.9,1,1.0,1,10,,problem_solving,10
3600,0.034205,0.148966,0.0039987095839623685,0.644,0.7283571830701648,0.6463312854311881,[0.         0.         0.         0.         0.01380045 0.         0.         0.         0.01509028 0.         0.         0.         0.         0.01509028 0.         0.         0.01380045 0.01380045 0.         0.         0.         0.         0.02222013 0.         0.01509028 0.01509028 0.         0.85852635 0.         0.         0.01749104],[0. 0. 0. 0. 1. 0. 0. 0. 1. 0. 0. 0. 0. 1. 0. 0. 1. 1. 0. 0. 0. 0. 1. 0. 1. 1. 0. 1. 0. 0. 1.],10.0,best,10000,100000,100,0.9,0.5,0.9,0.5,0.9,1,1.0,1,10,,problem_solving,10
3700,0.034205,0.148966,0.0039987095839623685,0.648,0.7240885541807586,1.3700256526564247,[0.         0.         0.         0.         0.01380045 0.         0.         0.         0.01509028 0.         0.         0.         0.         0.01509028 0.         0.         0.01380045 0.01380045 0.         0.         0.         0.         0.02222013 0.         0.01509028 0.01509028 0.         0.85852635 0.         0.         0.01749104],[0. 0. 0. 0. 1. 0. 0. 0. 1. 0. 0. 0. 0. 1. 0. 0. 1. 1. 0. 0. 0. 0. 1. 0. 1. 1. 0. 1. 0. 0. 1.],10.0,best,10000,100000,100,0.9,0.5,0.9,0.5,0.9,1,1.0,1,10,,problem_solving,10
3800,0.034205,0.148966,0.0039987095839623685,0.652,0.7198449421278975,-0.7076406644478306,[0.         0.         0.         0.         0.01380045 0.         0.         0.         0.01509028 0.         0.         0.         0.         0.01509028 0.         0.         0.01380045 0.01380045 0.         0.         0.         0.         0.02222013 0.         0.01509028 0.01509028 0.         0.85852635 0.         0.         0.01749104],[0. 0. 0. 0. 1. 0. 0. 0. 1. 0. 0. 0. 0. 1. 0. 0. 1. 1. 0. 0. 0. 0. 1. 0. 1. 1. 0. 1. 0. 0. 1.],10.0,best,10000,100000,100,0.9,0.5,0.9,0.5,0.9,1,1.0,1,10,,problem_solving,10
3900,0.034205,0.148966,0.0039987095839623685,0.656,0.7156262002972644,-0.09832375332001203,[0.         0.         0.         0.         0.01380045 0.         0.         0.         0.01509028 0.         0.         0.         0.         0.01509028 0.         0.         0.01380045 0.01380045 0.         0.         0.         0.         0.02222013 0.         0.01509028 0.01509028 0.         0.85852635 0.         0.         0.01749104],[0. 0. 0. 0. 1. 0. 0. 0. 1. 0. 0. 0. 0. 1. 0. 0. 1. 1. 0. 0. 0. 0. 1. 0. 1. 1. 0. 1. 0. 0. 1.],10.0,best,10000,100000,100,0.9,0.5,0.9,0.5,0.9,1,1.0,1,10,,problem_solving,10
4000,0.034205,0.148966,0.0039987095839623685,0.66,0.7114321829337936,0.38006554396072323,[0.         0.         0.         0.         0.01380045 0.         0.         0.         0.01509028 0.         0.         0.         0.         0.01509028 0.         0.         0.01380045 0.01380045 0.         0.         0.         0.         0.02222013 0.         0.01509028 0.01509028 0.         0.85852635 0.         0.         0.01749104],[0. 0. 0. 0. 1. 0. 0. 0. 1. 0. 0. 0. 0. 1. 0. 0. 1. 1. 0. 0. 0. 0. 1. 0. 1. 1. 0. 1. 0. 0. 1.],10.0,best,10000,100000,100,0.9,0.5,0.9,0.5,0.9,1,1.0,1,10,,problem_solving,10
4100,0.034205,0.148966,0.0039987095839623685,0.664,0.707262745136635,0.029524721148506034,[0.         0.         0.         0.         0.01380045 0.         0.         0.         0.01509028 0.         0.         0.         0.         0.01509028 0.         0.         0.01380045 0.01380045 0.         0.         0.         0.         0.02222013 0.         0.01509028 0.01509028 0.         0.85852635 0.         0.         0.01749104],[0. 0. 0. 0. 1. 0. 0. 0. 1. 0. 0. 0. 0. 1. 0. 0. 1. 1. 0. 0. 0. 0. 1. 0. 1. 1. 0. 1. 0. 0. 1.],10.0,best,10000,100000,100,0.9,0.5,0.9,0.5,0.9,1,1.0,1,10,,problem_solving,10
4200,0.034205,0.148966,0.0039987095839623685,0.668,0.7031177428541489,0.7596643927740281,[0.         0.         0.         0.         0.01380045 0.         0.         0.         0.01509028 0.         0.         0.         0.         0.01509028 0.         0.         0.01380045 0.01380045 0.         0.         0.         0.         0.02222013 0.         0.01509028 0.01509028 0.         0.85852635 0.         0.         0.01749104],[0. 0. 0. 0. 1. 0. 0. 0. 1. 0. 0. 0. 0. 1. 0. 0. 1. 1. 0. 0. 0. 0. 1. 0. 1. 1. 0. 1. 0. 0. 1.],10.0,best,10000,100000,100,0.9,0.5,0.9,0.5,0.9,1,1.0,1,10,,problem_solving,10
4300,0.034205,0.148966,0.0039987095839623685,0.672,0.6989970328789274,-0.44991234490322496,[0.         0.         0.         0.         0.01380045 0.         0.         0.         0.01509028 0.         0.         0.         0.         0.01509028 0.         0.         0.01380045 0.01380045 0.         0.         0.         0.         0.02222013 0.         0.01509028 0.01509028 0.         0.85852635 0.         0.         0.01749104],[0. 0. 0. 0. 1. 0. 0. 0. 1. 0. 0. 0. 0. 1. 0. 0. 1. 1. 0. 0. 0. 0. 1. 0. 1. 1. 0. 1. 0. 0. 1.],10.0,best,10000,100000,100,0.9,0.5,0.9,0.5,0.9,1,1.0,1,10,,problem_solving,10
4400,0.034205,0.148966,0.0039987095839623685,0.676,0.6949004728428485,-0.15762981011420238,[0.         0.         0.         0.         0.01380045 0.         0.         0.         0.01509028 0.         0.         0.         0.         0.01509028 0.         0.         0.01380045 0.01380045 0.         0.         0.         0.         0.02222013 0.         0.01509028 0.01509028 0.         0.85852635 0.         0.         0.01749104],[0. 0. 0. 0. 1. 0. 0. 0. 1. 0. 0. 0. 0. 1. 0. 0. 1. 1. 0. 0. 0. 0. 1. 0. 1. 1. 0. 1. 0. 0. 1.],10.0,best,10000,100000,100,0.9,0.5,0.9,0.5,0.9,1,1.0,1,10,,problem_solving,10
4500,0.034205,0.148966,0.0039987095839623685,0.68,0.6908279212121557,-1.1874915090940694,[0.         0.         0.         0.         0.01380045 0.         0.         0.         0.01509028 0.         0.         0.         0.         0.01509028 0.         0.         0.01380045 0.01380045 0.         0.         0.         0.         0.02222013 0.         0.01509028 0.01509028 0.         0.85852635 0.         0.         0.01749104],[0. 0. 0. 0. 1. 0. 0. 0. 1. 0. 0. 0. 0. 1. 0. 0. 1. 1. 0. 0. 0. 0. 1. 0. 1. 1. 0. 1. 0. 0. 1.],10.0,best,10000,100000,100,0.9,0.5,0.9,0.5,0.9,1,1.0,1,10,,problem_solving,10
4600,0.034205,0.148966,0.0039987095839623685,0.684,0.6867792372825697,-0.5186516059457519,[0.         0.         0.         0.         0.01380045 0.         0.         0.         0.01509028 0.         0.         0.         0.         0.01509028 0.         0.         0.01380045 0.01380045 0.         0.         0.         0.         0.02222013 0.         0.01509028 0.01509028 0.         0.85852635 0.         0.         0.01749104],[0. 0. 0. 0. 1. 0. 0. 0. 1. 0. 0. 0. 0. 1. 0. 0. 1. 1. 0. 0. 0. 0. 1. 0. 1. 1. 0. 1. 0. 0. 1.],10.0,best,10000,100000,100,0.9,0.5,0.9,0.5,0.9,1,1.0,1,10,,problem_solving,10
4700,0.034205,0.148966,0.0039987095839623685,0.6880000000000001,0.6827542811744257,-0.2652953757660746,[0.         0.         0.         0.         0.01380045 0.         0.         0.         0.01509028 0.         0.         0.         0.         0.01509028 0.         0.         0.01380045 0.01380045 0.         0.         0.         0.         0.02222013 0.         0.01509028 0.01509028 0.         0.85852635 0.         0.         0.01749104],[0. 0. 0. 0. 1. 0. 0. 0. 1. 0. 0. 0. 0. 1. 0. 0. 1. 1. 0. 0. 0. 0. 1. 0. 1. 1. 0. 1. 0. 0. 1.],10.0,best,10000,100000,100,0.9,0.5,0.9,0.5,0.9,1,1.0,1,10,,problem_solving,10
4800,0.034205,0.148966,0.0039987095839623685,0.692,0.6787529138278414,0.05504214205179567,[0.         0.         0.         0.         0.01380045 0.         0.         0.         0.01509028 0.         0.         0.         0.         0.01509028 0.         0.         0.01380045 0.01380045 0.         0.         0.         0.         0.02222013 0.         0.01509028 0.01509028 0.         0.85852635 0.         0.         0.01749104],[0. 0. 0. 0. 1. 0. 0. 0. 1. 0. 0. 0. 0. 1. 0. 0. 1. 1. 0. 0. 0. 0. 1. 0. 1. 1. 0. 1. 0. 0. 1.],10.0,best,10000,100000,100,0.9,0.5,0.9,0.5,0.9,1,1.0,1,10,,problem_solving,10
4900,0.034205,0.148966,0.0039987095839623685,0.696,0.6747749969979128,-0.7222667175066275,[0.         0.         0.         0.         0.01380045 0.         0.         0.         0.01509028 0.         0.         0.         0.         0.01509028 0.         0.         0.01380045 0.01380045 0.         0.         0.         0.         0.02222013 0.         0.01509028 0.01509028 0.         0.85852635 0.         0.         0.01749104],[0. 0. 0. 0. 1. 0. 0. 0. 1. 0. 0. 0. 0. 1. 0. 0. 1. 1. 0. 0. 0. 0. 1. 0. 1. 1. 0. 1. 0. 0. 1.],10.0,best,10000,100000,100,0.9,0.5,0.9,0.5,0.9,1,1.0,1,10,,problem_solving,10
5000,0.034205,0.148966,0.0039987095839623685,0.7,0.6708203932499369,0.853835774895349,[0.         0.         0.         0.         0.01380045 0.         0.         0.         0.01509028 0.         0.         0.         0.         0.01509028 0.         0.         0.01380045 0.01380045 0.         0.         0.         0.         0.02222013 0.         0.01509028 0.01509028 0.         0.85852635 0.         0.         0.01749104],[0. 0. 0. 0. 1. 0. 0. 0. 1. 0. 0. 0. 0. 1. 0. 0. 1. 1. 0. 0. 0. 0. 1. 0. 1. 1. 0. 1. 0. 0. 1.],10.0,best,10000,100000,100,0.9,0.5,0.9,0.5,0.9,1,1.0,1,10,,problem_solving,10
5100,0.034205,0.148966,0.0039987095839623685,0.704,0.6668889659546647,0.20323210212142453,[0.         0.         0.         0.         0.01380045 0.         0.         0.         0.01509028 0.         0.         0.         0.         0.01509028 0.         0.         0.01380045 0.01380045 0.         0.         0.         0.         0.02222013 0.         0.01509028 0.01509028 0.         0.85852635 0.         0.         0.01749104],[0. 0. 0. 0. 1. 0. 0. 0. 1. 0. 0. 0. 0. 1. 0. 0. 1. 1. 0. 0. 0. 0. 1. 0. 1. 1. 0. 1. 0. 0. 1.],10.0,best,10000,100000,100,0.9,0.5,0.9,0.5,0.9,1,1.0,1,10,,problem_solving,10
5200,0.034205,0.148966,0.0039987095839623685,0.708,0.6629805792835798,-1.1192227231734964,[0.         0.         0.         0.         0.01380045 0.         0.         0.         0.01509028 0.         0.         0.         0.         0.01509028 0.         0.         0.01380045 0.01380045 0.         0.         0.         0.         0.02222013 0.         0.01509028 0.01509028 0.         0.85852635 0.         0.         0.01749104],[0. 0. 0. 0. 1. 0. 0. 0. 1. 0. 0. 0. 0. 1. 0. 0. 1. 1. 0. 0. 0. 0. 1. 0. 1. 1. 0. 1. 0. 0. 1.],10.0,best,10000,100000,100,0.9,0.5,0.9,0.5,0.9,1,1.0,1,10,,problem_solving,10
5300,0.034205,0.148966,0.0039987095839623685,0.712,0.6590950982042058,-1.0622215629841643,[0.         0.         0.         0.         0.01380045 0.         0.         0.         0.01509028 0.         0.         0.         0.         0.01509028 0.         0.         0.01380045 0.01380045 0.         0.         0.         0.         0.02222013 0.         0.01509028 0.01509028 0.         0.85852635 0.         0.         0.01749104],[0. 0. 0. 0. 1. 0. 0. 0. 1. 0. 0. 0. 0. 1. 0. 0. 1. 1. 0. 0. 0. 0. 1. 0. 1. 1. 0. 1. 0. 0. 1.],10.0,best,10000,100000,100,0.9,0.5,0.9,0.5,0.9,1,1.0,1,10,,problem_solving,10
5400,0.034205,0.148966,0.0039987095839623685,0.716,0.6552323884754414,-0.12357025563329371,[0.         0.         0.         0.         0.01380045 0.         0.         0.         0.01509028 0.         0.         0.         0.         0.01509028 0.         0.         0.01380045 0.01380045 0.         0.         0.         0.         0.02222013 0.         0.01509028 0.01509028 0.         0.85852635 0.         0.         0.01749104],[0. 0. 0. 0. 1. 0. 0. 0. 1. 0. 0. 0. 0. 1. 0. 0. 1. 1. 0. 0. 0. 0. 1. 0. 1. 1. 0. 1. 0. 0. 1.],10.0,best,10000,100000,100,0.9,0.5,0.9,0.5,0.9,1,1.0,1,10,,problem_solving,10
5500,0.034205,0.148966,0.0039987095839623685,0.72,0.651392316642922,0.8190528471879177,[0.         0.         0.         0.         0.01380045 0.         0.         0.         0.01509028 0.         0.         0.         0.         0.01509028 0.         0.         0.01380045 0.01380045 0.         0.         0.         0.         0.02222013 0.         0.01509028 0.01509028 0.         0.85852635 0.         0.         0.01749104],[0. 0. 0. 0. 1. 0. 0. 0. 1. 0. 0. 0. 0. 1. 0. 0. 1. 1. 0. 0. 0. 0. 1. 0. 1. 1. 0. 1. 0. 0. 1.],10.0,best,10000,100000,100,0.9,0.5,0.9,0.5,0.9,1,1.0,1,10,,problem_solving,10
5600,0.034205,0.148966,0.0039987095839623685,0.724,0.6475747500344088,-0.34501791903923584,[0.         0.         0.         0.         0.01380045 0.         0.         0.         0.01509028 0.         0.         0.         0.         0.01509028 0.         0.         0.01380045 0.01380045 0.         0.         0.         0.         0.02222013 0.         0.01509028 0.01509028 0.         0.85852635 0.         0.         0.01749104],[0. 0. 0. 0. 1. 0. 0. 0. 1. 0. 0. 0. 0. 1. 0. 0. 1. 1. 0. 0. 0. 0. 1. 0. 1. 1. 0. 1. 0. 0. 1.],10.0,best,10000,100000,100,0.9,0.5,0.9,0.5,0.9,1,1.0,1,10,,problem_solving,10
5700,0.034205,0.148966,0.0039987095839623685,0.728,0.643779556755206,0.9647301113894269,[0.         0.         0.         0.         0.01380045 0.         0.         0.         0.01509028 0.         0.         0.         0.         0.01509028 0.         0.         0.01380045 0.01380045 0.         0.         0.         0.         0.02222013 0.         0.01509028 0.01509028 0.         0.85852635 0.         0.         0.01749104],[0. 0. 0. 0. 1. 0. 0. 0. 1. 0. 0. 0. 0. 1. 0. 0. 1. 1. 0. 0. 0. 0. 1. 0. 1. 1. 0. 1. 0. 0. 1.],10.0,best,10000,100000,100,0.9,0.5,0.9,0.5,0.9,1,1.0,1,10,,problem_solving,10
5800,0.034205,0.148966,0.0039987095839623685,0.732,0.6400066056836028,-1.0091114107271766,[0.         0.         0.         0.         0.01380045 0.         0.         0.         0.01509028 0.         0.         0.         0.         0.01509028 0.         0.         0.01380045 0.01380045 0.         0.         0.         0.         0.02222013 0.         0.01509028 0.01509028 0.         0.85852635 0.         0.         0.01749104],[0. 0. 0. 0. 1. 0. 0. 0. 1. 0. 0. 0. 0. 1. 0. 0. 1. 1. 0. 0. 0. 0. 1. 0. 1. 1. 0. 1. 0. 0. 1.],10.0,best,10000,100000,100,0.9,0.5,0.9,0.5,0.9,1,1.0,1,10,,problem_solving,10
5900,0.034205,0.148966,0.0039987095839623685,0.736,0.6362557664663436,-1.2835222934093884,[0.         0.         0.         0.         0.01380045 0.         0.         0.         0.01509028 0.         0.         0.         0.         0.01509028 0.         0.         0.01380045 0.01380045 0.         0.         0.         0.         0.02222013 0.         0.01509028 0.01509028 0.         0.85852635 0.         0.         0.01749104],[0. 0. 0. 0. 1. 0. 0. 0. 1. 0. 0. 0. 0. 1. 0. 0. 1. 1. 0. 0. 0. 0. 1. 0. 1. 1. 0. 1. 0. 0. 1.],10.0,best,10000,100000,100,0.9,0.5,0.9,0.5,0.9,1,1.0,1,10,,problem_solving,10
6000,0.034205,0.148966,0.0039987095839623685,0.74,0.6325269095141249,0.49083330059542524,[0.         0.         0.         0.         0.01380045 0.         0.         0.         0.01509028 0.         0.         0.         0.         0.01509028 0.         0.         0.01380045 0.01380045 0.         0.         0.         0.         0.02222013 0.         0.01509028 0.01509028 0.         0.85852635 0.         0.         0.01749104],[0. 0. 0. 0. 1. 0. 0. 0. 1. 0. 0. 0. 0. 1. 0. 0. 1. 1. 0. 0. 0. 0. 1. 0. 1. 1. 0. 1. 0. 0. 1.],10.0,best,10000,100000,100,0.9,0.5,0.9,0.5,0.9,1,1.0,1,10,,problem_solving,10
6100,0.034205,0.148966,0.0039987095839623685,0.744,0.6288199059971172,0.8239097435013735,[0.         0.         0.         0.         0.01380045 0.         0.         0.         0.01509028 0.         0.         0.         0.         0.01509028 0.         0.         0.01380045 0.01380045 0.         0.         0.         0.         0.02222013 0.         0.01509028 0.01509028 0.         0.85852635 0.         0.         0.01749104],[0. 0. 0. 0. 1. 0. 0. 0. 1. 0. 0. 0. 0. 1. 0. 0. 1. 1. 0. 0. 0. 0. 1. 0. 1. 1. 0. 1. 0. 0. 1.],10.0,best,10000,100000,100,0.9,0.5,0.9,0.5,0.9,1,1.0,1,10,,problem_solving,10
6200,0.034205,0.148966,0.0039987095839623685,0.748,0.6251346278405147,0.3592214342392301,[0.         0.         0.         0.         0.01380045 0.         0.         0.         0.01509028 0.         0.         0.         0.         0.01509028 0.         0.         0.01380045 0.01380045 0.         0.         0.         0.         0.02222013 0.         0.01509028 0.01509028 0.         0.85852635 0.         0.         0.01749104],[0. 0. 0. 0. 1. 0. 0. 0. 1. 0. 0. 0. 0. 1. 0. 0. 1. 1. 0. 0. 0. 0. 1. 0. 1. 1. 0. 1. 0. 0. 1.],10.0,best,10000,100000,100,0.9,0.5,0.9,0.5,0.9,1,1.0,1,10,,problem_solving,10
6300,0.034205,0.148966,0.0039987095839623685,0.752,0.6214709477201097,-0.41706577050877747,[0.         0.         0.         0.         0.01380045 0.         0.         0.         0.01509028 0.         0.         0.         0.         0.01509028 0.         0.         0.01380045 0.01380045 0.         0.         0.         0.         0.02222013 0.         0.01509028 0.01509028 0.         0.85852635 0.         0.         0.01749104],[0. 0. 0. 0. 1. 0. 0. 0. 1. 0. 0. 0. 0. 1. 0. 0. 1. 1. 0. 0. 0. 0. 1. 0. 1. 1. 0. 1. 0. 0. 1.],10.0,best,10000,100000,100,0.9,0.5,0.9,0.5,0.9,1,1.0,1,10,,problem_solving,10
6400,0.034205,0.148966,0.0039987095839623685,0.756,0.6178287390578946,-0.41192868325848087,[0.         0.         0.         0.         0.01380045 0.         0.         0.         0.01509028 0.         0.         0.         0.         0.01509028 0.         0.         0.01380045 0.01380045 0.         0.         0.         0.         0.02222013 0.         0.01509028 0.01509028 0.         0.85852635 0.         0.         0.01749104],[0. 0. 0. 0. 1. 0. 0. 0. 1. 0. 0. 0. 0. 1. 0. 0. 1. 1. 0. 0. 0. 0. 1. 0. 1. 1. 0. 1. 0. 0. 1.],10.0,best,10000,100000,100,0.9,0.5,0.9,0.5,0.9,1,1.0,1,10,,problem_solving,10
6500,0.034205,0.148966,0.0039987095839623685,0.76,0.6142078760176876,0.3210977183681979,[0.         0.         0.         0.         0.01380045 0.         0.         0.         0.01509028 0.         0.         0.         0.         0.01509028 0.         0.         0.01380045 0.01380045 0.         0.         0.         0.         0.02222013 0.         0.01509028 0.01509028 0.         0.85852635 0.         0.         0.01749104],[0. 0. 0. 0. 1. 0. 0. 0. 1. 0. 0. 0. 0. 1. 0. 0. 1. 1. 0. 0. 0. 0. 1. 0. 1. 1. 0. 1. 0. 0. 1.],10.0,best,10000,100000,100,0.9,0.5,0.9,0.5,0.9,1,1.0,1,10,,problem_solving,10
6600,0.034205,0.148966,0.0039987095839623685,0.764,0.6106082335007861,0.062430112032356516,[0.         0.         0.         0.         0.01380045 0.         0.         0.         0.01509028 0.         0.         0.         0.         0.01509028 0.         0.         0.01380045 0.01380045 0.         0.         0.         0.         0.02222013 0.         0.01509028 0.01509028 0.         0.85852635 0.         0.         0.01749104],[0. 0. 0. 0. 1. 0. 0. 0. 1. 0. 0. 0. 0. 1. 0. 0. 1. 1. 0. 0. 0. 0. 1. 0. 1. 1. 0. 1. 0. 0. 1.],10.0,best,10000,100000,100,0.9,0.5,0.9,0.5,0.9,1,1.0,1,10,,problem_solving,10
6700,0.034205,0.148966,0.0039987095839623685,0.768,0.6070296871416437,-0.021397301324275853,[0.         0.         0.         0.         0.01380045 0.         0.         0.         0.01509028 0.         0.         0.         0.         0.01509028 0.         0.         0.01380045 0.01380045 0.         0.         0.         0.         0.02222013 0.         0.01509028 0.01509028 0.         0.85852635 0.         0.         0.01749104],[0. 0. 0. 0. 1. 0. 0. 0. 1. 0. 0. 0. 0. 1. 0. 0. 1. 1. 0. 0. 0. 0. 1. 0. 1. 1. 0. 1. 0. 0. 1.],10.0,best,10000,100000,100,0.9,0.5,0.9,0.5,0.9,1,1.0,1,10,,problem_solving,10
6800,0.034205,0.148966,0.0039987095839623685,0.772,0.6034721133035746,-0.3886523533402273,[0.         0.         0.         0.         0.01380045 0.         0.         0.         0.01509028 0.         0.         0.         0.         0.01509028 0.         0.         0.01380045 0.01380045 0.         0.         0.         0.         0.02222013 0.         0.01509028 0.01509028 0.         0.85852635 0.         0.         0.01749104],[0. 0. 0. 0. 1. 0. 0. 0. 1. 0. 0. 0. 0. 1. 0. 0. 1. 1. 0. 0. 0. 0. 1. 0. 1. 1. 0. 1. 0. 0. 1.],10.0,best,10000,100000,100,0.9,0.5,0.9,0.5,0.9,1,1.0,1,10,,problem_solving,10
6900,0.034205,0.148966,0.0039987095839623685,0.776,0.5999353890744809,-0.15606416800519077,[0.         0.         0.         0.         0.01380045 0.         0.         0.         0.01509028 0.         0.         0.         0.         0.01509028 0.         0.         0.01380045 0.01380045 0.         0.         0.         0.         0.02222013 0.         0.01509028 0.01509028 0.         0.85852635 0.         0.         0.01749104],[0. 0. 0. 0. 1. 0. 0. 0. 1. 0. 0. 0. 0. 1. 0. 0. 1. 1. 0. 0. 0. 0. 1. 0. 1. 1. 0. 1. 0. 0. 1.],10.0,best,10000,100000,100,0.9,0.5,0.9,0.5,0.9,1,1.0,1,10,,problem_solving,10
7000,0.034205,0.148966,0.0039987095839623685,0.78,0.5964193922626064,-0.42410218074036476,[0.         0.         0.         0.         0.01380045 0.         0.         0.         0.01509028 0.         0.         0.         0.         0.01509028 0.         0.         0.01380045 0.01380045 0.         0.         0.         0.         0.02222013 0.         0.01509028 0.01509028 0.         0.85852635 0.         0.         0.01749104],[0. 0. 0. 0. 1. 0. 0. 0. 1. 0. 0. 0. 0. 1. 0. 0. 1. 1. 0. 0. 0. 0. 1. 0. 1. 1. 0. 1. 0. 0. 1.],10.0,best,10000,100000,100,0.9,0.5,0.9,0.5,0.9,1,1.0,1,10,,problem_solving,10
7100,0.034205,0.148966,0.0039987095839623685,0.784,0.5929240013923155,0.3157989125181759,[0.         0.         0.         0.         0.01380045 0.         0.         0.         0.01509028 0.         0.         0.         0.         0.01509028 0.         0.         0.01380045 0.01380045 0.         0.         0.         0.         0.02222013 0.         0.01509028 0.01509028 0.         0.85852635 0.         0.         0.01749104],[0. 0. 0. 0. 1. 0. 0. 0. 1. 0. 0. 0. 0. 1. 0. 0. 1. 1. 0. 0. 0. 0. 1. 0. 1. 1. 0. 1. 0. 0. 1.],10.0,best,10000,100000,100,0.9,0.5,0.9,0.5,0.9,1,1.0,1,10,,problem_solving,10
7200,0.034205,0.148966,0.0039987095839623685,0.788,0.5894490956998952,0.1520787709810244,[0.         0.         0.         0.         0.01380045 0.         0.         0.         0.01509028 0.         0.         0.         0.         0.01509028 0.         0.         0.01380045 0.01380045 0.         0.         0.         0.         0.02222013 0.         0.01509028 0.01509028 0.         0.85852635 0.         0.         0.01749104],[0. 0. 0. 0. 1. 0. 0. 0. 1. 0. 0. 0. 0. 1. 0. 0. 1. 1. 0. 0. 0. 0. 1. 0. 1. 1. 0. 1. 0. 0. 1.],10.0,best,10000,100000,100,0.9,0.5,0.9,0.5,0.9,1,1.0,1,10,,problem_solving,10
7300,0.034205,0.148966,0.0039987095839623685,0.792,0.5859945551293843,0.5473984744028423,[0.         0.         0.         0.         0.01380045 0.         0.         0.         0.01509028 0.         0.         0.         0.         0.01509028 0.         0.         0.01380045 0.01380045 0.         0.         0.         0.         0.02222013 0.         0.01509028 0.01509028 0.         0.85852635 0.         0.         0.01749104],[0. 0. 0. 0. 1. 0. 0. 0. 1. 0. 0. 0. 0. 1. 0. 0. 1. 1. 0. 0. 0. 0. 1. 0. 1. 1. 0. 1. 0. 0. 1.],10.0,best,10000,100000,100,0.9,0.5,0.9,0.5,0.9,1,1.0,1,10,,problem_solving,10
7400,0.034205,0.148966,0.0039987095839623685,0.796,0.5825602603284237,0.0864909780637869,[0.         0.         0.         0.         0.01380045 0.         0.         0.         0.01509028 0.         0.         0.         0.         0.01509028 0.         0.         0.01380045 0.01380045 0.         0.         0.         0.         0.02222013 0.         0.01509028 0.01509028 0.         0.85852635 0.         0.         0.01749104],[0. 0. 0. 0. 1. 0. 0. 0. 1. 0. 0. 0. 0. 1. 0. 0. 1. 1. 0. 0. 0. 0. 1. 0. 1. 1. 0. 1. 0. 0. 1.],10.0,best,10000,100000,100,0.9,0.5,0.9,0.5,0.9,1,1.0,1,10,,problem_solving,10
7500,0.034205,0.148966,0.0039987095839623685,0.8,0.5791460926441345,0.23281301399034443,[0.         0.         0.         0.         0.01380045 0.         0.         0.         0.01509028 0.         0.         0.         0.         0.01509028 0.         0.         0.01380045 0.01380045 0.         0.         0.         0.         0.02222013 0.         0.01509028 0.01509028 0.         0.85852635 0.         0.         0.01749104],[0. 0. 0. 0. 1. 0. 0. 0. 1. 0. 0. 0. 0. 1. 0. 0. 1. 1. 0. 0. 0. 0. 1. 0. 1. 1. 0. 1. 0. 0. 1.],10.0,best,10000,100000,100,0.9,0.5,0.9,0.5,0.9,1,1.0,1,10,,problem_solving,10
7600,0.034205,0.148966,0.0039987095839623685,0.804,0.5757519341190179,-0.7222813763572278,[0.         0.         0.         0.         0.01380045 0.         0.         0.         0.01509028 0.         0.         0.         0.         0.01509028 0.         0.         0.01380045 0.01380045 0.         0.         0.         0.         0.02222013 0.         0.01509028 0.01509028 0.         0.85852635 0.         0.         0.01749104],[0. 0. 0. 0. 1. 0. 0. 0. 1. 0. 0. 0. 0. 1. 0. 0. 1. 1. 0. 0. 0. 0. 1. 0. 1. 1. 0. 1. 0. 0. 1.],10.0,best,10000,100000,100,0.9,0.5,0.9,0.5,0.9,1,1.0,1,10,,problem_solving,10
7700,0.034205,0.148966,0.0039987095839623685,0.808,0.5723776674868795,0.14175330888305632,[0.         0.         0.         0.         0.01380045 0.         0.         0.         0.01509028 0.         0.         0.         0.         0.01509028 0.         0.         0.01380045 0.01380045 0.         0.         0.         0.         0.02222013 0.         0.01509028 0.01509028 0.         0.85852635 0.         0.         0.01749104],[0. 0. 0. 0. 1. 0. 0. 0. 1. 0. 0. 0. 0. 1. 0. 0. 1. 1. 0. 0. 0. 0. 1. 0. 1. 1. 0. 1. 0. 0. 1.],10.0,best,10000,100000,100,0.9,0.5,0.9,0.5,0.9,1,1.0,1,10,,problem_solving,10
7800,0.034205,0.148966,0.0039987095839623685,0.812,0.5690231761687783,-0.4760096418410377,[0.         0.         0.         0.         0.01380045 0.         0.         0.         0.01509028 0.         0.         0.         0.         0.01509028 0.         0.         0.01380045 0.01380045 0.         0.         0.         0.         0.02222013 0.         0.01509028 0.01509028 0.         0.85852635 0.         0.         0.01749104],[0. 0. 0. 0. 1. 0. 0. 0. 1. 0. 0. 0. 0. 1. 0. 0. 1. 1. 0. 0. 0. 0. 1. 0. 1. 1. 0. 1. 0. 0. 1.],10.0,best,10000,100000,100,0.9,0.5,0.9,0.5,0.9,1,1.0,1,10,,problem_solving,10
7900,0.034205,0.148966,0.0039987095839623685,0.8160000000000001,0.5656883442689989,0.21047161570805842,[0.         0.         0.         0.         0.01380045 0.         0.         0.         0.01509028 0.         0.         0.         0.         0.01509028 0.         0.         0.01380045 0.01380045 0.         0.         0.         0.         0.02222013 0.         0.01509028 0.01509028 0.         0.85852635 0.         0.         0.01749104],[0. 0. 0. 0. 1. 0. 0. 0. 1. 0. 0. 0. 0. 1. 0. 0. 1. 1. 0. 0. 0. 0. 1. 0. 1. 1. 0. 1. 0. 0. 1.],10.0,best,10000,100000,100,0.9,0.5,0.9,0.5,0.9,1,1.0,1,10,,problem_solving,10
8000,0.034205,0.148966,0.0039987095839623685,0.8200000000000001,0.5623730565710474,-0.7059706984380811,[0.         0.         0.         0.         0.01380045 0.         0.         0.         0.01509028 0.         0.         0.         0.         0.01509028 0.         0.         0.01380045 0.01380045 0.         0.         0.         0.         0.02222013 0.         0.01509028 0.01509028 0.         0.85852635 0.         0.         0.01749104],[0. 0. 0. 0. 1. 0. 0. 0. 1. 0. 0. 0. 0. 1. 0. 0. 1. 1. 0. 0. 0. 0. 1. 0. 1. 1. 0. 1. 0. 0. 1.],10.0,best,10000,100000,100,0.9,0.5,0.9,0.5,0.9,1,1.0,1,10,,problem_solving,10
8100,0.034205,0.148966,0.0039987095839623685,0.8240000000000001,0.5590771985336705,0.5434955799426422,[0.         0.         0.         0.         0.01380045 0.         0.         0.         0.01509028 0.         0.         0.         0.         0.01509028 0.         0.         0.01380045 0.01380045 0.         0.         0.         0.         0.02222013 0.         0.01509028 0.01509028 0.         0.85852635 0.         0.         0.01749104],[0. 0. 0. 0. 1. 0. 0. 0. 1. 0. 0. 0. 0. 1. 0. 0. 1. 1. 0. 0. 0. 0. 1. 0. 1. 1. 0. 1. 0. 0. 1.],10.0,best,10000,100000,100,0.9,0.5,0.9,0.5,0.9,1,1.0,1,10,,problem_solving,10
8200,0.034205,0.148966,0.0039987095839623685,0.8280000000000001,0.5558006562868987,0.4005388603686877,[0.         0.         0.         0.         0.01380045 0.         0.         0.         0.01509028 0.         0.         0.         0.         0.01509028 0.         0.         0.01380045 0.01380045 0.         0.         0.         0.         0.02222013 0.         0.01509028 0.01509028 0.         0.85852635 0.         0.         0.01749104],[0. 0. 0. 0. 1. 0. 0. 0. 1. 0. 0. 0. 0. 1. 0. 0. 1. 1. 0. 0. 0. 0. 1. 0. 1. 1. 0. 1. 0. 0. 1.],10.0,best,10000,100000,100,0.9,0.5,0.9,0.5,0.9,1,1.0,1,10,,problem_solving,10
8300,0.034205,0.148966,0.0039987095839623685,0.8320000000000001,0.5525433166281111,0.22426183112766962,[0.         0.         0.         0.         0.01380045 0.         0.         0.         0.01509028 0.         0.         0.         0.         0.01509028 0.         0.         0.01380045 0.01380045 0.         0.         0.         0.         0.02222013 0.         0.01509028 0.01509028 0.         0.85852635 0.         0.         0.01749104],[0. 0. 0. 0. 1. 0. 0. 0. 1. 0. 0. 0. 0. 1. 0. 0. 1. 1. 0. 0. 0. 0. 1. 0. 1. 1. 0. 1. 0. 0. 1.],10.0,best,10000,100000,100,0.9,0.5,0.9,0.5,0.9,1,1.0,1,10,,problem_solving,10
8400,0.034205,0.148966,0.0039987095839623685,0.8360000000000001,0.5493050670181255,0.24345047852464147,[0.         0.         0.         0.         0.01380045 0.         0.         0.         0.01509028 0.         0.         0.         0.         0.01509028 0.         0.         0.01380045 0.01380045 0.         0.         0.         0.         0.02222013 0.         0.01509028 0.01509028 0.         0.85852635 0.         0.         0.01749104],[0. 0. 0. 0. 1. 0. 0. 0. 1. 0. 0. 0. 0. 1. 0. 0. 1. 1. 0. 0. 0. 0. 1. 0. 1. 1. 0. 1. 0. 0. 1.],10.0,best,10000,100000,100,0.9,0.5,0.9,0.5,0.9,1,1.0,1,10,,problem_solving,10
8500,0.034205,0.148966,0.0039987095839623685,0.8400000000000001,0.5460857955773097,-0.3752784440370056,[0.         0.         0.         0.         0.01380045 0.         0.         0.         0.01509028 0.         0.         0.         0.         0.01509028 0.         0.         0.01380045 0.01380045 0.         0.         0.         0.         0.02222013 0.         0.01509028 0.01509028 0.         0.85852635 0.         0.         0.01749104],[0. 0. 0. 0. 1. 0. 0. 0. 1. 0. 0. 0. 0. 1. 0. 0. 1. 1. 0. 0. 0. 0. 1. 0. 1. 1. 0. 1. 0. 0. 1.],10.0,best,10000,100000,100,0.9,0.5,0.9,0.5,0.9,1,1.0,1,10,,problem_solving,10
8600,0.034205,0.148966,0.0039987095839623685,0.8440000000000001,0.542885391081716,-0.06791871454112015,[0.         0.         0.         0.         0.01380045 0.         0.         0.         0.01509028 0.         0.         0.         0.         0.01509028 0.         0.         0.01380045 0.01380045 0.         0.         0.         0.         0.02222013 0.         0.01509028 0.01509028 0.         0.85852635 0.         0.         0.01749104],[0. 0. 0. 0. 1. 0. 0. 0. 1. 0. 0. 0. 0. 1. 0. 0. 1. 1. 0. 0. 0. 0. 1. 0. 1. 1. 0. 1. 0. 0. 1.],10.0,best,10000,100000,100,0.9,0.5,0.9,0.5,0.9,1,1.0,1,10,,problem_solving,10
8700,0.034205,0.148966,0.0039987095839623685,0.8480000000000001,0.5397037429592386,0.6251609529465146,[0.         0.         0.         0.         0.01380045 0.         0.         0.         0.01509028 0.         0.         0.         0.         0.01509028 0.         0.         0.01380045 0.01380045 0.         0.         0.         0.         0.02222013 0.         0.01509028 0.01509028 0.         0.85852635 0.         0.         0.01749104],[0. 0. 0. 0. 1. 0. 0. 0. 1. 0. 0. 0. 0. 1. 0. 0. 1. 1. 0. 0. 0. 0. 1. 0. 1. 1. 0. 1. 0. 0. 1.],10.0,best,10000,100000,100,0.9,0.5,0.9,0.5,0.9,1,1.0,1,10,,problem_solving,10
8800,0.034205,0.148966,0.0039987095839623685,0.8520000000000001,0.5365407412857937,-0.6629928212961229,[0.         0.         0.         0.         0.01380045 0.         0.         0.         0.01509028 0.         0.         0.         0.         0.01509028 0.         0.         0.01380045 0.01380045 0.         0.         0.         0.         0.02222013 0.         0.01509028 0.01509028 0.         0.85852635 0.         0.         0.01749104],[0. 0. 0. 0. 1. 0. 0. 0. 1. 0. 0. 0. 0. 1. 0. 0. 1. 1. 0. 0. 0. 0. 1. 0. 1. 1. 0. 1. 0. 0. 1.],10.0,best,10000,100000,100,0.9,0.5,0.9,0.5,0.9,1,1.0,1,10,,problem_solving,10
8900,0.034205,0.148966,0.0039987095839623685,0.8560000000000001,0.5333962767815211,0.3716497335402387,[0.         0.         0.         0.         0.01380045 0.         0.         0.         0.01509028 0.         0.         0.         0.         0.01509028 0.         0.         0.01380045 0.01380045 0.         0.         0.         0.         0.02222013 0.         0.01509028 0.01509028 0.         0.85852635 0.         0.         0.01749104],[0. 0. 0. 0. 1. 0. 0. 0. 1. 0. 0. 0. 0. 1. 0. 0. 1. 1. 0. 0. 0. 0. 1. 0. 1. 1. 0. 1. 0. 0. 1.],10.0,best,10000,100000,100,0.9,0.5,0.9,0.5,0.9,1,1.0,1,10,,problem_solving,10
9000,0.034205,0.148966,0.0039987095839623685,0.8600000000000001,0.5302702408070095,-0.6059615482594897,[0.         0.         0.         0.         0.01380045 0.         0.         0.         0.01509028 0.         0.         0.         0.         0.01509028 0.         0.         0.01380045 0.01380045 0.         0.         0.         0.         0.02222013 0.         0.01509028 0.01509028 0.         0.85852635 0.         0.         0.01749104],[0. 0. 0. 0. 1. 0. 0. 0. 1. 0. 0. 0. 0. 1. 0. 0. 1. 1. 0. 0. 0. 0. 1. 0. 1. 1. 0. 1. 0. 0. 1.],10.0,best,10000,100000,100,0.9,0.5,0.9,0.5,0.9,1,1.0,1,10,,problem_solving,10
9100,0.034205,0.148966,0.0039987095839623685,0.8640000000000001,0.5271625253595416,0.2436482896274843,[0.         0.         0.         0.         0.01380045 0.         0.         0.         0.01509028 0.         0.         0.         0.         0.01509028 0.         0.         0.01380045 0.01380045 0.         0.         0.         0.         0.02222013 0.         0.01509028 0.01509028 0.         0.85852635 0.         0.         0.01749104],[0. 0. 0. 0. 1. 0. 0. 0. 1. 0. 0. 0. 0. 1. 0. 0. 1. 1. 0. 0. 0. 0. 1. 0. 1. 1. 0. 1. 0. 0. 1.],10.0,best,10000,100000,100,0.9,0.5,0.9,0.5,0.9,1,1.0,1,10,,problem_solving,10
9200,0.034205,0.148966,0.0039987095839623685,0.8680000000000001,0.5240730230693647,0.2875316579354576,[0.         0.         0.         0.         0.01380045 0.         0.         0.         0.01509028 0.         0.         0.         0.         0.01509028 0.         0.         0.01380045 0.01380045 0.         0.         0.         0.         0.02222013 0.         0.01509028 0.01509028 0.         0.85852635 0.         0.         0.01749104],[0. 0. 0. 0. 1. 0. 0. 0. 1. 0. 0. 0. 0. 1. 0. 0. 1. 1. 0. 0. 0. 0. 1. 0. 1. 1. 0. 1. 0. 0. 1.],10.0,best,10000,100000,100,0.9,0.5,0.9,0.5,0.9,1,1.0,1,10,,problem_solving,10
9300,0.034205,0.148966,0.0039987095839623685,0.8720000000000001,0.5210016271959791,-0.5343114329823101,[0.         0.         0.         0.         0.01380045 0.         0.         0.         0.01509028 0.         0.         0.         0.         0.01509028 0.         0.         0.01380045 0.01380045 0.         0.         0.         0.         0.02222013 0.         0.01509028 0.01509028 0.         0.85852635 0.         0.         0.01749104],[0. 0. 0. 0. 1. 0. 0. 0. 1. 0. 0. 0. 0. 1. 0. 0. 1. 1. 0. 0. 0. 0. 1. 0. 1. 1. 0. 1. 0. 0. 1.],10.0,best,10000,100000,100,0.9,0.5,0.9,0.5,0.9,1,1.0,1,10,,problem_solving,10
9400,0.034205,0.148966,0.0039987095839623685,0.8760000000000001,0.5179482316244518,-0.8827899060255061,[0.         0.         0.         0.         0.01380045 0.         0.         0.         0.01509028 0.         0.         0.         0.         0.01509028 0.         0.         0.01380045 0.01380045 0.         0.         0.         0.         0.02222013 0.         0.01509028 0.01509028 0.         0.85852635 0.         0.         0.01749104],[0. 0. 0. 0. 1. 0. 0. 0. 1. 0. 0. 0. 0. 1. 0. 0. 1. 1. 0. 0. 0. 0. 1. 0. 1. 1. 0. 1. 0. 0. 1.],10.0,best,10000,100000,100,0.9,0.5,0.9,0.5,0.9,1,1.0,1,10,,problem_solving,10
9500,0.034205,0.148966,0.0039987095839623685,0.88,0.5149127308617497,0.30777338481602984,[0.         0.         0.         0.         0.01380045 0.         0.         0.         0.01509028 0.         0.         0.         0.         0.01509028 0.         0.         0.01380045 0.01380045 0.         0.         0.         0.         0.02222013 0.         0.01509028 0.01509028 0.         0.85852635 0.         0.         0.01749104],[0. 0. 0. 0. 1. 0. 0. 0. 1. 0. 0. 0. 0. 1. 0. 0. 1. 1. 0. 0. 0. 0. 1. 0. 1. 1. 0. 1. 0. 0. 1.],10.0,best,10000,100000,100,0.9,0.5,0.9,0.5,0.9,1,1.0,1,10,,problem_solving,10
9600,0.034205,0.148966,0.0039987095839623685,0.884,0.5118950200330946,0.614987729489139,[0.         0.         0.         0.         0.01380045 0.         0.         0.         0.01509028 0.         0.         0.         0.         0.01509028 0.         0.         0.01380045 0.01380045 0.         0.         0.         0.         0.02222013 0.         0.01509028 0.01509028 0.         0.85852635 0.         0.         0.01749104],[0. 0. 0. 0. 1. 0. 0. 0. 1. 0. 0. 0. 0. 1. 0. 0. 1. 1. 0. 0. 0. 0. 1. 0. 1. 1. 0. 1. 0. 0. 1.],10.0,best,10000,100000,100,0.9,0.5,0.9,0.5,0.9,1,1.0,1,10,,problem_solving,10
9700,0.034205,0.148966,0.0039987095839623685,0.888,0.5088949948783402,-0.028482132450099267,[0.         0.         0.         0.         0.01380045 0.         0.         0.         0.01509028 0.         0.         0.         0.         0.01509028 0.         0.         0.01380045 0.01380045 0.         0.         0.         0.         0.02222013 0.         0.01509028 0.01509028 0.         0.85852635 0.         0.         0.01749104],[0. 0. 0. 0. 1. 0. 0. 0. 1. 0. 0. 0. 0. 1. 0. 0. 1. 1. 0. 0. 0. 0. 1. 0. 1. 1. 0. 1. 0. 0. 1.],10.0,best,10000,100000,100,0.9,0.5,0.9,0.5,0.9,1,1.0,1,10,,problem_solving,10
9800,0.034205,0.148966,0.0039987095839623685,0.892,0.5059125517483702,0.8119864651074414,[0.         0.         0.         0.         0.01380045 0.         0.         0.         0.01509028 0.         0.         0.         0.         0.01509028 0.         0.         0.01380045 0.01380045 0.         0.         0.         0.         0.02222013 0.         0.01509028 0.01509028 0.         0.85852635 0.         0.         0.01749104],[0. 0. 0. 0. 1. 0. 0. 0. 1. 0. 0. 0. 0. 1. 0. 0. 1. 1. 0. 0. 0. 0. 1. 0. 1. 1. 0. 1. 0. 0. 1.],10.0,best,10000,100000,100,0.9,0.5,0.9,0.5,0.9,1,1.0,1,10,,problem_solving,10
9900,0.034205,0.148966,0.0039987095839623685,0.896,0.5029475876015165,0.2405240626978313,[0.         0.         0.         0.         0.01380045 0.         0.         0.         0.01509028 0.         0.         0.         0.         0.01509028 0.         0.         0.01380045 0.01380045 0.         0.         0.         0.         0.02222013 0.         0.01509028 0.01509028 0.         0.85852635 0.         0.         0.01749104],[0. 0. 0. 0. 1. 0. 0. 0. 1. 0. 0. 0. 0. 1. 0. 0. 1. 1. 0. 0. 0. 0. 1. 0. 1. 1. 0. 1. 0. 0. 1.],10.0,best,10000,100000,100,0.9,0.5,0.9,0.5,0.9,1,1.0,1,10,,problem_solving,10
9999,0.034205,0.148966,0.0039987095839623685,0.8999600000000001,0.500029390196995,-0.7095231956883747,[0.         0.         0.         0.         0.01380045 0.         0.         0.         0.01509028 0.         0.         0.         0.         0.01509028 0.         0.         0.01380045 0.01380045 0.         0.         0.         0.         0.02222013 0.         0.01509028 0.01509028 0.         0.85852635 0.         0.         0.01749104],[0. 0. 0. 0. 1. 0. 0. 0. 1. 0. 0. 0. 0. 1. 0. 0. 1. 1. 0. 0. 0. 0. 1. 0. 1. 1. 0. 1. 0. 0. 1.],10.0,best,10000,100000,100,0.9,0.5,0.9,0.5,0.9,1,1.0,1,10,,problem_solving,10
