iter,cost,risk,return,par,bw,move,X,Z,Q,pop_init,max_iter,pop_size,mem_size,mem_consider,par_min,par_max,bw_min,bw_max,sigma,lambda,port_n,k,seed,tag
1,0.08297912308479899,0.139135,0.004854427987694896,0.1004,0.69863918733465,-0.031241854381805635,[0.         0.         0.         0.         0.09978524 0.02407071 0.         0.         0.03482528 0.         0.         0.         0.0311059  0.         0.         0.         0.02735219 0.         0.         0.         0.         0.         0.         0.         0.         0.42672008 0.         0.32980976 0.         0.02633084 0.        ],[0. 0. 0. 0. 1. 1. 0. 0. 1. 0. 0. 0. 1. 0. 0. 0. 1. 0. 0. 0. 0. 0. 0. 0. 0. 1. 0. 1. 0. 1. 0.],8.0,best,1000,100,10,0.9,0.1,0.5,0.1,0.7,0.03,0.61,1,8,,problem_solving
10,0.08297912308479899,0.139135,0.004854427987694896,0.10400000000000001,0.6865103033060405,0.02612165080621184,[0.         0.         0.         0.         0.09978524 0.02407071 0.         0.         0.03482528 0.         0.         0.         0.0311059  0.         0.         0.         0.02735219 0.         0.         0.         0.         0.         0.         0.         0.         0.42672008 0.         0.32980976 0.         0.02633084 0.        ],[0. 0. 0. 0. 1. 1. 0. 0. 1. 0. 0. 0. 1. 0. 0. 0. 1. 0. 0. 0. 0. 0. 0. 0. 0. 1. 0. 1. 0. 1. 0.],8.0,best,1000,100,10,0.9,0.1,0.5,0.1,0.7,0.03,0.61,1,8,,problem_solving
20,0.06535219666240753,0.169328,0.003986213968151225,0.10800000000000001,0.6732805664933595,0.030609944980856844,[0.         0.         0.         0.         0.33758316 0.02172412 0.         0.         0.         0.01727062 0.         0.         0.         0.         0.         0.         0.01749064 0.         0.01600548 0.0165905  0.         0.         0.         0.         0.         0.36310493 0.         0.21023054 0.         0.         0.        ],[0. 0. 0. 0. 1. 1. 0. 0. 0. 1. 0. 0. 0. 0. 0. 0. 1. 0. 1. 1. 0. 0. 0. 0. 0. 1. 0. 1. 0. 0. 0.],8.0,best,1000,100,10,0.9,0.1,0.5,0.1,0.7,0.03,0.61,1,8,,problem_solving
30,0.06535219666240753,0.169328,0.003986213968151225,0.112,0.6603057798763129,-0.01783539905727473,[0.         0.         0.         0.         0.33758316 0.02172412 0.         0.         0.         0.01727062 0.         0.         0.         0.         0.         0.         0.01749064 0.         0.01600548 0.0165905  0.         0.         0.         0.         0.         0.36310493 0.         0.21023054 0.         0.         0.        ],[0. 0. 0. 0. 1. 1. 0. 0. 0. 1. 0. 0. 0. 0. 0. 0. 1. 0. 1. 1. 0. 0. 0. 0. 0. 1. 0. 1. 0. 0. 0.],8.0,best,1000,100,10,0.9,0.1,0.5,0.1,0.7,0.03,0.61,1,8,,problem_solving
40,0.06535219666240753,0.169328,0.003986213968151225,0.116,0.6475810303108847,-0.021846288923580745,[0.         0.         0.         0.         0.33758316 0.02172412 0.         0.         0.         0.01727062 0.         0.         0.         0.         0.         0.         0.01749064 0.         0.01600548 0.0165905  0.         0.         0.         0.         0.         0.36310493 0.         0.21023054 0.         0.         0.        ],[0. 0. 0. 0. 1. 1. 0. 0. 0. 1. 0. 0. 0. 0. 0. 0. 1. 0. 1. 1. 0. 0. 0. 0. 0. 1. 0. 1. 0. 0. 0.],8.0,best,1000,100,10,0.9,0.1,0.5,0.1,0.7,0.03,0.61,1,8,,problem_solving
50,0.06535219666240753,0.169328,0.003986213968151225,0.12000000000000001,0.6351014993342337,-0.004467584236908429,[0.         0.         0.         0.         0.33758316 0.02172412 0.         0.         0.         0.01727062 0.         0.         0.         0.         0.         0.         0.01749064 0.         0.01600548 0.0165905  0.         0.         0.         0.         0.         0.36310493 0.         0.21023054 0.         0.         0.        ],[0. 0. 0. 0. 1. 1. 0. 0. 0. 1. 0. 0. 0. 0. 0. 0. 1. 0. 1. 1. 0. 0. 0. 0. 0. 1. 0. 1. 0. 0. 0.],8.0,best,1000,100,10,0.9,0.1,0.5,0.1,0.7,0.03,0.61,1,8,,problem_solving
60,0.06535219666240753,0.169328,0.003986213968151225,0.124,0.622862461340094,0.029602549487446936,[0.         0.         0.         0.         0.33758316 0.02172412 0.         0.         0.         0.01727062 0.         0.         0.         0.         0.         0.         0.01749064 0.         0.01600548 0.0165905  0.         0.         0.         0.         0.         0.36310493 0.         0.21023054 0.         0.         0.        ],[0. 0. 0. 0. 1. 1. 0. 0. 0. 1. 0. 0. 0. 0. 0. 0. 1. 0. 1. 1. 0. 0. 0. 0. 0. 1. 0. 1. 0. 0. 0.],8.0,best,1000,100,10,0.9,0.1,0.5,0.1,0.7,0.03,0.61,1,8,,problem_solving
70,0.054310901224956964,0.15331,0.0050326850747904155,0.128,0.6108592817893356,0.029083947694511152,[0.         0.         0.         0.         0.08399893 0.         0.01918234 0.         0.04856375 0.         0.         0.         0.         0.04066195 0.         0.         0.         0.01918234 0.         0.         0.         0.         0.         0.         0.         0.39244646 0.         0.37678188 0.         0.01918234 0.        ],[0. 0. 0. 0. 1. 0. 1. 0. 1. 0. 0. 0. 0. 1. 0. 0. 0. 1. 0. 0. 0. 0. 0. 0. 0. 1. 0. 1. 0. 1. 0.],8.0,best,1000,100,10,0.9,0.1,0.5,0.1,0.7,0.03,0.61,1,8,,problem_solving
80,0.054310901224956964,0.15331,0.0050326850747904155,0.132,0.5990874154550098,-0.009380215110279255,[0.         0.         0.         0.         0.08399893 0.         0.01918234 0.         0.04856375 0.         0.         0.         0.         0.04066195 0.         0.         0.         0.01918234 0.         0.         0.         0.         0.         0.         0.         0.39244646 0.         0.37678188 0.         0.01918234 0.        ],[0. 0. 0. 0. 1. 0. 1. 0. 1. 0. 0. 0. 0. 1. 0. 0. 0. 1. 0. 0. 0. 0. 0. 0. 0. 1. 0. 1. 0. 1. 0.],8.0,best,1000,100,10,0.9,0.1,0.5,0.1,0.7,0.03,0.61,1,8,,problem_solving
90,0.054310901224956964,0.15331,0.0050326850747904155,0.136,0.5875424047012152,0.018035466372859597,[0.         0.         0.         0.         0.08399893 0.         0.01918234 0.         0.04856375 0.         0.         0.         0.         0.04066195 0.         0.         0.         0.01918234 0.         0.         0.         0.         0.         0.         0.         0.39244646 0.         0.37678188 0.         0.01918234 0.        ],[0. 0. 0. 0. 1. 0. 1. 0. 1. 0. 0. 0. 0. 1. 0. 0. 0. 1. 0. 0. 0. 0. 0. 0. 0. 1. 0. 1. 0. 1. 0.],8.0,best,1000,100,10,0.9,0.1,0.5,0.1,0.7,0.03,0.61,1,8,,problem_solving
100,0.054310901224956964,0.15331,0.0050326850747904155,0.14,0.576219877795131,0.005915354251266712,[0.         0.         0.         0.         0.08399893 0.         0.01918234 0.         0.04856375 0.         0.         0.         0.         0.04066195 0.         0.         0.         0.01918234 0.         0.         0.         0.         0.         0.         0.         0.39244646 0.         0.37678188 0.         0.01918234 0.        ],[0. 0. 0. 0. 1. 0. 1. 0. 1. 0. 0. 0. 0. 1. 0. 0. 0. 1. 0. 0. 0. 0. 0. 0. 0. 1. 0. 1. 0. 1. 0.],8.0,best,1000,100,10,0.9,0.1,0.5,0.1,0.7,0.03,0.61,1,8,,problem_solving
110,0.054310901224956964,0.15331,0.0050326850747904155,0.14400000000000002,0.5651155472515784,-0.005333474954176162,[0.         0.         0.         0.         0.08399893 0.         0.01918234 0.         0.04856375 0.         0.         0.         0.         0.04066195 0.         0.         0.         0.01918234 0.         0.         0.         0.         0.         0.         0.         0.39244646 0.         0.37678188 0.         0.01918234 0.        ],[0. 0. 0. 0. 1. 0. 1. 0. 1. 0. 0. 0. 0. 1. 0. 0. 0. 1. 0. 0. 0. 0. 0. 0. 0. 1. 0. 1. 0. 1. 0.],8.0,best,1000,100,10,0.9,0.1,0.5,0.1,0.7,0.03,0.61,1,8,,problem_solving
120,0.054310901224956964,0.15331,0.0050326850747904155,0.14800000000000002,0.554225208209486,0.004114950722409014,[0.         0.         0.         0.         0.08399893 0.         0.01918234 0.         0.04856375 0.         0.         0.         0.         0.04066195 0.         0.         0.         0.01918234 0.         0.         0.         0.         0.         0.         0.         0.39244646 0.         0.37678188 0.         0.01918234 0.        ],[0. 0. 0. 0. 1. 0. 1. 0. 1. 0. 0. 0. 0. 1. 0. 0. 0. 1. 0. 0. 0. 0. 0. 0. 0. 1. 0. 1. 0. 1. 0.],8.0,best,1000,100,10,0.9,0.1,0.5,0.1,0.7,0.03,0.61,1,8,,problem_solving
130,0.054310901224956964,0.15331,0.0050326850747904155,0.15200000000000002,0.5435447368396396,-0.014584762672147263,[0.         0.         0.         0.         0.08399893 0.         0.01918234 0.         0.04856375 0.         0.         0.         0.         0.04066195 0.         0.         0.         0.01918234 0.         0.         0.         0.         0.         0.         0.         0.39244646 0.         0.37678188 0.         0.01918234 0.        ],[0. 0. 0. 0. 1. 0. 1. 0. 1. 0. 0. 0. 0. 1. 0. 0. 0. 1. 0. 0. 0. 0. 0. 0. 0. 1. 0. 1. 0. 1. 0.],8.0,best,1000,100,10,0.9,0.1,0.5,0.1,0.7,0.03,0.61,1,8,,problem_solving
140,0.05304728932724952,0.173908,0.0029633455432058215,0.156,0.5330700887831185,-0.00226692092428585,[0.01810593 0.         0.         0.         0.09166954 0.         0.         0.         0.04451923 0.         0.         0.         0.         0.         0.         0.         0.         0.         0.01810593 0.         0.         0.         0.         0.         0.         0.25212924 0.         0.49366937 0.         0.01810593 0.06369483],[1. 0. 0. 0. 1. 0. 0. 0. 1. 0. 0. 0. 0. 0. 0. 0. 0. 0. 1. 0. 0. 0. 0. 0. 0. 1. 0. 1. 0. 1. 1.],8.0,best,1000,100,10,0.9,0.1,0.5,0.1,0.7,0.03,0.61,1,8,,problem_solving
150,0.05304728932724952,0.173908,0.0029633455432058215,0.16,0.5227972976198237,0.01253016404460142,[0.01810593 0.         0.         0.         0.09166954 0.         0.         0.         0.04451923 0.         0.         0.         0.         0.         0.         0.         0.         0.         0.01810593 0.         0.         0.         0.         0.         0.         0.25212924 0.         0.49366937 0.         0.01810593 0.06369483],[1. 0. 0. 0. 1. 0. 0. 0. 1. 0. 0. 0. 0. 0. 0. 0. 0. 0. 1. 0. 0. 0. 0. 0. 0. 1. 0. 1. 0. 1. 1.],8.0,best,1000,100,10,0.9,0.1,0.5,0.1,0.7,0.03,0.61,1,8,,problem_solving
160,0.05304728932724952,0.173908,0.0029633455432058215,0.164,0.5127224733665192,0.017892012575847042,[0.01810593 0.         0.         0.         0.09166954 0.         0.         0.         0.04451923 0.         0.         0.         0.         0.         0.         0.         0.         0.         0.01810593 0.         0.         0.         0.         0.         0.         0.25212924 0.         0.49366937 0.         0.01810593 0.06369483],[1. 0. 0. 0. 1. 0. 0. 0. 1. 0. 0. 0. 0. 0. 0. 0. 0. 0. 1. 0. 0. 0. 0. 0. 0. 1. 0. 1. 0. 1. 1.],8.0,best,1000,100,10,0.9,0.1,0.5,0.1,0.7,0.03,0.61,1,8,,problem_solving
170,0.05304728932724952,0.173908,0.0029633455432058215,0.168,0.5028418010038177,-0.012654161238458785,[0.01810593 0.         0.         0.         0.09166954 0.         0.         0.         0.04451923 0.         0.         0.         0.         0.         0.         0.         0.         0.         0.01810593 0.         0.         0.         0.         0.         0.         0.25212924 0.         0.49366937 0.         0.01810593 0.06369483],[1. 0. 0. 0. 1. 0. 0. 0. 1. 0. 0. 0. 0. 0. 0. 0. 0. 0. 1. 0. 0. 0. 0. 0. 0. 1. 0. 1. 0. 1. 1.],8.0,best,1000,100,10,0.9,0.1,0.5,0.1,0.7,0.03,0.61,1,8,,problem_solving
180,0.05304728932724952,0.173908,0.0029633455432058215,0.17200000000000001,0.4931515390315523,0.003955729509786411,[0.01810593 0.         0.         0.         0.09166954 0.         0.         0.         0.04451923 0.         0.         0.         0.         0.         0.         0.         0.         0.         0.01810593 0.         0.         0.         0.         0.         0.         0.25212924 0.         0.49366937 0.         0.01810593 0.06369483],[1. 0. 0. 0. 1. 0. 0. 0. 1. 0. 0. 0. 0. 0. 0. 0. 0. 0. 1. 0. 0. 0. 0. 0. 0. 1. 0. 1. 0. 1. 1.],8.0,best,1000,100,10,0.9,0.1,0.5,0.1,0.7,0.03,0.61,1,8,,problem_solving
190,0.05304728932724952,0.173908,0.0029633455432058215,0.176,0.48364801805198804,0.016833569924311974,[0.01810593 0.         0.         0.         0.09166954 0.         0.         0.         0.04451923 0.         0.         0.         0.         0.         0.         0.         0.         0.         0.01810593 0.         0.         0.         0.         0.         0.         0.25212924 0.         0.49366937 0.         0.01810593 0.06369483],[1. 0. 0. 0. 1. 0. 0. 0. 1. 0. 0. 0. 0. 0. 0. 0. 0. 0. 1. 0. 0. 0. 0. 0. 0. 1. 0. 1. 0. 1. 1.],8.0,best,1000,100,10,0.9,0.1,0.5,0.1,0.7,0.03,0.61,1,8,,problem_solving
200,0.05304728932724952,0.173908,0.0029633455432058215,0.18,0.4743276393803366,-0.01720330745634595,[0.01810593 0.         0.         0.         0.09166954 0.         0.         0.         0.04451923 0.         0.         0.         0.         0.         0.         0.         0.         0.         0.01810593 0.         0.         0.         0.         0.         0.         0.25212924 0.         0.49366937 0.         0.01810593 0.06369483],[1. 0. 0. 0. 1. 0. 0. 0. 1. 0. 0. 0. 0. 0. 0. 0. 0. 0. 1. 0. 0. 0. 0. 0. 0. 1. 0. 1. 0. 1. 1.],8.0,best,1000,100,10,0.9,0.1,0.5,0.1,0.7,0.03,0.61,1,8,,problem_solving
210,0.048395610548365484,0.184351,0.0034606881807034565,0.184,0.4651868736820473,-0.013592274131752909,[0.         0.         0.         0.         0.07428334 0.01701251 0.         0.         0.03945093 0.02044576 0.         0.         0.         0.         0.         0.         0.         0.         0.03512008 0.         0.         0.         0.         0.         0.         0.40397768 0.         0.35618605 0.         0.         0.05352365],[0. 0. 0. 0. 1. 1. 0. 0. 1. 1. 0. 0. 0. 0. 0. 0. 0. 0. 1. 0. 0. 0. 0. 0. 0. 1. 0. 1. 0. 0. 1.],8.0,best,1000,100,10,0.9,0.1,0.5,0.1,0.7,0.03,0.61,1,8,,problem_solving
220,0.04509772082613689,0.179949,0.004398686900865114,0.188,0.4562222596363586,-0.00942376595272645,[0.         0.         0.         0.         0.1775716  0.         0.         0.         0.         0.         0.         0.         0.         0.03085225 0.         0.         0.03918941 0.         0.01884177 0.         0.         0.         0.         0.         0.         0.         0.01887918 0.66914445 0.02240971 0.02311164 0.        ],[0. 0. 0. 0. 1. 0. 0. 0. 0. 0. 0. 0. 0. 1. 0. 0. 1. 0. 1. 0. 0. 0. 0. 0. 0. 0. 1. 1. 1. 1. 0.],8.0,best,1000,100,10,0.9,0.1,0.5,0.1,0.7,0.03,0.61,1,8,,problem_solving
230,0.04509772082613689,0.179949,0.004398686900865114,0.192,0.44743040262560535,0.0003695143765810262,[0.         0.         0.         0.         0.1775716  0.         0.         0.         0.         0.         0.         0.         0.         0.03085225 0.         0.         0.03918941 0.         0.01884177 0.         0.         0.         0.         0.         0.         0.         0.01887918 0.66914445 0.02240971 0.02311164 0.        ],[0. 0. 0. 0. 1. 0. 0. 0. 0. 0. 0. 0. 0. 1. 0. 0. 1. 0. 1. 0. 0. 0. 0. 0. 0. 0. 1. 1. 1. 1. 0.],8.0,best,1000,100,10,0.9,0.1,0.5,0.1,0.7,0.03,0.61,1,8,,problem_solving
240,0.04509772082613689,0.179949,0.004398686900865114,0.196,0.438807973449783,0.011962000452208474,[0.         0.         0.         0.         0.1775716  0.         0.         0.         0.         0.         0.         0.         0.         0.03085225 0.         0.         0.03918941 0.         0.01884177 0.         0.         0.         0.         0.         0.         0.         0.01887918 0.66914445 0.02240971 0.02311164 0.        ],[0. 0. 0. 0. 1. 0. 0. 0. 0. 0. 0. 0. 0. 1. 0. 0. 1. 0. 1. 0. 0. 0. 0. 0. 0. 0. 1. 1. 1. 1. 0.],8.0,best,1000,100,10,0.9,0.1,0.5,0.1,0.7,0.03,0.61,1,8,,problem_solving
250,0.04509772082613689,0.179949,0.004398686900865114,0.2,0.430351707065885,0.012780136237340563,[0.         0.         0.         0.         0.1775716  0.         0.         0.         0.         0.         0.         0.         0.         0.03085225 0.         0.         0.03918941 0.         0.01884177 0.         0.         0.         0.         0.         0.         0.         0.01887918 0.66914445 0.02240971 0.02311164 0.        ],[0. 0. 0. 0. 1. 0. 0. 0. 0. 0. 0. 0. 0. 1. 0. 0. 1. 0. 1. 0. 0. 0. 0. 0. 0. 0. 1. 1. 1. 1. 0.],8.0,best,1000,100,10,0.9,0.1,0.5,0.1,0.7,0.03,0.61,1,8,,problem_solving
260,0.04509772082613689,0.179949,0.004398686900865114,0.20400000000000001,0.4220584013515329,0.017137795611045975,[0.         0.         0.         0.         0.1775716  0.         0.         0.         0.         0.         0.         0.         0.         0.03085225 0.         0.         0.03918941 0.         0.01884177 0.         0.         0.         0.         0.         0.         0.         0.01887918 0.66914445 0.02240971 0.02311164 0.        ],[0. 0. 0. 0. 1. 0. 0. 0. 0. 0. 0. 0. 0. 1. 0. 0. 1. 0. 1. 0. 0. 0. 0. 0. 0. 0. 1. 1. 1. 1. 0.],8.0,best,1000,100,10,0.9,0.1,0.5,0.1,0.7,0.03,0.61,1,8,,problem_solving
270,0.04509772082613689,0.179949,0.004398686900865114,0.20800000000000002,0.4139249158924335,0.022231943209667177,[0.         0.         0.         0.         0.1775716  0.         0.         0.         0.         0.         0.         0.         0.         0.03085225 0.         0.         0.03918941 0.         0.01884177 0.         0.         0.         0.         0.         0.         0.         0.01887918 0.66914445 0.02240971 0.02311164 0.        ],[0. 0. 0. 0. 1. 0. 0. 0. 0. 0. 0. 0. 0. 1. 0. 0. 1. 0. 1. 0. 0. 0. 0. 0. 0. 0. 1. 1. 1. 1. 0.],8.0,best,1000,100,10,0.9,0.1,0.5,0.1,0.7,0.03,0.61,1,8,,problem_solving
280,0.04509772082613689,0.179949,0.004398686900865114,0.21200000000000002,0.40594817079320256,-0.016412126373726424,[0.         0.         0.         0.         0.1775716  0.         0.         0.         0.         0.         0.         0.         0.         0.03085225 0.         0.         0.03918941 0.         0.01884177 0.         0.         0.         0.         0.         0.         0.         0.01887918 0.66914445 0.02240971 0.02311164 0.        ],[0. 0. 0. 0. 1. 0. 0. 0. 0. 0. 0. 0. 0. 1. 0. 0. 1. 0. 1. 0. 0. 0. 0. 0. 0. 0. 1. 1. 1. 1. 0.],8.0,best,1000,100,10,0.9,0.1,0.5,0.1,0.7,0.03,0.61,1,8,,problem_solving
290,0.04509772082613689,0.179949,0.004398686900865114,0.21600000000000003,0.3981251455111055,0.012946688620680418,[0.         0.         0.         0.         0.1775716  0.         0.         0.         0.         0.         0.         0.         0.         0.03085225 0.         0.         0.03918941 0.         0.01884177 0.         0.         0.         0.         0.         0.         0.         0.01887918 0.66914445 0.02240971 0.02311164 0.        ],[0. 0. 0. 0. 1. 0. 0. 0. 0. 0. 0. 0. 0. 1. 0. 0. 1. 0. 1. 0. 0. 0. 0. 0. 0. 0. 1. 1. 1. 1. 0.],8.0,best,1000,100,10,0.9,0.1,0.5,0.1,0.7,0.03,0.61,1,8,,problem_solving
300,0.04509772082613689,0.179949,0.004398686900865114,0.22000000000000003,0.3904528777122722,0.01781369045414628,[0.         0.         0.         0.         0.1775716  0.         0.         0.         0.         0.         0.         0.         0.         0.03085225 0.         0.         0.03918941 0.         0.01884177 0.         0.         0.         0.         0.         0.         0.         0.01887918 0.66914445 0.02240971 0.02311164 0.        ],[0. 0. 0. 0. 1. 0. 0. 0. 0. 0. 0. 0. 0. 1. 0. 0. 1. 0. 1. 0. 0. 0. 0. 0. 0. 0. 1. 1. 1. 1. 0.],8.0,best,1000,100,10,0.9,0.1,0.5,0.1,0.7,0.03,0.61,1,8,,problem_solving
310,0.04509772082613689,0.179949,0.004398686900865114,0.224,0.3829284621499548,-0.0039834167857148925,[0.         0.         0.         0.         0.1775716  0.         0.         0.         0.         0.         0.         0.         0.         0.03085225 0.         0.         0.03918941 0.         0.01884177 0.         0.         0.         0.         0.         0.         0.         0.01887918 0.66914445 0.02240971 0.02311164 0.        ],[0. 0. 0. 0. 1. 0. 0. 0. 0. 0. 0. 0. 0. 1. 0. 0. 1. 0. 1. 0. 0. 0. 0. 0. 0. 0. 1. 1. 1. 1. 0.],8.0,best,1000,100,10,0.9,0.1,0.5,0.1,0.7,0.03,0.61,1,8,,problem_solving
320,0.04509772082613689,0.179949,0.004398686900865114,0.228,0.3755490495644016,-0.002097438802583866,[0.         0.         0.         0.         0.1775716  0.         0.         0.         0.         0.         0.         0.         0.         0.03085225 0.         0.         0.03918941 0.         0.01884177 0.         0.         0.         0.         0.         0.         0.         0.01887918 0.66914445 0.02240971 0.02311164 0.        ],[0. 0. 0. 0. 1. 0. 0. 0. 0. 0. 0. 0. 0. 1. 0. 0. 1. 0. 1. 0. 0. 0. 0. 0. 0. 0. 1. 1. 1. 1. 0.],8.0,best,1000,100,10,0.9,0.1,0.5,0.1,0.7,0.03,0.61,1,8,,problem_solving
330,0.04509772082613689,0.179949,0.004398686900865114,0.232,0.3683118456039322,0.0009881235524742318,[0.         0.         0.         0.         0.1775716  0.         0.         0.         0.         0.         0.         0.         0.         0.03085225 0.         0.         0.03918941 0.         0.01884177 0.         0.         0.         0.         0.         0.         0.         0.01887918 0.66914445 0.02240971 0.02311164 0.        ],[0. 0. 0. 0. 1. 0. 0. 0. 0. 0. 0. 0. 0. 1. 0. 0. 1. 0. 1. 0. 0. 0. 0. 0. 0. 0. 1. 1. 1. 1. 0.],8.0,best,1000,100,10,0.9,0.1,0.5,0.1,0.7,0.03,0.61,1,8,,problem_solving
340,0.04509772082613689,0.179949,0.004398686900865114,0.23600000000000002,0.3612141097668044,-0.025571626290071946,[0.         0.         0.         0.         0.1775716  0.         0.         0.         0.         0.         0.         0.         0.         0.03085225 0.         0.         0.03918941 0.         0.01884177 0.         0.         0.         0.         0.         0.         0.         0.01887918 0.66914445 0.02240971 0.02311164 0.        ],[0. 0. 0. 0. 1. 0. 0. 0. 0. 0. 0. 0. 0. 1. 0. 0. 1. 0. 1. 0. 0. 0. 0. 0. 0. 0. 1. 1. 1. 1. 0.],8.0,best,1000,100,10,0.9,0.1,0.5,0.1,0.7,0.03,0.61,1,8,,problem_solving
350,0.04509772082613689,0.179949,0.004398686900865114,0.24000000000000002,0.3542531543634719,-0.007140302533222986,[0.         0.         0.         0.         0.1775716  0.         0.         0.         0.         0.         0.         0.         0.         0.03085225 0.         0.         0.03918941 0.         0.01884177 0.         0.         0.         0.         0.         0.         0.         0.01887918 0.66914445 0.02240971 0.02311164 0.        ],[0. 0. 0. 0. 1. 0. 0. 0. 0. 0. 0. 0. 0. 1. 0. 0. 1. 0. 1. 0. 0. 0. 0. 0. 0. 0. 1. 1. 1. 1. 0.],8.0,best,1000,100,10,0.9,0.1,0.5,0.1,0.7,0.03,0.61,1,8,,problem_solving
360,0.04509772082613689,0.179949,0.004398686900865114,0.24400000000000002,0.3474263434988409,0.018169892438155155,[0.         0.         0.         0.         0.1775716  0.         0.         0.         0.         0.         0.         0.         0.         0.03085225 0.         0.         0.03918941 0.         0.01884177 0.         0.         0.         0.         0.         0.         0.         0.01887918 0.66914445 0.02240971 0.02311164 0.        ],[0. 0. 0. 0. 1. 0. 0. 0. 0. 0. 0. 0. 0. 1. 0. 0. 1. 0. 1. 0. 0. 0. 0. 0. 0. 0. 1. 1. 1. 1. 0.],8.0,best,1000,100,10,0.9,0.1,0.5,0.1,0.7,0.03,0.61,1,8,,problem_solving
370,0.04509772082613689,0.179949,0.004398686900865114,0.24800000000000003,0.3407310920741399,-0.00801606893199212,[0.         0.         0.         0.         0.1775716  0.         0.         0.         0.         0.         0.         0.         0.         0.03085225 0.         0.         0.03918941 0.         0.01884177 0.         0.         0.         0.         0.         0.         0.         0.01887918 0.66914445 0.02240971 0.02311164 0.        ],[0. 0. 0. 0. 1. 0. 0. 0. 0. 0. 0. 0. 0. 1. 0. 0. 1. 0. 1. 0. 0. 0. 0. 0. 0. 0. 1. 1. 1. 1. 0.],8.0,best,1000,100,10,0.9,0.1,0.5,0.1,0.7,0.03,0.61,1,8,,problem_solving
380,0.04509772082613689,0.179949,0.004398686900865114,0.252,0.33416486480802304,-0.011392322100976758,[0.         0.         0.         0.         0.1775716  0.         0.         0.         0.         0.         0.         0.         0.         0.03085225 0.         0.         0.03918941 0.         0.01884177 0.         0.         0.         0.         0.         0.         0.         0.01887918 0.66914445 0.02240971 0.02311164 0.        ],[0. 0. 0. 0. 1. 0. 0. 0. 0. 0. 0. 0. 0. 1. 0. 0. 1. 0. 1. 0. 0. 0. 0. 0. 0. 0. 1. 1. 1. 1. 0.],8.0,best,1000,100,10,0.9,0.1,0.5,0.1,0.7,0.03,0.61,1,8,,problem_solving
390,0.04509772082613689,0.179949,0.004398686900865114,0.256,0.3277251752765399,0.004869985114181573,[0.         0.         0.         0.         0.1775716  0.         0.         0.         0.         0.         0.         0.         0.         0.03085225 0.         0.         0.03918941 0.         0.01884177 0.         0.         0.         0.         0.         0.         0.         0.01887918 0.66914445 0.02240971 0.02311164 0.        ],[0. 0. 0. 0. 1. 0. 0. 0. 0. 0. 0. 0. 0. 1. 0. 0. 1. 0. 1. 0. 0. 0. 0. 0. 0. 0. 1. 1. 1. 1. 0.],8.0,best,1000,100,10,0.9,0.1,0.5,0.1,0.7,0.03,0.61,1,8,,problem_solving
400,0.04509772082613689,0.179949,0.004398686900865114,0.26,0.3214095849716039,0.004024763319613466,[0.         0.         0.         0.         0.1775716  0.         0.         0.         0.         0.         0.         0.         0.         0.03085225 0.         0.         0.03918941 0.         0.01884177 0.         0.         0.         0.         0.         0.         0.         0.01887918 0.66914445 0.02240971 0.02311164 0.        ],[0. 0. 0. 0. 1. 0. 0. 0. 0. 0. 0. 0. 0. 1. 0. 0. 1. 0. 1. 0. 0. 0. 0. 0. 0. 0. 1. 1. 1. 1. 0.],8.0,best,1000,100,10,0.9,0.1,0.5,0.1,0.7,0.03,0.61,1,8,,problem_solving
410,0.04509772082613689,0.179949,0.004398686900865114,0.264,0.31521570237760627,-0.028536309014912126,[0.         0.         0.         0.         0.1775716  0.         0.         0.         0.         0.         0.         0.         0.         0.03085225 0.         0.         0.03918941 0.         0.01884177 0.         0.         0.         0.         0.         0.         0.         0.01887918 0.66914445 0.02240971 0.02311164 0.        ],[0. 0. 0. 0. 1. 0. 0. 0. 0. 0. 0. 0. 0. 1. 0. 0. 1. 0. 1. 0. 0. 0. 0. 0. 0. 0. 1. 1. 1. 1. 0.],8.0,best,1000,100,10,0.9,0.1,0.5,0.1,0.7,0.03,0.61,1,8,,problem_solving
420,0.04509772082613689,0.179949,0.004398686900865114,0.268,0.30914118206582436,-0.0071688403994791036,[0.         0.         0.         0.         0.1775716  0.         0.         0.         0.         0.         0.         0.         0.         0.03085225 0.         0.         0.03918941 0.         0.01884177 0.         0.         0.         0.         0.         0.         0.         0.01887918 0.66914445 0.02240971 0.02311164 0.        ],[0. 0. 0. 0. 1. 0. 0. 0. 0. 0. 0. 0. 0. 1. 0. 0. 1. 0. 1. 0. 0. 0. 0. 0. 0. 0. 1. 1. 1. 1. 0.],8.0,best,1000,100,10,0.9,0.1,0.5,0.1,0.7,0.03,0.61,1,8,,problem_solving
430,0.04509772082613689,0.179949,0.004398686900865114,0.272,0.3031837238062814,0.01709095489858639,[0.         0.         0.         0.         0.1775716  0.         0.         0.         0.         0.         0.         0.         0.         0.03085225 0.         0.         0.03918941 0.         0.01884177 0.         0.         0.         0.         0.         0.         0.         0.01887918 0.66914445 0.02240971 0.02311164 0.        ],[0. 0. 0. 0. 1. 0. 0. 0. 0. 0. 0. 0. 0. 1. 0. 0. 1. 0. 1. 0. 0. 0. 0. 0. 0. 0. 1. 1. 1. 1. 0.],8.0,best,1000,100,10,0.9,0.1,0.5,0.1,0.7,0.03,0.61,1,8,,problem_solving
440,0.04509772082613689,0.179949,0.004398686900865114,0.276,0.29734107169672147,0.016154462273221547,[0.         0.         0.         0.         0.1775716  0.         0.         0.         0.         0.         0.         0.         0.         0.03085225 0.         0.         0.03918941 0.         0.01884177 0.         0.         0.         0.         0.         0.         0.         0.01887918 0.66914445 0.02240971 0.02311164 0.        ],[0. 0. 0. 0. 1. 0. 0. 0. 0. 0. 0. 0. 0. 1. 0. 0. 1. 0. 1. 0. 0. 0. 0. 0. 0. 0. 1. 1. 1. 1. 0.],8.0,best,1000,100,10,0.9,0.1,0.5,0.1,0.7,0.03,0.61,1,8,,problem_solving
450,0.04509772082613689,0.179949,0.004398686900865114,0.28,0.2916110133083706,0.0035373499995183613,[0.         0.         0.         0.         0.1775716  0.         0.         0.         0.         0.         0.         0.         0.         0.03085225 0.         0.         0.03918941 0.         0.01884177 0.         0.         0.         0.         0.         0.         0.         0.01887918 0.66914445 0.02240971 0.02311164 0.        ],[0. 0. 0. 0. 1. 0. 0. 0. 0. 0. 0. 0. 0. 1. 0. 0. 1. 0. 1. 0. 0. 0. 0. 0. 0. 0. 1. 1. 1. 1. 0.],8.0,best,1000,100,10,0.9,0.1,0.5,0.1,0.7,0.03,0.61,1,8,,problem_solving
460,0.04509772082613689,0.179949,0.004398686900865114,0.28400000000000003,0.285991378848159,-0.0023965396435553046,[0.         0.         0.         0.         0.1775716  0.         0.         0.         0.         0.         0.         0.         0.         0.03085225 0.         0.         0.03918941 0.         0.01884177 0.         0.         0.         0.         0.         0.         0.         0.01887918 0.66914445 0.02240971 0.02311164 0.        ],[0. 0. 0. 0. 1. 0. 0. 0. 0. 0. 0. 0. 0. 1. 0. 0. 1. 0. 1. 0. 0. 0. 0. 0. 0. 0. 1. 1. 1. 1. 0.],8.0,best,1000,100,10,0.9,0.1,0.5,0.1,0.7,0.03,0.61,1,8,,problem_solving
470,0.04509772082613689,0.179949,0.004398686900865114,0.28800000000000003,0.2804800403370891,0.008891478658451621,[0.         0.         0.         0.         0.1775716  0.         0.         0.         0.         0.         0.         0.         0.         0.03085225 0.         0.         0.03918941 0.         0.01884177 0.         0.         0.         0.         0.         0.         0.         0.01887918 0.66914445 0.02240971 0.02311164 0.        ],[0. 0. 0. 0. 1. 0. 0. 0. 0. 0. 0. 0. 0. 1. 0. 0. 1. 0. 1. 0. 0. 0. 0. 0. 0. 0. 1. 1. 1. 1. 0.],8.0,best,1000,100,10,0.9,0.1,0.5,0.1,0.7,0.03,0.61,1,8,,problem_solving
480,0.04509772082613689,0.179949,0.004398686900865114,0.29200000000000004,0.27507491080443647,0.008381786658699918,[0.         0.         0.         0.         0.1775716  0.         0.         0.         0.         0.         0.         0.         0.         0.03085225 0.         0.         0.03918941 0.         0.01884177 0.         0.         0.         0.         0.         0.         0.         0.01887918 0.66914445 0.02240971 0.02311164 0.        ],[0. 0. 0. 0. 1. 0. 0. 0. 0. 0. 0. 0. 0. 1. 0. 0. 1. 0. 1. 0. 0. 0. 0. 0. 0. 0. 1. 1. 1. 1. 0.],8.0,best,1000,100,10,0.9,0.1,0.5,0.1,0.7,0.03,0.61,1,8,,problem_solving
490,0.04509772082613689,0.179949,0.004398686900865114,0.29600000000000004,0.2697739434974796,0.002515159595533258,[0.         0.         0.         0.         0.1775716  0.         0.         0.         0.         0.         0.         0.         0.         0.03085225 0.         0.         0.03918941 0.         0.01884177 0.         0.         0.         0.         0.         0.         0.         0.01887918 0.66914445 0.02240971 0.02311164 0.        ],[0. 0. 0. 0. 1. 0. 0. 0. 0. 0. 0. 0. 0. 1. 0. 0. 1. 0. 1. 0. 0. 0. 0. 0. 0. 0. 1. 1. 1. 1. 0.],8.0,best,1000,100,10,0.9,0.1,0.5,0.1,0.7,0.03,0.61,1,8,,problem_solving
500,0.04509772082613689,0.179949,0.004398686900865114,0.30000000000000004,0.2645751311064591,-0.004222843276348241,[0.         0.         0.         0.         0.1775716  0.         0.         0.         0.         0.         0.         0.         0.         0.03085225 0.         0.         0.03918941 0.         0.01884177 0.         0.         0.         0.         0.         0.         0.         0.01887918 0.66914445 0.02240971 0.02311164 0.        ],[0. 0. 0. 0. 1. 0. 0. 0. 0. 0. 0. 0. 0. 1. 0. 0. 1. 0. 1. 0. 0. 0. 0. 0. 0. 0. 1. 1. 1. 1. 0.],8.0,best,1000,100,10,0.9,0.1,0.5,0.1,0.7,0.03,0.61,1,8,,problem_solving
510,0.04509772082613689,0.179949,0.004398686900865114,0.30400000000000005,0.25947650500447234,-0.0037111372183262176,[0.         0.         0.         0.         0.1775716  0.         0.         0.         0.         0.         0.         0.         0.         0.03085225 0.         0.         0.03918941 0.         0.01884177 0.         0.         0.         0.         0.         0.         0.         0.01887918 0.66914445 0.02240971 0.02311164 0.        ],[0. 0. 0. 0. 1. 0. 0. 0. 0. 0. 0. 0. 0. 1. 0. 0. 1. 0. 1. 0. 0. 0. 0. 0. 0. 0. 1. 1. 1. 1. 0.],8.0,best,1000,100,10,0.9,0.1,0.5,0.1,0.7,0.03,0.61,1,8,,problem_solving
520,0.04509772082613689,0.179949,0.004398686900865114,0.30800000000000005,0.2544761345020166,0.010206772008300542,[0.         0.         0.         0.         0.1775716  0.         0.         0.         0.         0.         0.         0.         0.         0.03085225 0.         0.         0.03918941 0.         0.01884177 0.         0.         0.         0.         0.         0.         0.         0.01887918 0.66914445 0.02240971 0.02311164 0.        ],[0. 0. 0. 0. 1. 0. 0. 0. 0. 0. 0. 0. 0. 1. 0. 0. 1. 0. 1. 0. 0. 0. 0. 0. 0. 0. 1. 1. 1. 1. 0.],8.0,best,1000,100,10,0.9,0.1,0.5,0.1,0.7,0.03,0.61,1,8,,problem_solving
530,0.04509772082613689,0.179949,0.004398686900865114,0.31200000000000006,0.24957212611589738,-0.007078817462267159,[0.         0.         0.         0.         0.1775716  0.         0.         0.         0.         0.         0.         0.         0.         0.03085225 0.         0.         0.03918941 0.         0.01884177 0.         0.         0.         0.         0.         0.         0.         0.01887918 0.66914445 0.02240971 0.02311164 0.        ],[0. 0. 0. 0. 1. 0. 0. 0. 0. 0. 0. 0. 0. 1. 0. 0. 1. 0. 1. 0. 0. 0. 0. 0. 0. 0. 1. 1. 1. 1. 0.],8.0,best,1000,100,10,0.9,0.1,0.5,0.1,0.7,0.03,0.61,1,8,,problem_solving
540,0.04509772082613689,0.179949,0.004398686900865114,0.316,0.24476262285222591,-0.008411858420752212,[0.         0.         0.         0.         0.1775716  0.         0.         0.         0.         0.         0.         0.         0.         0.03085225 0.         0.         0.03918941 0.         0.01884177 0.         0.         0.         0.         0.         0.         0.         0.01887918 0.66914445 0.02240971 0.02311164 0.        ],[0. 0. 0. 0. 1. 0. 0. 0. 0. 0. 0. 0. 0. 1. 0. 0. 1. 0. 1. 0. 0. 0. 0. 0. 0. 0. 1. 1. 1. 1. 0.],8.0,best,1000,100,10,0.9,0.1,0.5,0.1,0.7,0.03,0.61,1,8,,problem_solving
550,0.04509772082613689,0.179949,0.004398686900865114,0.32,0.24004580350323373,-0.005511970524662302,[0.         0.         0.         0.         0.1775716  0.         0.         0.         0.         0.         0.         0.         0.         0.03085225 0.         0.         0.03918941 0.         0.01884177 0.         0.         0.         0.         0.         0.         0.         0.01887918 0.66914445 0.02240971 0.02311164 0.        ],[0. 0. 0. 0. 1. 0. 0. 0. 0. 0. 0. 0. 0. 1. 0. 0. 1. 0. 1. 0. 0. 0. 0. 0. 0. 0. 1. 1. 1. 1. 0.],8.0,best,1000,100,10,0.9,0.1,0.5,0.1,0.7,0.03,0.61,1,8,,problem_solving
560,0.04509772082613689,0.179949,0.004398686900865114,0.324,0.23541988195763883,-0.0015319418860269825,[0.         0.         0.         0.         0.1775716  0.         0.         0.         0.         0.         0.         0.         0.         0.03085225 0.         0.         0.03918941 0.         0.01884177 0.         0.         0.         0.         0.         0.         0.         0.01887918 0.66914445 0.02240971 0.02311164 0.        ],[0. 0. 0. 0. 1. 0. 0. 0. 0. 0. 0. 0. 0. 1. 0. 0. 1. 0. 1. 0. 0. 0. 0. 0. 0. 0. 1. 1. 1. 1. 0.],8.0,best,1000,100,10,0.9,0.1,0.5,0.1,0.7,0.03,0.61,1,8,,problem_solving
570,0.04333203783141356,0.170029,0.004023197483286584,0.328,0.23088310652430125,-0.0008318331155256093,[0.         0.         0.         0.         0.07004394 0.02321384 0.         0.         0.0485396  0.         0.         0.         0.         0.         0.         0.         0.         0.01767599 0.03089635 0.         0.         0.         0.01767599 0.         0.         0.36464273 0.         0.42731156 0.         0.         0.        ],[0. 0. 0. 0. 1. 1. 0. 0. 1. 0. 0. 0. 0. 0. 0. 0. 0. 1. 1. 0. 0. 0. 1. 0. 0. 1. 0. 1. 0. 0. 0.],8.0,best,1000,100,10,0.9,0.1,0.5,0.1,0.7,0.03,0.61,1,8,,problem_solving
580,0.04333203783141356,0.170029,0.004023197483286584,0.332,0.22643375926891277,0.0016523877650975061,[0.         0.         0.         0.         0.07004394 0.02321384 0.         0.         0.0485396  0.         0.         0.         0.         0.         0.         0.         0.         0.01767599 0.03089635 0.         0.         0.         0.01767599 0.         0.         0.36464273 0.         0.42731156 0.         0.         0.        ],[0. 0. 0. 0. 1. 1. 0. 0. 1. 0. 0. 0. 0. 0. 0. 0. 0. 1. 1. 0. 0. 0. 1. 0. 0. 1. 0. 1. 0. 0. 0.],8.0,best,1000,100,10,0.9,0.1,0.5,0.1,0.7,0.03,0.61,1,8,,problem_solving
590,0.04333203783141356,0.170029,0.004023197483286584,0.336,0.22207015536346894,-0.004737148415352006,[0.         0.         0.         0.         0.07004394 0.02321384 0.         0.         0.0485396  0.         0.         0.         0.         0.         0.         0.         0.         0.01767599 0.03089635 0.         0.         0.         0.01767599 0.         0.         0.36464273 0.         0.42731156 0.         0.         0.        ],[0. 0. 0. 0. 1. 1. 0. 0. 1. 0. 0. 0. 0. 0. 0. 0. 0. 1. 1. 0. 0. 0. 1. 0. 0. 1. 0. 1. 0. 0. 0.],8.0,best,1000,100,10,0.9,0.1,0.5,0.1,0.7,0.03,0.61,1,8,,problem_solving
600,0.04333203783141356,0.170029,0.004023197483286584,0.34,0.21779064244827798,0.01020215100094777,[0.         0.         0.         0.         0.07004394 0.02321384 0.         0.         0.0485396  0.         0.         0.         0.         0.         0.         0.         0.         0.01767599 0.03089635 0.         0.         0.         0.01767599 0.         0.         0.36464273 0.         0.42731156 0.         0.         0.        ],[0. 0. 0. 0. 1. 1. 0. 0. 1. 0. 0. 0. 0. 0. 0. 0. 0. 1. 1. 0. 0. 0. 1. 0. 0. 1. 0. 1. 0. 0. 0.],8.0,best,1000,100,10,0.9,0.1,0.5,0.1,0.7,0.03,0.61,1,8,,problem_solving
610,0.04333203783141356,0.170029,0.004023197483286584,0.34400000000000003,0.2135936000062639,0.00658917871368407,[0.         0.         0.         0.         0.07004394 0.02321384 0.         0.         0.0485396  0.         0.         0.         0.         0.         0.         0.         0.         0.01767599 0.03089635 0.         0.         0.         0.01767599 0.         0.         0.36464273 0.         0.42731156 0.         0.         0.        ],[0. 0. 0. 0. 1. 1. 0. 0. 1. 0. 0. 0. 0. 0. 0. 0. 0. 1. 1. 0. 0. 0. 1. 0. 0. 1. 0. 1. 0. 0. 0.],8.0,best,1000,100,10,0.9,0.1,0.5,0.1,0.7,0.03,0.61,1,8,,problem_solving
620,0.039430844078471826,0.173908,0.0029633455432058215,0.348,0.20947743874932764,0.005685742354506764,[0.01810593 0.         0.         0.         0.09166954 0.         0.         0.         0.04451923 0.         0.         0.         0.         0.         0.         0.         0.         0.         0.01810593 0.         0.         0.         0.         0.         0.         0.25212924 0.         0.49366937 0.         0.01810593 0.06369483],[1. 0. 0. 0. 1. 0. 0. 0. 1. 0. 0. 0. 0. 0. 0. 0. 0. 0. 1. 0. 0. 0. 0. 0. 0. 1. 0. 1. 0. 1. 1.],8.0,best,1000,100,10,0.9,0.1,0.5,0.1,0.7,0.03,0.61,1,8,,problem_solving
630,0.039430844078471826,0.173908,0.0029633455432058215,0.352,0.20544060001653347,0.0004403822553294962,[0.01810593 0.         0.         0.         0.09166954 0.         0.         0.         0.04451923 0.         0.         0.         0.         0.         0.         0.         0.         0.         0.01810593 0.         0.         0.         0.         0.         0.         0.25212924 0.         0.49366937 0.         0.01810593 0.06369483],[1. 0. 0. 0. 1. 0. 0. 0. 1. 0. 0. 0. 0. 0. 0. 0. 0. 0. 1. 0. 0. 0. 0. 0. 0. 1. 0. 1. 0. 1. 1.],8.0,best,1000,100,10,0.9,0.1,0.5,0.1,0.7,0.03,0.61,1,8,,problem_solving
640,0.039430844078471826,0.173908,0.0029633455432058215,0.356,0.20148155518389335,-0.001095543465239258,[0.01810593 0.         0.         0.         0.09166954 0.         0.         0.         0.04451923 0.         0.         0.         0.         0.         0.         0.         0.         0.         0.01810593 0.         0.         0.         0.         0.         0.         0.25212924 0.         0.49366937 0.         0.01810593 0.06369483],[1. 0. 0. 0. 1. 0. 0. 0. 1. 0. 0. 0. 0. 0. 0. 0. 0. 0. 1. 0. 0. 0. 0. 0. 0. 1. 0. 1. 0. 1. 1.],8.0,best,1000,100,10,0.9,0.1,0.5,0.1,0.7,0.03,0.61,1,8,,problem_solving
650,0.039430844078471826,0.173908,0.0029633455432058215,0.36,0.19759880508552483,-0.004052112901613361,[0.01810593 0.         0.         0.         0.09166954 0.         0.         0.         0.04451923 0.         0.         0.         0.         0.         0.         0.         0.         0.         0.01810593 0.         0.         0.         0.         0.         0.         0.25212924 0.         0.49366937 0.         0.01810593 0.06369483],[1. 0. 0. 0. 1. 0. 0. 0. 1. 0. 0. 0. 0. 0. 0. 0. 0. 0. 1. 0. 0. 0. 0. 0. 0. 1. 0. 1. 0. 1. 1.],8.0,best,1000,100,10,0.9,0.1,0.5,0.1,0.7,0.03,0.61,1,8,,problem_solving
660,0.039430844078471826,0.173908,0.0029633455432058215,0.364,0.19379087944596401,0.001359986564506798,[0.01810593 0.         0.         0.         0.09166954 0.         0.         0.         0.04451923 0.         0.         0.         0.         0.         0.         0.         0.         0.         0.01810593 0.         0.         0.         0.         0.         0.         0.25212924 0.         0.49366937 0.         0.01810593 0.06369483],[1. 0. 0. 0. 1. 0. 0. 0. 1. 0. 0. 0. 0. 0. 0. 0. 0. 0. 1. 0. 0. 0. 0. 0. 0. 1. 0. 1. 0. 1. 1.],8.0,best,1000,100,10,0.9,0.1,0.5,0.1,0.7,0.03,0.61,1,8,,problem_solving
670,0.039430844078471826,0.173908,0.0029633455432058215,0.368,0.1900563363234187,-0.01587118759257465,[0.01810593 0.         0.         0.         0.09166954 0.         0.         0.         0.04451923 0.         0.         0.         0.         0.         0.         0.         0.         0.         0.01810593 0.         0.         0.         0.         0.         0.         0.25212924 0.         0.49366937 0.         0.01810593 0.06369483],[1. 0. 0. 0. 1. 0. 0. 0. 1. 0. 0. 0. 0. 0. 0. 0. 0. 0. 1. 0. 0. 0. 0. 0. 0. 1. 0. 1. 0. 1. 1.],8.0,best,1000,100,10,0.9,0.1,0.5,0.1,0.7,0.03,0.61,1,8,,problem_solving
680,0.039430844078471826,0.173908,0.0029633455432058215,0.372,0.18639376156374998,-0.00208967323774587,[0.01810593 0.         0.         0.         0.09166954 0.         0.         0.         0.04451923 0.         0.         0.         0.         0.         0.         0.         0.         0.         0.01810593 0.         0.         0.         0.         0.         0.         0.25212924 0.         0.49366937 0.         0.01810593 0.06369483],[1. 0. 0. 0. 1. 0. 0. 0. 1. 0. 0. 0. 0. 0. 0. 0. 0. 0. 1. 0. 0. 0. 0. 0. 0. 1. 0. 1. 0. 1. 1.],8.0,best,1000,100,10,0.9,0.1,0.5,0.1,0.7,0.03,0.61,1,8,,problem_solving
690,0.039430844078471826,0.173908,0.0029633455432058215,0.376,0.1828017682649769,0.0014345841568583987,[0.01810593 0.         0.         0.         0.09166954 0.         0.         0.         0.04451923 0.         0.         0.         0.         0.         0.         0.         0.         0.         0.01810593 0.         0.         0.         0.         0.         0.         0.25212924 0.         0.49366937 0.         0.01810593 0.06369483],[1. 0. 0. 0. 1. 0. 0. 0. 1. 0. 0. 0. 0. 0. 0. 0. 0. 0. 1. 0. 0. 0. 0. 0. 0. 1. 0. 1. 0. 1. 1.],8.0,best,1000,100,10,0.9,0.1,0.5,0.1,0.7,0.03,0.61,1,8,,problem_solving
700,0.039430844078471826,0.173908,0.0029633455432058215,0.38,0.17927899625209975,0.006993549800094906,[0.01810593 0.         0.         0.         0.09166954 0.         0.         0.         0.04451923 0.         0.         0.         0.         0.         0.         0.         0.         0.         0.01810593 0.         0.         0.         0.         0.         0.         0.25212924 0.         0.49366937 0.         0.01810593 0.06369483],[1. 0. 0. 0. 1. 0. 0. 0. 1. 0. 0. 0. 0. 0. 0. 0. 0. 0. 1. 0. 0. 0. 0. 0. 0. 1. 0. 1. 0. 1. 1.],8.0,best,1000,100,10,0.9,0.1,0.5,0.1,0.7,0.03,0.61,1,8,,problem_solving
710,0.039430844078471826,0.173908,0.0029633455432058215,0.384,0.17582411156204497,0.0005677947266724125,[0.01810593 0.         0.         0.         0.09166954 0.         0.         0.         0.04451923 0.         0.         0.         0.         0.         0.         0.         0.         0.         0.01810593 0.         0.         0.         0.         0.         0.         0.25212924 0.         0.49366937 0.         0.01810593 0.06369483],[1. 0. 0. 0. 1. 0. 0. 0. 1. 0. 0. 0. 0. 0. 0. 0. 0. 0. 1. 0. 0. 0. 0. 0. 0. 1. 0. 1. 0. 1. 1.],8.0,best,1000,100,10,0.9,0.1,0.5,0.1,0.7,0.03,0.61,1,8,,problem_solving
720,0.039430844078471826,0.173908,0.0029633455432058215,0.388,0.17243580593853514,-0.001240123939555915,[0.01810593 0.         0.         0.         0.09166954 0.         0.         0.         0.04451923 0.         0.         0.         0.         0.         0.         0.         0.         0.         0.01810593 0.         0.         0.         0.         0.         0.         0.25212924 0.         0.49366937 0.         0.01810593 0.06369483],[1. 0. 0. 0. 1. 0. 0. 0. 1. 0. 0. 0. 0. 0. 0. 0. 0. 0. 1. 0. 0. 0. 0. 0. 0. 1. 0. 1. 0. 1. 1.],8.0,best,1000,100,10,0.9,0.1,0.5,0.1,0.7,0.03,0.61,1,8,,problem_solving
730,0.039430844078471826,0.173908,0.0029633455432058215,0.392,0.16911279633669332,0.008370199887753125,[0.01810593 0.         0.         0.         0.09166954 0.         0.         0.         0.04451923 0.         0.         0.         0.         0.         0.         0.         0.         0.         0.01810593 0.         0.         0.         0.         0.         0.         0.25212924 0.         0.49366937 0.         0.01810593 0.06369483],[1. 0. 0. 0. 1. 0. 0. 0. 1. 0. 0. 0. 0. 0. 0. 0. 0. 0. 1. 0. 0. 0. 0. 0. 0. 1. 0. 1. 0. 1. 1.],8.0,best,1000,100,10,0.9,0.1,0.5,0.1,0.7,0.03,0.61,1,8,,problem_solving
740,0.039430844078471826,0.173908,0.0029633455432058215,0.396,0.16585382443719424,-4.159912062534464e-05,[0.01810593 0.         0.         0.         0.09166954 0.         0.         0.         0.04451923 0.         0.         0.         0.         0.         0.         0.         0.         0.         0.01810593 0.         0.         0.         0.         0.         0.         0.25212924 0.         0.49366937 0.         0.01810593 0.06369483],[1. 0. 0. 0. 1. 0. 0. 0. 1. 0. 0. 0. 0. 0. 0. 0. 0. 0. 1. 0. 0. 0. 0. 0. 0. 1. 0. 1. 0. 1. 1.],8.0,best,1000,100,10,0.9,0.1,0.5,0.1,0.7,0.03,0.61,1,8,,problem_solving
750,0.036776376130973155,0.179949,0.004398686900865114,0.4,0.1626576561697786,0.0006201930944275848,[0.         0.         0.         0.         0.1775716  0.         0.         0.         0.         0.         0.         0.         0.         0.03085225 0.         0.         0.03918941 0.         0.01884177 0.         0.         0.         0.         0.         0.         0.         0.01887918 0.66914445 0.02240971 0.02311164 0.        ],[0. 0. 0. 0. 1. 0. 0. 0. 0. 0. 0. 0. 0. 1. 0. 0. 1. 0. 1. 0. 0. 0. 0. 0. 0. 0. 1. 1. 1. 1. 0.],8.0,best,1000,100,10,0.9,0.1,0.5,0.1,0.7,0.03,0.61,1,8,,problem_solving
760,0.036776376130973155,0.179949,0.004398686900865114,0.404,0.15952308124594905,0.002209887317015267,[0.         0.         0.         0.         0.1775716  0.         0.         0.         0.         0.         0.         0.         0.         0.03085225 0.         0.         0.03918941 0.         0.01884177 0.         0.         0.         0.         0.         0.         0.         0.01887918 0.66914445 0.02240971 0.02311164 0.        ],[0. 0. 0. 0. 1. 0. 0. 0. 0. 0. 0. 0. 0. 1. 0. 0. 1. 0. 1. 0. 0. 0. 0. 0. 0. 0. 1. 1. 1. 1. 0.],8.0,best,1000,100,10,0.9,0.1,0.5,0.1,0.7,0.03,0.61,1,8,,problem_solving
770,0.036776376130973155,0.179949,0.004398686900865114,0.40800000000000003,0.15644891270067235,-0.007749129514384266,[0.         0.         0.         0.         0.1775716  0.         0.         0.         0.         0.         0.         0.         0.         0.03085225 0.         0.         0.03918941 0.         0.01884177 0.         0.         0.         0.         0.         0.         0.         0.01887918 0.66914445 0.02240971 0.02311164 0.        ],[0. 0. 0. 0. 1. 0. 0. 0. 0. 0. 0. 0. 0. 1. 0. 0. 1. 0. 1. 0. 0. 0. 0. 0. 0. 0. 1. 1. 1. 1. 0.],8.0,best,1000,100,10,0.9,0.1,0.5,0.1,0.7,0.03,0.61,1,8,,problem_solving
780,0.036776376130973155,0.179949,0.004398686900865114,0.41200000000000003,0.15343398644291262,0.004424553322894954,[0.         0.         0.         0.         0.1775716  0.         0.         0.         0.         0.         0.         0.         0.         0.03085225 0.         0.         0.03918941 0.         0.01884177 0.         0.         0.         0.         0.         0.         0.         0.01887918 0.66914445 0.02240971 0.02311164 0.        ],[0. 0. 0. 0. 1. 0. 0. 0. 0. 0. 0. 0. 0. 1. 0. 0. 1. 0. 1. 0. 0. 0. 0. 0. 0. 0. 1. 1. 1. 1. 0.],8.0,best,1000,100,10,0.9,0.1,0.5,0.1,0.7,0.03,0.61,1,8,,problem_solving
790,0.036776376130973155,0.179949,0.004398686900865114,0.41600000000000004,0.1504771608148269,-0.0038448106811310727,[0.         0.         0.         0.         0.1775716  0.         0.         0.         0.         0.         0.         0.         0.         0.03085225 0.         0.         0.03918941 0.         0.01884177 0.         0.         0.         0.         0.         0.         0.         0.01887918 0.66914445 0.02240971 0.02311164 0.        ],[0. 0. 0. 0. 1. 0. 0. 0. 0. 0. 0. 0. 0. 1. 0. 0. 1. 0. 1. 0. 0. 0. 0. 0. 0. 0. 1. 1. 1. 1. 0.],8.0,best,1000,100,10,0.9,0.1,0.5,0.1,0.7,0.03,0.61,1,8,,problem_solving
800,0.036776376130973155,0.179949,0.004398686900865114,0.42000000000000004,0.1475773161594552,0.0027022414679816107,[0.         0.         0.         0.         0.1775716  0.         0.         0.         0.         0.         0.         0.         0.         0.03085225 0.         0.         0.03918941 0.         0.01884177 0.         0.         0.         0.         0.         0.         0.         0.01887918 0.66914445 0.02240971 0.02311164 0.        ],[0. 0. 0. 0. 1. 0. 0. 0. 0. 0. 0. 0. 0. 1. 0. 0. 1. 0. 1. 0. 0. 0. 0. 0. 0. 0. 1. 1. 1. 1. 0.],8.0,best,1000,100,10,0.9,0.1,0.5,0.1,0.7,0.03,0.61,1,8,,problem_solving
810,0.036776376130973155,0.179949,0.004398686900865114,0.42400000000000004,0.1447333543967415,0.0004368401638477886,[0.         0.         0.         0.         0.1775716  0.         0.         0.         0.         0.         0.         0.         0.         0.03085225 0.         0.         0.03918941 0.         0.01884177 0.         0.         0.         0.         0.         0.         0.         0.01887918 0.66914445 0.02240971 0.02311164 0.        ],[0. 0. 0. 0. 1. 0. 0. 0. 0. 0. 0. 0. 0. 1. 0. 0. 1. 0. 1. 0. 0. 0. 0. 0. 0. 0. 1. 1. 1. 1. 0.],8.0,best,1000,100,10,0.9,0.1,0.5,0.1,0.7,0.03,0.61,1,8,,problem_solving
820,0.036776376130973155,0.179949,0.004398686900865114,0.42800000000000005,0.1419441986077252,-0.0010115294190940877,[0.         0.         0.         0.         0.1775716  0.         0.         0.         0.         0.         0.         0.         0.         0.03085225 0.         0.         0.03918941 0.         0.01884177 0.         0.         0.         0.         0.         0.         0.         0.01887918 0.66914445 0.02240971 0.02311164 0.        ],[0. 0. 0. 0. 1. 0. 0. 0. 0. 0. 0. 0. 0. 1. 0. 0. 1. 0. 1. 0. 0. 0. 0. 0. 0. 0. 1. 1. 1. 1. 0.],8.0,best,1000,100,10,0.9,0.1,0.5,0.1,0.7,0.03,0.61,1,8,,problem_solving
830,0.036776376130973155,0.179949,0.004398686900865114,0.43200000000000005,0.13920879262674613,-0.002386179780662227,[0.         0.         0.         0.         0.1775716  0.         0.         0.         0.         0.         0.         0.         0.         0.03085225 0.         0.         0.03918941 0.         0.01884177 0.         0.         0.         0.         0.         0.         0.         0.01887918 0.66914445 0.02240971 0.02311164 0.        ],[0. 0. 0. 0. 1. 0. 0. 0. 0. 0. 0. 0. 0. 1. 0. 0. 1. 0. 1. 0. 0. 0. 0. 0. 0. 0. 1. 1. 1. 1. 0.],8.0,best,1000,100,10,0.9,0.1,0.5,0.1,0.7,0.03,0.61,1,8,,problem_solving
840,0.036776376130973155,0.179949,0.004398686900865114,0.43600000000000005,0.1365261006415074,0.005706849439912409,[0.         0.         0.         0.         0.1775716  0.         0.         0.         0.         0.         0.         0.         0.         0.03085225 0.         0.         0.03918941 0.         0.01884177 0.         0.         0.         0.         0.         0.         0.         0.01887918 0.66914445 0.02240971 0.02311164 0.        ],[0. 0. 0. 0. 1. 0. 0. 0. 0. 0. 0. 0. 0. 1. 0. 0. 1. 0. 1. 0. 0. 0. 0. 0. 0. 0. 1. 1. 1. 1. 0.],8.0,best,1000,100,10,0.9,0.1,0.5,0.1,0.7,0.03,0.61,1,8,,problem_solving
850,0.036776376130973155,0.179949,0.004398686900865114,0.44000000000000006,0.1338951068008461,0.006651574428557321,[0.         0.         0.         0.         0.1775716  0.         0.         0.         0.         0.         0.         0.         0.         0.03085225 0.         0.         0.03918941 0.         0.01884177 0.         0.         0.         0.         0.         0.         0.         0.01887918 0.66914445 0.02240971 0.02311164 0.        ],[0. 0. 0. 0. 1. 0. 0. 0. 0. 0. 0. 0. 0. 1. 0. 0. 1. 0. 1. 0. 0. 0. 0. 0. 0. 0. 1. 1. 1. 1. 0.],8.0,best,1000,100,10,0.9,0.1,0.5,0.1,0.7,0.03,0.61,1,8,,problem_solving
860,0.036776376130973155,0.179949,0.004398686900865114,0.44400000000000006,0.1313148148300622,0.0069679538631217276,[0.         0.         0.         0.         0.1775716  0.         0.         0.         0.         0.         0.         0.         0.         0.03085225 0.         0.         0.03918941 0.         0.01884177 0.         0.         0.         0.         0.         0.         0.         0.01887918 0.66914445 0.02240971 0.02311164 0.        ],[0. 0. 0. 0. 1. 0. 0. 0. 0. 0. 0. 0. 0. 1. 0. 0. 1. 0. 1. 0. 0. 0. 0. 0. 0. 0. 1. 1. 1. 1. 0.],8.0,best,1000,100,10,0.9,0.1,0.5,0.1,0.7,0.03,0.61,1,8,,problem_solving
870,0.036776376130973155,0.179949,0.004398686900865114,0.44800000000000006,0.12878424765366075,0.0011868125830358871,[0.         0.         0.         0.         0.1775716  0.         0.         0.         0.         0.         0.         0.         0.         0.03085225 0.         0.         0.03918941 0.         0.01884177 0.         0.         0.         0.         0.         0.         0.         0.01887918 0.66914445 0.02240971 0.02311164 0.        ],[0. 0. 0. 0. 1. 0. 0. 0. 0. 0. 0. 0. 0. 1. 0. 0. 1. 0. 1. 0. 0. 0. 0. 0. 0. 0. 1. 1. 1. 1. 0.],8.0,best,1000,100,10,0.9,0.1,0.5,0.1,0.7,0.03,0.61,1,8,,problem_solving
880,0.036776376130973155,0.179949,0.004398686900865114,0.45200000000000007,0.12630244702536408,-0.0026938267641985476,[0.         0.         0.         0.         0.1775716  0.         0.         0.         0.         0.         0.         0.         0.         0.03085225 0.         0.         0.03918941 0.         0.01884177 0.         0.         0.         0.         0.         0.         0.         0.01887918 0.66914445 0.02240971 0.02311164 0.        ],[0. 0. 0. 0. 1. 0. 0. 0. 0. 0. 0. 0. 0. 1. 0. 0. 1. 0. 1. 0. 0. 0. 0. 0. 0. 0. 1. 1. 1. 1. 0.],8.0,best,1000,100,10,0.9,0.1,0.5,0.1,0.7,0.03,0.61,1,8,,problem_solving
890,0.036776376130973155,0.179949,0.004398686900865114,0.45600000000000007,0.12386847316525405,0.0039936280571894345,[0.         0.         0.         0.         0.1775716  0.         0.         0.         0.         0.         0.         0.         0.         0.03085225 0.         0.         0.03918941 0.         0.01884177 0.         0.         0.         0.         0.         0.         0.         0.01887918 0.66914445 0.02240971 0.02311164 0.        ],[0. 0. 0. 0. 1. 0. 0. 0. 0. 0. 0. 0. 0. 1. 0. 0. 1. 0. 1. 0. 0. 0. 0. 0. 0. 0. 1. 1. 1. 1. 0.],8.0,best,1000,100,10,0.9,0.1,0.5,0.1,0.7,0.03,0.61,1,8,,problem_solving
900,0.036776376130973155,0.179949,0.004398686900865114,0.4600000000000001,0.12148140440390671,0.0034571521106400386,[0.         0.         0.         0.         0.1775716  0.         0.         0.         0.         0.         0.         0.         0.         0.03085225 0.         0.         0.03918941 0.         0.01884177 0.         0.         0.         0.         0.         0.         0.         0.01887918 0.66914445 0.02240971 0.02311164 0.        ],[0. 0. 0. 0. 1. 0. 0. 0. 0. 0. 0. 0. 0. 1. 0. 0. 1. 0. 1. 0. 0. 0. 0. 0. 0. 0. 1. 1. 1. 1. 0.],8.0,best,1000,100,10,0.9,0.1,0.5,0.1,0.7,0.03,0.61,1,8,,problem_solving
910,0.036776376130973155,0.179949,0.004398686900865114,0.46399999999999997,0.11914033683338536,0.0007352745764294084,[0.         0.         0.         0.         0.1775716  0.         0.         0.         0.         0.         0.         0.         0.         0.03085225 0.         0.         0.03918941 0.         0.01884177 0.         0.         0.         0.         0.         0.         0.         0.01887918 0.66914445 0.02240971 0.02311164 0.        ],[0. 0. 0. 0. 1. 0. 0. 0. 0. 0. 0. 0. 0. 1. 0. 0. 1. 0. 1. 0. 0. 0. 0. 0. 0. 0. 1. 1. 1. 1. 0.],8.0,best,1000,100,10,0.9,0.1,0.5,0.1,0.7,0.03,0.61,1,8,,problem_solving
920,0.036776376130973155,0.179949,0.004398686900865114,0.46799999999999997,0.11684438396495887,-0.004428108393058823,[0.         0.         0.         0.         0.1775716  0.         0.         0.         0.         0.         0.         0.         0.         0.03085225 0.         0.         0.03918941 0.         0.01884177 0.         0.         0.         0.         0.         0.         0.         0.01887918 0.66914445 0.02240971 0.02311164 0.        ],[0. 0. 0. 0. 1. 0. 0. 0. 0. 0. 0. 0. 0. 1. 0. 0. 1. 0. 1. 0. 0. 0. 0. 0. 0. 0. 1. 1. 1. 1. 0.],8.0,best,1000,100,10,0.9,0.1,0.5,0.1,0.7,0.03,0.61,1,8,,problem_solving
930,0.036776376130973155,0.179949,0.004398686900865114,0.472,0.11459267639341625,0.0027865512942902722,[0.         0.         0.         0.         0.1775716  0.         0.         0.         0.         0.         0.         0.         0.         0.03085225 0.         0.         0.03918941 0.         0.01884177 0.         0.         0.         0.         0.         0.         0.         0.01887918 0.66914445 0.02240971 0.02311164 0.        ],[0. 0. 0. 0. 1. 0. 0. 0. 0. 0. 0. 0. 0. 1. 0. 0. 1. 0. 1. 0. 0. 0. 0. 0. 0. 0. 1. 1. 1. 1. 0.],8.0,best,1000,100,10,0.9,0.1,0.5,0.1,0.7,0.03,0.61,1,8,,problem_solving
940,0.036776376130973155,0.179949,0.004398686900865114,0.476,0.11238436146785019,-0.0009650705586076448,[0.         0.         0.         0.         0.1775716  0.         0.         0.         0.         0.         0.         0.         0.         0.03085225 0.         0.         0.03918941 0.         0.01884177 0.         0.         0.         0.         0.         0.         0.         0.01887918 0.66914445 0.02240971 0.02311164 0.        ],[0. 0. 0. 0. 1. 0. 0. 0. 0. 0. 0. 0. 0. 1. 0. 0. 1. 0. 1. 0. 0. 0. 0. 0. 0. 0. 1. 1. 1. 1. 0.],8.0,best,1000,100,10,0.9,0.1,0.5,0.1,0.7,0.03,0.61,1,8,,problem_solving
950,0.036776376130973155,0.179949,0.004398686900865114,0.48,0.11021860296878504,-0.0021358168853846385,[0.         0.         0.         0.         0.1775716  0.         0.         0.         0.         0.         0.         0.         0.         0.03085225 0.         0.         0.03918941 0.         0.01884177 0.         0.         0.         0.         0.         0.         0.         0.01887918 0.66914445 0.02240971 0.02311164 0.        ],[0. 0. 0. 0. 1. 0. 0. 0. 0. 0. 0. 0. 0. 1. 0. 0. 1. 0. 1. 0. 0. 0. 0. 0. 0. 0. 1. 1. 1. 1. 0.],8.0,best,1000,100,10,0.9,0.1,0.5,0.1,0.7,0.03,0.61,1,8,,problem_solving
960,0.036776376130973155,0.179949,0.004398686900865114,0.484,0.10809458079152667,0.002774638568779636,[0.         0.         0.         0.         0.1775716  0.         0.         0.         0.         0.         0.         0.         0.         0.03085225 0.         0.         0.03918941 0.         0.01884177 0.         0.         0.         0.         0.         0.         0.         0.01887918 0.66914445 0.02240971 0.02311164 0.        ],[0. 0. 0. 0. 1. 0. 0. 0. 0. 0. 0. 0. 0. 1. 0. 0. 1. 0. 1. 0. 0. 0. 0. 0. 0. 0. 1. 1. 1. 1. 0.],8.0,best,1000,100,10,0.9,0.1,0.5,0.1,0.7,0.03,0.61,1,8,,problem_solving
970,0.036776376130973155,0.179949,0.004398686900865114,0.488,0.10601149063561469,0.004304610824689335,[0.         0.         0.         0.         0.1775716  0.         0.         0.         0.         0.         0.         0.         0.         0.03085225 0.         0.         0.03918941 0.         0.01884177 0.         0.         0.         0.         0.         0.         0.         0.01887918 0.66914445 0.02240971 0.02311164 0.        ],[0. 0. 0. 0. 1. 0. 0. 0. 0. 0. 0. 0. 0. 1. 0. 0. 1. 0. 1. 0. 0. 0. 0. 0. 0. 0. 1. 1. 1. 1. 0.],8.0,best,1000,100,10,0.9,0.1,0.5,0.1,0.7,0.03,0.61,1,8,,problem_solving
980,0.036776376130973155,0.179949,0.004398686900865114,0.492,0.10396854370025903,-0.00044996957154146285,[0.         0.         0.         0.         0.1775716  0.         0.         0.         0.         0.         0.         0.         0.         0.03085225 0.         0.         0.03918941 0.         0.01884177 0.         0.         0.         0.         0.         0.         0.         0.01887918 0.66914445 0.02240971 0.02311164 0.        ],[0. 0. 0. 0. 1. 0. 0. 0. 0. 0. 0. 0. 0. 1. 0. 0. 1. 0. 1. 0. 0. 0. 0. 0. 0. 0. 1. 1. 1. 1. 0.],8.0,best,1000,100,10,0.9,0.1,0.5,0.1,0.7,0.03,0.61,1,8,,problem_solving
990,0.036776376130973155,0.179949,0.004398686900865114,0.496,0.10196496638564592,-0.001161388787803548,[0.         0.         0.         0.         0.1775716  0.         0.         0.         0.         0.         0.         0.         0.         0.03085225 0.         0.         0.03918941 0.         0.01884177 0.         0.         0.         0.         0.         0.         0.         0.01887918 0.66914445 0.02240971 0.02311164 0.        ],[0. 0. 0. 0. 1. 0. 0. 0. 0. 0. 0. 0. 0. 1. 0. 0. 1. 0. 1. 0. 0. 0. 0. 0. 0. 0. 1. 1. 1. 1. 0.],8.0,best,1000,100,10,0.9,0.1,0.5,0.1,0.7,0.03,0.61,1,8,,problem_solving
999,0.036776376130973155,0.179949,0.004398686900865114,0.49960000000000004,0.100194780466086,-4.112124332637299e-05,[0.         0.         0.         0.         0.1775716  0.         0.         0.         0.         0.         0.         0.         0.         0.03085225 0.         0.         0.03918941 0.         0.01884177 0.         0.         0.         0.         0.         0.         0.         0.01887918 0.66914445 0.02240971 0.02311164 0.        ],[0. 0. 0. 0. 1. 0. 0. 0. 0. 0. 0. 0. 0. 1. 0. 0. 1. 0. 1. 0. 0. 0. 0. 0. 0. 0. 1. 1. 1. 1. 0.],8.0,best,1000,100,10,0.9,0.1,0.5,0.1,0.7,0.03,0.61,1,8,,problem_solving
