iter,cost,risk,return,par,bw,move,X,Z,Q,pop_init,max_iter,pop_size,mem_size,mem_consider,par_min,par_max,bw_min,bw_max,sigma,lambda,port_n,k,seed,tag
1,-0.003605204463891675,0.043285,0.00881522718210186,0.1004,0.69863918733465,-0.006310109133213115,[0.         0.         0.         0.         0.98007284 0.         0.         0.         0.         0.         0.         0.         0.         0.         0.         0.         0.         0.         0.         0.         0.         0.         0.         0.         0.         0.         0.         0.         0.         0.01992716 0.        ],[0. 0. 0. 0. 1. 0. 0. 0. 0. 0. 0. 0. 0. 0. 0. 0. 0. 0. 0. 0. 0. 0. 0. 0. 0. 0. 0. 0. 0. 1. 0.],2.0,best,1000,100,10,0.9,0.1,0.5,0.1,0.7,0.03,0.1,1,2,,problem_solving
10,-0.003605204463891675,0.043285,0.00881522718210186,0.10400000000000001,0.6865103033060405,0.01495201557220101,[0.         0.         0.         0.         0.98007284 0.         0.         0.         0.         0.         0.         0.         0.         0.         0.         0.         0.         0.         0.         0.         0.         0.         0.         0.         0.         0.         0.         0.         0.         0.01992716 0.        ],[0. 0. 0. 0. 1. 0. 0. 0. 0. 0. 0. 0. 0. 0. 0. 0. 0. 0. 0. 0. 0. 0. 0. 0. 0. 0. 0. 0. 0. 1. 0.],2.0,best,1000,100,10,0.9,0.1,0.5,0.1,0.7,0.03,0.1,1,2,,problem_solving
20,-0.0037509572092845472,0.040615,0.0046754147437889915,0.10800000000000001,0.6732805664933595,0.029867393546968237,[0.         0.         0.         0.         0.97353559 0.         0.         0.         0.         0.         0.         0.         0.         0.         0.         0.         0.         0.         0.         0.         0.         0.         0.         0.         0.         0.         0.         0.         0.02646441 0.         0.        ],[0. 0. 0. 0. 1. 0. 0. 0. 0. 0. 0. 0. 0. 0. 0. 0. 0. 0. 0. 0. 0. 0. 0. 0. 0. 0. 0. 0. 1. 0. 0.],2.0,best,1000,100,10,0.9,0.1,0.5,0.1,0.7,0.03,0.1,1,2,,problem_solving
30,-0.007677423973480662,0.012581,0.002635545991289361,0.112,0.6603057798763129,0.005927936894119512,[0.         0.         0.         0.         0.98010275 0.         0.         0.         0.         0.         0.         0.         0.         0.         0.         0.         0.         0.         0.         0.         0.         0.         0.         0.         0.         0.         0.         0.         0.01989725 0.         0.        ],[0. 0. 0. 0. 1. 0. 0. 0. 0. 0. 0. 0. 0. 0. 0. 0. 0. 0. 0. 0. 0. 0. 0. 0. 0. 0. 0. 0. 1. 0. 0.],2.0,best,1000,100,10,0.9,0.1,0.5,0.1,0.7,0.03,0.1,1,2,,problem_solving
40,-0.008745376556291878,0.03855,0.006431059730711307,0.116,0.6475810303108847,0.005257476283795852,[0.         0.         0.         0.         0.97052453 0.         0.         0.         0.         0.         0.         0.         0.         0.         0.         0.         0.         0.         0.         0.         0.         0.         0.         0.         0.         0.         0.         0.         0.02947547 0.         0.        ],[0. 0. 0. 0. 1. 0. 0. 0. 0. 0. 0. 0. 0. 0. 0. 0. 0. 0. 0. 0. 0. 0. 0. 0. 0. 0. 0. 0. 1. 0. 0.],2.0,best,1000,100,10,0.9,0.1,0.5,0.1,0.7,0.03,0.1,1,2,,problem_solving
50,-0.008745376556291878,0.03855,0.006431059730711307,0.12000000000000001,0.6351014993342337,-0.014737968622069051,[0.         0.         0.         0.         0.97052453 0.         0.         0.         0.         0.         0.         0.         0.         0.         0.         0.         0.         0.         0.         0.         0.         0.         0.         0.         0.         0.         0.         0.         0.02947547 0.         0.        ],[0. 0. 0. 0. 1. 0. 0. 0. 0. 0. 0. 0. 0. 0. 0. 0. 0. 0. 0. 0. 0. 0. 0. 0. 0. 0. 0. 0. 1. 0. 0.],2.0,best,1000,100,10,0.9,0.1,0.5,0.1,0.7,0.03,0.1,1,2,,problem_solving
60,-0.008745376556291878,0.03855,0.006431059730711307,0.124,0.622862461340094,0.006660902747441712,[0.         0.         0.         0.         0.97052453 0.         0.         0.         0.         0.         0.         0.         0.         0.         0.         0.         0.         0.         0.         0.         0.         0.         0.         0.         0.         0.         0.         0.         0.02947547 0.         0.        ],[0. 0. 0. 0. 1. 0. 0. 0. 0. 0. 0. 0. 0. 0. 0. 0. 0. 0. 0. 0. 0. 0. 0. 0. 0. 0. 0. 0. 1. 0. 0.],2.0,best,1000,100,10,0.9,0.1,0.5,0.1,0.7,0.03,0.1,1,2,,problem_solving
70,-0.008745376556291878,0.03855,0.006431059730711307,0.128,0.6108592817893356,-0.014547483737894605,[0.         0.         0.         0.         0.97052453 0.         0.         0.         0.         0.         0.         0.         0.         0.         0.         0.         0.         0.         0.         0.         0.         0.         0.         0.         0.         0.         0.         0.         0.02947547 0.         0.        ],[0. 0. 0. 0. 1. 0. 0. 0. 0. 0. 0. 0. 0. 0. 0. 0. 0. 0. 0. 0. 0. 0. 0. 0. 0. 0. 0. 0. 1. 0. 0.],2.0,best,1000,100,10,0.9,0.1,0.5,0.1,0.7,0.03,0.1,1,2,,problem_solving
80,-0.008745376556291878,0.03855,0.006431059730711307,0.132,0.5990874154550098,0.010079686207209143,[0.         0.         0.         0.         0.97052453 0.         0.         0.         0.         0.         0.         0.         0.         0.         0.         0.         0.         0.         0.         0.         0.         0.         0.         0.         0.         0.         0.         0.         0.02947547 0.         0.        ],[0. 0. 0. 0. 1. 0. 0. 0. 0. 0. 0. 0. 0. 0. 0. 0. 0. 0. 0. 0. 0. 0. 0. 0. 0. 0. 0. 0. 1. 0. 0.],2.0,best,1000,100,10,0.9,0.1,0.5,0.1,0.7,0.03,0.1,1,2,,problem_solving
90,-0.008745376556291878,0.03855,0.006431059730711307,0.136,0.5875424047012152,-0.010506513281095102,[0.         0.         0.         0.         0.97052453 0.         0.         0.         0.         0.         0.         0.         0.         0.         0.         0.         0.         0.         0.         0.         0.         0.         0.         0.         0.         0.         0.         0.         0.02947547 0.         0.        ],[0. 0. 0. 0. 1. 0. 0. 0. 0. 0. 0. 0. 0. 0. 0. 0. 0. 0. 0. 0. 0. 0. 0. 0. 0. 0. 0. 0. 1. 0. 0.],2.0,best,1000,100,10,0.9,0.1,0.5,0.1,0.7,0.03,0.1,1,2,,problem_solving
100,-0.008745376556291878,0.03855,0.006431059730711307,0.14,0.576219877795131,-0.03943235151511234,[0.         0.         0.         0.         0.97052453 0.         0.         0.         0.         0.         0.         0.         0.         0.         0.         0.         0.         0.         0.         0.         0.         0.         0.         0.         0.         0.         0.         0.         0.02947547 0.         0.        ],[0. 0. 0. 0. 1. 0. 0. 0. 0. 0. 0. 0. 0. 0. 0. 0. 0. 0. 0. 0. 0. 0. 0. 0. 0. 0. 0. 0. 1. 0. 0.],2.0,best,1000,100,10,0.9,0.1,0.5,0.1,0.7,0.03,0.1,1,2,,problem_solving
110,-0.008745376556291878,0.03855,0.006431059730711307,0.14400000000000002,0.5651155472515784,0.016917528627620426,[0.         0.         0.         0.         0.97052453 0.         0.         0.         0.         0.         0.         0.         0.         0.         0.         0.         0.         0.         0.         0.         0.         0.         0.         0.         0.         0.         0.         0.         0.02947547 0.         0.        ],[0. 0. 0. 0. 1. 0. 0. 0. 0. 0. 0. 0. 0. 0. 0. 0. 0. 0. 0. 0. 0. 0. 0. 0. 0. 0. 0. 0. 1. 0. 0.],2.0,best,1000,100,10,0.9,0.1,0.5,0.1,0.7,0.03,0.1,1,2,,problem_solving
120,-0.008745376556291878,0.03855,0.006431059730711307,0.14800000000000002,0.554225208209486,-0.009452024764963374,[0.         0.         0.         0.         0.97052453 0.         0.         0.         0.         0.         0.         0.         0.         0.         0.         0.         0.         0.         0.         0.         0.         0.         0.         0.         0.         0.         0.         0.         0.02947547 0.         0.        ],[0. 0. 0. 0. 1. 0. 0. 0. 0. 0. 0. 0. 0. 0. 0. 0. 0. 0. 0. 0. 0. 0. 0. 0. 0. 0. 0. 0. 1. 0. 0.],2.0,best,1000,100,10,0.9,0.1,0.5,0.1,0.7,0.03,0.1,1,2,,problem_solving
130,-0.008745376556291878,0.03855,0.006431059730711307,0.15200000000000002,0.5435447368396396,0.003485156841530807,[0.         0.         0.         0.         0.97052453 0.         0.         0.         0.         0.         0.         0.         0.         0.         0.         0.         0.         0.         0.         0.         0.         0.         0.         0.         0.         0.         0.         0.         0.02947547 0.         0.        ],[0. 0. 0. 0. 1. 0. 0. 0. 0. 0. 0. 0. 0. 0. 0. 0. 0. 0. 0. 0. 0. 0. 0. 0. 0. 0. 0. 0. 1. 0. 0.],2.0,best,1000,100,10,0.9,0.1,0.5,0.1,0.7,0.03,0.1,1,2,,problem_solving
140,-0.008745376556291878,0.03855,0.006431059730711307,0.156,0.5330700887831185,-0.00231989188989869,[0.         0.         0.         0.         0.97052453 0.         0.         0.         0.         0.         0.         0.         0.         0.         0.         0.         0.         0.         0.         0.         0.         0.         0.         0.         0.         0.         0.         0.         0.02947547 0.         0.        ],[0. 0. 0. 0. 1. 0. 0. 0. 0. 0. 0. 0. 0. 0. 0. 0. 0. 0. 0. 0. 0. 0. 0. 0. 0. 0. 0. 0. 1. 0. 0.],2.0,best,1000,100,10,0.9,0.1,0.5,0.1,0.7,0.03,0.1,1,2,,problem_solving
150,-0.008745376556291878,0.03855,0.006431059730711307,0.16,0.5227972976198237,0.03509528886861115,[0.         0.         0.         0.         0.97052453 0.         0.         0.         0.         0.         0.         0.         0.         0.         0.         0.         0.         0.         0.         0.         0.         0.         0.         0.         0.         0.         0.         0.         0.02947547 0.         0.        ],[0. 0. 0. 0. 1. 0. 0. 0. 0. 0. 0. 0. 0. 0. 0. 0. 0. 0. 0. 0. 0. 0. 0. 0. 0. 0. 0. 0. 1. 0. 0.],2.0,best,1000,100,10,0.9,0.1,0.5,0.1,0.7,0.03,0.1,1,2,,problem_solving
160,-0.008745376556291878,0.03855,0.006431059730711307,0.164,0.5127224733665192,0.0082508568468969,[0.         0.         0.         0.         0.97052453 0.         0.         0.         0.         0.         0.         0.         0.         0.         0.         0.         0.         0.         0.         0.         0.         0.         0.         0.         0.         0.         0.         0.         0.02947547 0.         0.        ],[0. 0. 0. 0. 1. 0. 0. 0. 0. 0. 0. 0. 0. 0. 0. 0. 0. 0. 0. 0. 0. 0. 0. 0. 0. 0. 0. 0. 1. 0. 0.],2.0,best,1000,100,10,0.9,0.1,0.5,0.1,0.7,0.03,0.1,1,2,,problem_solving
170,-0.008745376556291878,0.03855,0.006431059730711307,0.168,0.5028418010038177,-0.006149399675274258,[0.         0.         0.         0.         0.97052453 0.         0.         0.         0.         0.         0.         0.         0.         0.         0.         0.         0.         0.         0.         0.         0.         0.         0.         0.         0.         0.         0.         0.         0.02947547 0.         0.        ],[0. 0. 0. 0. 1. 0. 0. 0. 0. 0. 0. 0. 0. 0. 0. 0. 0. 0. 0. 0. 0. 0. 0. 0. 0. 0. 0. 0. 1. 0. 0.],2.0,best,1000,100,10,0.9,0.1,0.5,0.1,0.7,0.03,0.1,1,2,,problem_solving
180,-0.008745376556291878,0.03855,0.006431059730711307,0.17200000000000001,0.4931515390315523,0.0208309784258446,[0.         0.         0.         0.         0.97052453 0.         0.         0.         0.         0.         0.         0.         0.         0.         0.         0.         0.         0.         0.         0.         0.         0.         0.         0.         0.         0.         0.         0.         0.02947547 0.         0.        ],[0. 0. 0. 0. 1. 0. 0. 0. 0. 0. 0. 0. 0. 0. 0. 0. 0. 0. 0. 0. 0. 0. 0. 0. 0. 0. 0. 0. 1. 0. 0.],2.0,best,1000,100,10,0.9,0.1,0.5,0.1,0.7,0.03,0.1,1,2,,problem_solving
190,-0.008745376556291878,0.03855,0.006431059730711307,0.176,0.48364801805198804,0.010315241042982098,[0.         0.         0.         0.         0.97052453 0.         0.         0.         0.         0.         0.         0.         0.         0.         0.         0.         0.         0.         0.         0.         0.         0.         0.         0.         0.         0.         0.         0.         0.02947547 0.         0.        ],[0. 0. 0. 0. 1. 0. 0. 0. 0. 0. 0. 0. 0. 0. 0. 0. 0. 0. 0. 0. 0. 0. 0. 0. 0. 0. 0. 0. 1. 0. 0.],2.0,best,1000,100,10,0.9,0.1,0.5,0.1,0.7,0.03,0.1,1,2,,problem_solving
200,-0.008745376556291878,0.03855,0.006431059730711307,0.18,0.4743276393803366,-0.0038697509202459818,[0.         0.         0.         0.         0.97052453 0.         0.         0.         0.         0.         0.         0.         0.         0.         0.         0.         0.         0.         0.         0.         0.         0.         0.         0.         0.         0.         0.         0.         0.02947547 0.         0.        ],[0. 0. 0. 0. 1. 0. 0. 0. 0. 0. 0. 0. 0. 0. 0. 0. 0. 0. 0. 0. 0. 0. 0. 0. 0. 0. 0. 0. 1. 0. 0.],2.0,best,1000,100,10,0.9,0.1,0.5,0.1,0.7,0.03,0.1,1,2,,problem_solving
210,-0.008745376556291878,0.03855,0.006431059730711307,0.184,0.4651868736820473,0.02011925452644546,[0.         0.         0.         0.         0.97052453 0.         0.         0.         0.         0.         0.         0.         0.         0.         0.         0.         0.         0.         0.         0.         0.         0.         0.         0.         0.         0.         0.         0.         0.02947547 0.         0.        ],[0. 0. 0. 0. 1. 0. 0. 0. 0. 0. 0. 0. 0. 0. 0. 0. 0. 0. 0. 0. 0. 0. 0. 0. 0. 0. 0. 0. 1. 0. 0.],2.0,best,1000,100,10,0.9,0.1,0.5,0.1,0.7,0.03,0.1,1,2,,problem_solving
220,-0.008745376556291878,0.03855,0.006431059730711307,0.188,0.4562222596363586,0.005320317864244025,[0.         0.         0.         0.         0.97052453 0.         0.         0.         0.         0.         0.         0.         0.         0.         0.         0.         0.         0.         0.         0.         0.         0.         0.         0.         0.         0.         0.         0.         0.02947547 0.         0.        ],[0. 0. 0. 0. 1. 0. 0. 0. 0. 0. 0. 0. 0. 0. 0. 0. 0. 0. 0. 0. 0. 0. 0. 0. 0. 0. 0. 0. 1. 0. 0.],2.0,best,1000,100,10,0.9,0.1,0.5,0.1,0.7,0.03,0.1,1,2,,problem_solving
230,-0.008745376556291878,0.03855,0.006431059730711307,0.192,0.44743040262560535,0.007383230161811403,[0.         0.         0.         0.         0.97052453 0.         0.         0.         0.         0.         0.         0.         0.         0.         0.         0.         0.         0.         0.         0.         0.         0.         0.         0.         0.         0.         0.         0.         0.02947547 0.         0.        ],[0. 0. 0. 0. 1. 0. 0. 0. 0. 0. 0. 0. 0. 0. 0. 0. 0. 0. 0. 0. 0. 0. 0. 0. 0. 0. 0. 0. 1. 0. 0.],2.0,best,1000,100,10,0.9,0.1,0.5,0.1,0.7,0.03,0.1,1,2,,problem_solving
240,-0.008745376556291878,0.03855,0.006431059730711307,0.196,0.438807973449783,0.011446297545951075,[0.         0.         0.         0.         0.97052453 0.         0.         0.         0.         0.         0.         0.         0.         0.         0.         0.         0.         0.         0.         0.         0.         0.         0.         0.         0.         0.         0.         0.         0.02947547 0.         0.        ],[0. 0. 0. 0. 1. 0. 0. 0. 0. 0. 0. 0. 0. 0. 0. 0. 0. 0. 0. 0. 0. 0. 0. 0. 0. 0. 0. 0. 1. 0. 0.],2.0,best,1000,100,10,0.9,0.1,0.5,0.1,0.7,0.03,0.1,1,2,,problem_solving
250,-0.008745376556291878,0.03855,0.006431059730711307,0.2,0.430351707065885,-0.0011617319472991836,[0.         0.         0.         0.         0.97052453 0.         0.         0.         0.         0.         0.         0.         0.         0.         0.         0.         0.         0.         0.         0.         0.         0.         0.         0.         0.         0.         0.         0.         0.02947547 0.         0.        ],[0. 0. 0. 0. 1. 0. 0. 0. 0. 0. 0. 0. 0. 0. 0. 0. 0. 0. 0. 0. 0. 0. 0. 0. 0. 0. 0. 0. 1. 0. 0.],2.0,best,1000,100,10,0.9,0.1,0.5,0.1,0.7,0.03,0.1,1,2,,problem_solving
260,-0.008745376556291878,0.03855,0.006431059730711307,0.20400000000000001,0.4220584013515329,-0.022707112978992673,[0.         0.         0.         0.         0.97052453 0.         0.         0.         0.         0.         0.         0.         0.         0.         0.         0.         0.         0.         0.         0.         0.         0.         0.         0.         0.         0.         0.         0.         0.02947547 0.         0.        ],[0. 0. 0. 0. 1. 0. 0. 0. 0. 0. 0. 0. 0. 0. 0. 0. 0. 0. 0. 0. 0. 0. 0. 0. 0. 0. 0. 0. 1. 0. 0.],2.0,best,1000,100,10,0.9,0.1,0.5,0.1,0.7,0.03,0.1,1,2,,problem_solving
270,-0.008745376556291878,0.03855,0.006431059730711307,0.20800000000000002,0.4139249158924335,0.010817287419227889,[0.         0.         0.         0.         0.97052453 0.         0.         0.         0.         0.         0.         0.         0.         0.         0.         0.         0.         0.         0.         0.         0.         0.         0.         0.         0.         0.         0.         0.         0.02947547 0.         0.        ],[0. 0. 0. 0. 1. 0. 0. 0. 0. 0. 0. 0. 0. 0. 0. 0. 0. 0. 0. 0. 0. 0. 0. 0. 0. 0. 0. 0. 1. 0. 0.],2.0,best,1000,100,10,0.9,0.1,0.5,0.1,0.7,0.03,0.1,1,2,,problem_solving
280,-0.008745376556291878,0.03855,0.006431059730711307,0.21200000000000002,0.40594817079320256,0.013282624286666336,[0.         0.         0.         0.         0.97052453 0.         0.         0.         0.         0.         0.         0.         0.         0.         0.         0.         0.         0.         0.         0.         0.         0.         0.         0.         0.         0.         0.         0.         0.02947547 0.         0.        ],[0. 0. 0. 0. 1. 0. 0. 0. 0. 0. 0. 0. 0. 0. 0. 0. 0. 0. 0. 0. 0. 0. 0. 0. 0. 0. 0. 0. 1. 0. 0.],2.0,best,1000,100,10,0.9,0.1,0.5,0.1,0.7,0.03,0.1,1,2,,problem_solving
290,-0.008745376556291878,0.03855,0.006431059730711307,0.21600000000000003,0.3981251455111055,-0.006228025138947464,[0.         0.         0.         0.         0.97052453 0.         0.         0.         0.         0.         0.         0.         0.         0.         0.         0.         0.         0.         0.         0.         0.         0.         0.         0.         0.         0.         0.         0.         0.02947547 0.         0.        ],[0. 0. 0. 0. 1. 0. 0. 0. 0. 0. 0. 0. 0. 0. 0. 0. 0. 0. 0. 0. 0. 0. 0. 0. 0. 0. 0. 0. 1. 0. 0.],2.0,best,1000,100,10,0.9,0.1,0.5,0.1,0.7,0.03,0.1,1,2,,problem_solving
300,-0.008944992180584171,0.046961,0.008082583093278126,0.22000000000000003,0.3904528777122722,0.020091643581801648,[0.         0.         0.         0.         0.98007787 0.         0.         0.         0.         0.         0.         0.         0.         0.01992213 0.         0.         0.         0.         0.         0.         0.         0.         0.         0.         0.         0.         0.         0.         0.         0.         0.        ],[0. 0. 0. 0. 1. 0. 0. 0. 0. 0. 0. 0. 0. 1. 0. 0. 0. 0. 0. 0. 0. 0. 0. 0. 0. 0. 0. 0. 0. 0. 0.],2.0,best,1000,100,10,0.9,0.1,0.5,0.1,0.7,0.03,0.1,1,2,,problem_solving
310,-0.008944992180584171,0.046961,0.008082583093278126,0.224,0.3829284621499548,0.0026774127648240705,[0.         0.         0.         0.         0.98007787 0.         0.         0.         0.         0.         0.         0.         0.         0.01992213 0.         0.         0.         0.         0.         0.         0.         0.         0.         0.         0.         0.         0.         0.         0.         0.         0.        ],[0. 0. 0. 0. 1. 0. 0. 0. 0. 0. 0. 0. 0. 1. 0. 0. 0. 0. 0. 0. 0. 0. 0. 0. 0. 0. 0. 0. 0. 0. 0.],2.0,best,1000,100,10,0.9,0.1,0.5,0.1,0.7,0.03,0.1,1,2,,problem_solving
320,-0.008944992180584171,0.046961,0.008082583093278126,0.228,0.3755490495644016,0.017753008542641367,[0.         0.         0.         0.         0.98007787 0.         0.         0.         0.         0.         0.         0.         0.         0.01992213 0.         0.         0.         0.         0.         0.         0.         0.         0.         0.         0.         0.         0.         0.         0.         0.         0.        ],[0. 0. 0. 0. 1. 0. 0. 0. 0. 0. 0. 0. 0. 1. 0. 0. 0. 0. 0. 0. 0. 0. 0. 0. 0. 0. 0. 0. 0. 0. 0.],2.0,best,1000,100,10,0.9,0.1,0.5,0.1,0.7,0.03,0.1,1,2,,problem_solving
330,-0.008944992180584171,0.046961,0.008082583093278126,0.232,0.3683118456039322,-0.000832490421227412,[0.         0.         0.         0.         0.98007787 0.         0.         0.         0.         0.         0.         0.         0.         0.01992213 0.         0.         0.         0.         0.         0.         0.         0.         0.         0.         0.         0.         0.         0.         0.         0.         0.        ],[0. 0. 0. 0. 1. 0. 0. 0. 0. 0. 0. 0. 0. 1. 0. 0. 0. 0. 0. 0. 0. 0. 0. 0. 0. 0. 0. 0. 0. 0. 0.],2.0,best,1000,100,10,0.9,0.1,0.5,0.1,0.7,0.03,0.1,1,2,,problem_solving
340,-0.008944992180584171,0.046961,0.008082583093278126,0.23600000000000002,0.3612141097668044,-0.002899310319056447,[0.         0.         0.         0.         0.98007787 0.         0.         0.         0.         0.         0.         0.         0.         0.01992213 0.         0.         0.         0.         0.         0.         0.         0.         0.         0.         0.         0.         0.         0.         0.         0.         0.        ],[0. 0. 0. 0. 1. 0. 0. 0. 0. 0. 0. 0. 0. 1. 0. 0. 0. 0. 0. 0. 0. 0. 0. 0. 0. 0. 0. 0. 0. 0. 0.],2.0,best,1000,100,10,0.9,0.1,0.5,0.1,0.7,0.03,0.1,1,2,,problem_solving
350,-0.008944992180584171,0.046961,0.008082583093278126,0.24000000000000002,0.3542531543634719,0.004591364758085699,[0.         0.         0.         0.         0.98007787 0.         0.         0.         0.         0.         0.         0.         0.         0.01992213 0.         0.         0.         0.         0.         0.         0.         0.         0.         0.         0.         0.         0.         0.         0.         0.         0.        ],[0. 0. 0. 0. 1. 0. 0. 0. 0. 0. 0. 0. 0. 1. 0. 0. 0. 0. 0. 0. 0. 0. 0. 0. 0. 0. 0. 0. 0. 0. 0.],2.0,best,1000,100,10,0.9,0.1,0.5,0.1,0.7,0.03,0.1,1,2,,problem_solving
360,-0.008944992180584171,0.046961,0.008082583093278126,0.24400000000000002,0.3474263434988409,-0.002331211706834582,[0.         0.         0.         0.         0.98007787 0.         0.         0.         0.         0.         0.         0.         0.         0.01992213 0.         0.         0.         0.         0.         0.         0.         0.         0.         0.         0.         0.         0.         0.         0.         0.         0.        ],[0. 0. 0. 0. 1. 0. 0. 0. 0. 0. 0. 0. 0. 1. 0. 0. 0. 0. 0. 0. 0. 0. 0. 0. 0. 0. 0. 0. 0. 0. 0.],2.0,best,1000,100,10,0.9,0.1,0.5,0.1,0.7,0.03,0.1,1,2,,problem_solving
370,-0.008944992180584171,0.046961,0.008082583093278126,0.24800000000000003,0.3407310920741399,0.009078582033430323,[0.         0.         0.         0.         0.98007787 0.         0.         0.         0.         0.         0.         0.         0.         0.01992213 0.         0.         0.         0.         0.         0.         0.         0.         0.         0.         0.         0.         0.         0.         0.         0.         0.        ],[0. 0. 0. 0. 1. 0. 0. 0. 0. 0. 0. 0. 0. 1. 0. 0. 0. 0. 0. 0. 0. 0. 0. 0. 0. 0. 0. 0. 0. 0. 0.],2.0,best,1000,100,10,0.9,0.1,0.5,0.1,0.7,0.03,0.1,1,2,,problem_solving
380,-0.008944992180584171,0.046961,0.008082583093278126,0.252,0.33416486480802304,-0.01629796745700676,[0.         0.         0.         0.         0.98007787 0.         0.         0.         0.         0.         0.         0.         0.         0.01992213 0.         0.         0.         0.         0.         0.         0.         0.         0.         0.         0.         0.         0.         0.         0.         0.         0.        ],[0. 0. 0. 0. 1. 0. 0. 0. 0. 0. 0. 0. 0. 1. 0. 0. 0. 0. 0. 0. 0. 0. 0. 0. 0. 0. 0. 0. 0. 0. 0.],2.0,best,1000,100,10,0.9,0.1,0.5,0.1,0.7,0.03,0.1,1,2,,problem_solving
390,-0.008944992180584171,0.046961,0.008082583093278126,0.256,0.3277251752765399,-0.0049657262434799595,[0.         0.         0.         0.         0.98007787 0.         0.         0.         0.         0.         0.         0.         0.         0.01992213 0.         0.         0.         0.         0.         0.         0.         0.         0.         0.         0.         0.         0.         0.         0.         0.         0.        ],[0. 0. 0. 0. 1. 0. 0. 0. 0. 0. 0. 0. 0. 1. 0. 0. 0. 0. 0. 0. 0. 0. 0. 0. 0. 0. 0. 0. 0. 0. 0.],2.0,best,1000,100,10,0.9,0.1,0.5,0.1,0.7,0.03,0.1,1,2,,problem_solving
400,-0.008944992180584171,0.046961,0.008082583093278126,0.26,0.3214095849716039,0.004723174852656375,[0.         0.         0.         0.         0.98007787 0.         0.         0.         0.         0.         0.         0.         0.         0.01992213 0.         0.         0.         0.         0.         0.         0.         0.         0.         0.         0.         0.         0.         0.         0.         0.         0.        ],[0. 0. 0. 0. 1. 0. 0. 0. 0. 0. 0. 0. 0. 1. 0. 0. 0. 0. 0. 0. 0. 0. 0. 0. 0. 0. 0. 0. 0. 0. 0.],2.0,best,1000,100,10,0.9,0.1,0.5,0.1,0.7,0.03,0.1,1,2,,problem_solving
410,-0.008944992180584171,0.046961,0.008082583093278126,0.264,0.31521570237760627,-0.011740793246423287,[0.         0.         0.         0.         0.98007787 0.         0.         0.         0.         0.         0.         0.         0.         0.01992213 0.         0.         0.         0.         0.         0.         0.         0.         0.         0.         0.         0.         0.         0.         0.         0.         0.        ],[0. 0. 0. 0. 1. 0. 0. 0. 0. 0. 0. 0. 0. 1. 0. 0. 0. 0. 0. 0. 0. 0. 0. 0. 0. 0. 0. 0. 0. 0. 0.],2.0,best,1000,100,10,0.9,0.1,0.5,0.1,0.7,0.03,0.1,1,2,,problem_solving
420,-0.008944992180584171,0.046961,0.008082583093278126,0.268,0.30914118206582436,0.003330822619838903,[0.         0.         0.         0.         0.98007787 0.         0.         0.         0.         0.         0.         0.         0.         0.01992213 0.         0.         0.         0.         0.         0.         0.         0.         0.         0.         0.         0.         0.         0.         0.         0.         0.        ],[0. 0. 0. 0. 1. 0. 0. 0. 0. 0. 0. 0. 0. 1. 0. 0. 0. 0. 0. 0. 0. 0. 0. 0. 0. 0. 0. 0. 0. 0. 0.],2.0,best,1000,100,10,0.9,0.1,0.5,0.1,0.7,0.03,0.1,1,2,,problem_solving
430,-0.008944992180584171,0.046961,0.008082583093278126,0.272,0.3031837238062814,0.0028875430808206187,[0.         0.         0.         0.         0.98007787 0.         0.         0.         0.         0.         0.         0.         0.         0.01992213 0.         0.         0.         0.         0.         0.         0.         0.         0.         0.         0.         0.         0.         0.         0.         0.         0.        ],[0. 0. 0. 0. 1. 0. 0. 0. 0. 0. 0. 0. 0. 1. 0. 0. 0. 0. 0. 0. 0. 0. 0. 0. 0. 0. 0. 0. 0. 0. 0.],2.0,best,1000,100,10,0.9,0.1,0.5,0.1,0.7,0.03,0.1,1,2,,problem_solving
440,-0.008944992180584171,0.046961,0.008082583093278126,0.276,0.29734107169672147,-0.002469930178705326,[0.         0.         0.         0.         0.98007787 0.         0.         0.         0.         0.         0.         0.         0.         0.01992213 0.         0.         0.         0.         0.         0.         0.         0.         0.         0.         0.         0.         0.         0.         0.         0.         0.        ],[0. 0. 0. 0. 1. 0. 0. 0. 0. 0. 0. 0. 0. 1. 0. 0. 0. 0. 0. 0. 0. 0. 0. 0. 0. 0. 0. 0. 0. 0. 0.],2.0,best,1000,100,10,0.9,0.1,0.5,0.1,0.7,0.03,0.1,1,2,,problem_solving
450,-0.008944992180584171,0.046961,0.008082583093278126,0.28,0.2916110133083706,-0.00397157309243901,[0.         0.         0.         0.         0.98007787 0.         0.         0.         0.         0.         0.         0.         0.         0.01992213 0.         0.         0.         0.         0.         0.         0.         0.         0.         0.         0.         0.         0.         0.         0.         0.         0.        ],[0. 0. 0. 0. 1. 0. 0. 0. 0. 0. 0. 0. 0. 1. 0. 0. 0. 0. 0. 0. 0. 0. 0. 0. 0. 0. 0. 0. 0. 0. 0.],2.0,best,1000,100,10,0.9,0.1,0.5,0.1,0.7,0.03,0.1,1,2,,problem_solving
460,-0.008944992180584171,0.046961,0.008082583093278126,0.28400000000000003,0.285991378848159,-0.014436578534679648,[0.         0.         0.         0.         0.98007787 0.         0.         0.         0.         0.         0.         0.         0.         0.01992213 0.         0.         0.         0.         0.         0.         0.         0.         0.         0.         0.         0.         0.         0.         0.         0.         0.        ],[0. 0. 0. 0. 1. 0. 0. 0. 0. 0. 0. 0. 0. 1. 0. 0. 0. 0. 0. 0. 0. 0. 0. 0. 0. 0. 0. 0. 0. 0. 0.],2.0,best,1000,100,10,0.9,0.1,0.5,0.1,0.7,0.03,0.1,1,2,,problem_solving
470,-0.008944992180584171,0.046961,0.008082583093278126,0.28800000000000003,0.2804800403370891,-0.0012245893915596667,[0.         0.         0.         0.         0.98007787 0.         0.         0.         0.         0.         0.         0.         0.         0.01992213 0.         0.         0.         0.         0.         0.         0.         0.         0.         0.         0.         0.         0.         0.         0.         0.         0.        ],[0. 0. 0. 0. 1. 0. 0. 0. 0. 0. 0. 0. 0. 1. 0. 0. 0. 0. 0. 0. 0. 0. 0. 0. 0. 0. 0. 0. 0. 0. 0.],2.0,best,1000,100,10,0.9,0.1,0.5,0.1,0.7,0.03,0.1,1,2,,problem_solving
480,-0.008944992180584171,0.046961,0.008082583093278126,0.29200000000000004,0.27507491080443647,-0.002007142742129921,[0.         0.         0.         0.         0.98007787 0.         0.         0.         0.         0.         0.         0.         0.         0.01992213 0.         0.         0.         0.         0.         0.         0.         0.         0.         0.         0.         0.         0.         0.         0.         0.         0.        ],[0. 0. 0. 0. 1. 0. 0. 0. 0. 0. 0. 0. 0. 1. 0. 0. 0. 0. 0. 0. 0. 0. 0. 0. 0. 0. 0. 0. 0. 0. 0.],2.0,best,1000,100,10,0.9,0.1,0.5,0.1,0.7,0.03,0.1,1,2,,problem_solving
490,-0.008944992180584171,0.046961,0.008082583093278126,0.29600000000000004,0.2697739434974796,0.005370829178395622,[0.         0.         0.         0.         0.98007787 0.         0.         0.         0.         0.         0.         0.         0.         0.01992213 0.         0.         0.         0.         0.         0.         0.         0.         0.         0.         0.         0.         0.         0.         0.         0.         0.        ],[0. 0. 0. 0. 1. 0. 0. 0. 0. 0. 0. 0. 0. 1. 0. 0. 0. 0. 0. 0. 0. 0. 0. 0. 0. 0. 0. 0. 0. 0. 0.],2.0,best,1000,100,10,0.9,0.1,0.5,0.1,0.7,0.03,0.1,1,2,,problem_solving
500,-0.008944992180584171,0.046961,0.008082583093278126,0.30000000000000004,0.2645751311064591,0.004815178961285562,[0.         0.         0.         0.         0.98007787 0.         0.         0.         0.         0.         0.         0.         0.         0.01992213 0.         0.         0.         0.         0.         0.         0.         0.         0.         0.         0.         0.         0.         0.         0.         0.         0.        ],[0. 0. 0. 0. 1. 0. 0. 0. 0. 0. 0. 0. 0. 1. 0. 0. 0. 0. 0. 0. 0. 0. 0. 0. 0. 0. 0. 0. 0. 0. 0.],2.0,best,1000,100,10,0.9,0.1,0.5,0.1,0.7,0.03,0.1,1,2,,problem_solving
510,-0.008944992180584171,0.046961,0.008082583093278126,0.30400000000000005,0.25947650500447234,-0.006726678825358178,[0.         0.         0.         0.         0.98007787 0.         0.         0.         0.         0.         0.         0.         0.         0.01992213 0.         0.         0.         0.         0.         0.         0.         0.         0.         0.         0.         0.         0.         0.         0.         0.         0.        ],[0. 0. 0. 0. 1. 0. 0. 0. 0. 0. 0. 0. 0. 1. 0. 0. 0. 0. 0. 0. 0. 0. 0. 0. 0. 0. 0. 0. 0. 0. 0.],2.0,best,1000,100,10,0.9,0.1,0.5,0.1,0.7,0.03,0.1,1,2,,problem_solving
520,-0.008944992180584171,0.046961,0.008082583093278126,0.30800000000000005,0.2544761345020166,0.001910959745123721,[0.         0.         0.         0.         0.98007787 0.         0.         0.         0.         0.         0.         0.         0.         0.01992213 0.         0.         0.         0.         0.         0.         0.         0.         0.         0.         0.         0.         0.         0.         0.         0.         0.        ],[0. 0. 0. 0. 1. 0. 0. 0. 0. 0. 0. 0. 0. 1. 0. 0. 0. 0. 0. 0. 0. 0. 0. 0. 0. 0. 0. 0. 0. 0. 0.],2.0,best,1000,100,10,0.9,0.1,0.5,0.1,0.7,0.03,0.1,1,2,,problem_solving
530,-0.008944992180584171,0.046961,0.008082583093278126,0.31200000000000006,0.24957212611589738,0.01147371820214685,[0.         0.         0.         0.         0.98007787 0.         0.         0.         0.         0.         0.         0.         0.         0.01992213 0.         0.         0.         0.         0.         0.         0.         0.         0.         0.         0.         0.         0.         0.         0.         0.         0.        ],[0. 0. 0. 0. 1. 0. 0. 0. 0. 0. 0. 0. 0. 1. 0. 0. 0. 0. 0. 0. 0. 0. 0. 0. 0. 0. 0. 0. 0. 0. 0.],2.0,best,1000,100,10,0.9,0.1,0.5,0.1,0.7,0.03,0.1,1,2,,problem_solving
540,-0.008944992180584171,0.046961,0.008082583093278126,0.316,0.24476262285222591,0.0004063220175584114,[0.         0.         0.         0.         0.98007787 0.         0.         0.         0.         0.         0.         0.         0.         0.01992213 0.         0.         0.         0.         0.         0.         0.         0.         0.         0.         0.         0.         0.         0.         0.         0.         0.        ],[0. 0. 0. 0. 1. 0. 0. 0. 0. 0. 0. 0. 0. 1. 0. 0. 0. 0. 0. 0. 0. 0. 0. 0. 0. 0. 0. 0. 0. 0. 0.],2.0,best,1000,100,10,0.9,0.1,0.5,0.1,0.7,0.03,0.1,1,2,,problem_solving
550,-0.00894891506846495,0.050445,0.005124391557689303,0.32,0.24004580350323373,0.002976096301117835,[0.         0.         0.         0.         0.98017368 0.         0.         0.         0.         0.         0.         0.         0.         0.01982632 0.         0.         0.         0.         0.         0.         0.         0.         0.         0.         0.         0.         0.         0.         0.         0.         0.        ],[0. 0. 0. 0. 1. 0. 0. 0. 0. 0. 0. 0. 0. 1. 0. 0. 0. 0. 0. 0. 0. 0. 0. 0. 0. 0. 0. 0. 0. 0. 0.],2.0,best,1000,100,10,0.9,0.1,0.5,0.1,0.7,0.03,0.1,1,2,,problem_solving
560,-0.00894891506846495,0.050445,0.005124391557689303,0.324,0.23541988195763883,0.007066580829244917,[0.         0.         0.         0.         0.98017368 0.         0.         0.         0.         0.         0.         0.         0.         0.01982632 0.         0.         0.         0.         0.         0.         0.         0.         0.         0.         0.         0.         0.         0.         0.         0.         0.        ],[0. 0. 0. 0. 1. 0. 0. 0. 0. 0. 0. 0. 0. 1. 0. 0. 0. 0. 0. 0. 0. 0. 0. 0. 0. 0. 0. 0. 0. 0. 0.],2.0,best,1000,100,10,0.9,0.1,0.5,0.1,0.7,0.03,0.1,1,2,,problem_solving
570,-0.00894891506846495,0.050445,0.005124391557689303,0.328,0.23088310652430125,-0.001898141450086895,[0.         0.         0.         0.         0.98017368 0.         0.         0.         0.         0.         0.         0.         0.         0.01982632 0.         0.         0.         0.         0.         0.         0.         0.         0.         0.         0.         0.         0.         0.         0.         0.         0.        ],[0. 0. 0. 0. 1. 0. 0. 0. 0. 0. 0. 0. 0. 1. 0. 0. 0. 0. 0. 0. 0. 0. 0. 0. 0. 0. 0. 0. 0. 0. 0.],2.0,best,1000,100,10,0.9,0.1,0.5,0.1,0.7,0.03,0.1,1,2,,problem_solving
580,-0.00894891506846495,0.050445,0.005124391557689303,0.332,0.22643375926891277,0.0041834682116782,[0.         0.         0.         0.         0.98017368 0.         0.         0.         0.         0.         0.         0.         0.         0.01982632 0.         0.         0.         0.         0.         0.         0.         0.         0.         0.         0.         0.         0.         0.         0.         0.         0.        ],[0. 0. 0. 0. 1. 0. 0. 0. 0. 0. 0. 0. 0. 1. 0. 0. 0. 0. 0. 0. 0. 0. 0. 0. 0. 0. 0. 0. 0. 0. 0.],2.0,best,1000,100,10,0.9,0.1,0.5,0.1,0.7,0.03,0.1,1,2,,problem_solving
590,-0.00894891506846495,0.050445,0.005124391557689303,0.336,0.22207015536346894,0.0024596242903038505,[0.         0.         0.         0.         0.98017368 0.         0.         0.         0.         0.         0.         0.         0.         0.01982632 0.         0.         0.         0.         0.         0.         0.         0.         0.         0.         0.         0.         0.         0.         0.         0.         0.        ],[0. 0. 0. 0. 1. 0. 0. 0. 0. 0. 0. 0. 0. 1. 0. 0. 0. 0. 0. 0. 0. 0. 0. 0. 0. 0. 0. 0. 0. 0. 0.],2.0,best,1000,100,10,0.9,0.1,0.5,0.1,0.7,0.03,0.1,1,2,,problem_solving
600,-0.00894891506846495,0.050445,0.005124391557689303,0.34,0.21779064244827798,0.004654938621691662,[0.         0.         0.         0.         0.98017368 0.         0.         0.         0.         0.         0.         0.         0.         0.01982632 0.         0.         0.         0.         0.         0.         0.         0.         0.         0.         0.         0.         0.         0.         0.         0.         0.        ],[0. 0. 0. 0. 1. 0. 0. 0. 0. 0. 0. 0. 0. 1. 0. 0. 0. 0. 0. 0. 0. 0. 0. 0. 0. 0. 0. 0. 0. 0. 0.],2.0,best,1000,100,10,0.9,0.1,0.5,0.1,0.7,0.03,0.1,1,2,,problem_solving
610,-0.009182602797719515,0.012581,0.002635545991289361,0.34400000000000003,0.2135936000062639,0.003464975118382083,[0.         0.         0.         0.         0.98010275 0.         0.         0.         0.         0.         0.         0.         0.         0.         0.         0.         0.         0.         0.         0.         0.         0.         0.         0.         0.         0.         0.         0.         0.01989725 0.         0.        ],[0. 0. 0. 0. 1. 0. 0. 0. 0. 0. 0. 0. 0. 0. 0. 0. 0. 0. 0. 0. 0. 0. 0. 0. 0. 0. 0. 0. 1. 0. 0.],2.0,best,1000,100,10,0.9,0.1,0.5,0.1,0.7,0.03,0.1,1,2,,problem_solving
620,-0.009182602797719515,0.012581,0.002635545991289361,0.348,0.20947743874932764,-0.0009067179926638316,[0.         0.         0.         0.         0.98010275 0.         0.         0.         0.         0.         0.         0.         0.         0.         0.         0.         0.         0.         0.         0.         0.         0.         0.         0.         0.         0.         0.         0.         0.01989725 0.         0.        ],[0. 0. 0. 0. 1. 0. 0. 0. 0. 0. 0. 0. 0. 0. 0. 0. 0. 0. 0. 0. 0. 0. 0. 0. 0. 0. 0. 0. 1. 0. 0.],2.0,best,1000,100,10,0.9,0.1,0.5,0.1,0.7,0.03,0.1,1,2,,problem_solving
630,-0.009182602797719515,0.012581,0.002635545991289361,0.352,0.20544060001653347,-0.005338855509127368,[0.         0.         0.         0.         0.98010275 0.         0.         0.         0.         0.         0.         0.         0.         0.         0.         0.         0.         0.         0.         0.         0.         0.         0.         0.         0.         0.         0.         0.         0.01989725 0.         0.        ],[0. 0. 0. 0. 1. 0. 0. 0. 0. 0. 0. 0. 0. 0. 0. 0. 0. 0. 0. 0. 0. 0. 0. 0. 0. 0. 0. 0. 1. 0. 0.],2.0,best,1000,100,10,0.9,0.1,0.5,0.1,0.7,0.03,0.1,1,2,,problem_solving
640,-0.009182602797719515,0.012581,0.002635545991289361,0.356,0.20148155518389335,0.011581942619574478,[0.         0.         0.         0.         0.98010275 0.         0.         0.         0.         0.         0.         0.         0.         0.         0.         0.         0.         0.         0.         0.         0.         0.         0.         0.         0.         0.         0.         0.         0.01989725 0.         0.        ],[0. 0. 0. 0. 1. 0. 0. 0. 0. 0. 0. 0. 0. 0. 0. 0. 0. 0. 0. 0. 0. 0. 0. 0. 0. 0. 0. 0. 1. 0. 0.],2.0,best,1000,100,10,0.9,0.1,0.5,0.1,0.7,0.03,0.1,1,2,,problem_solving
650,-0.009182602797719515,0.012581,0.002635545991289361,0.36,0.19759880508552483,0.0023653609432102833,[0.         0.         0.         0.         0.98010275 0.         0.         0.         0.         0.         0.         0.         0.         0.         0.         0.         0.         0.         0.         0.         0.         0.         0.         0.         0.         0.         0.         0.         0.01989725 0.         0.        ],[0. 0. 0. 0. 1. 0. 0. 0. 0. 0. 0. 0. 0. 0. 0. 0. 0. 0. 0. 0. 0. 0. 0. 0. 0. 0. 0. 0. 1. 0. 0.],2.0,best,1000,100,10,0.9,0.1,0.5,0.1,0.7,0.03,0.1,1,2,,problem_solving
660,-0.009182602797719515,0.012581,0.002635545991289361,0.364,0.19379087944596401,0.0010788843146332335,[0.         0.         0.         0.         0.98010275 0.         0.         0.         0.         0.         0.         0.         0.         0.         0.         0.         0.         0.         0.         0.         0.         0.         0.         0.         0.         0.         0.         0.         0.01989725 0.         0.        ],[0. 0. 0. 0. 1. 0. 0. 0. 0. 0. 0. 0. 0. 0. 0. 0. 0. 0. 0. 0. 0. 0. 0. 0. 0. 0. 0. 0. 1. 0. 0.],2.0,best,1000,100,10,0.9,0.1,0.5,0.1,0.7,0.03,0.1,1,2,,problem_solving
670,-0.009182602797719515,0.012581,0.002635545991289361,0.368,0.1900563363234187,-0.009474589925186473,[0.         0.         0.         0.         0.98010275 0.         0.         0.         0.         0.         0.         0.         0.         0.         0.         0.         0.         0.         0.         0.         0.         0.         0.         0.         0.         0.         0.         0.         0.01989725 0.         0.        ],[0. 0. 0. 0. 1. 0. 0. 0. 0. 0. 0. 0. 0. 0. 0. 0. 0. 0. 0. 0. 0. 0. 0. 0. 0. 0. 0. 0. 1. 0. 0.],2.0,best,1000,100,10,0.9,0.1,0.5,0.1,0.7,0.03,0.1,1,2,,problem_solving
680,-0.009182602797719515,0.012581,0.002635545991289361,0.372,0.18639376156374998,-0.0025715300967899877,[0.         0.         0.         0.         0.98010275 0.         0.         0.         0.         0.         0.         0.         0.         0.         0.         0.         0.         0.         0.         0.         0.         0.         0.         0.         0.         0.         0.         0.         0.01989725 0.         0.        ],[0. 0. 0. 0. 1. 0. 0. 0. 0. 0. 0. 0. 0. 0. 0. 0. 0. 0. 0. 0. 0. 0. 0. 0. 0. 0. 0. 0. 1. 0. 0.],2.0,best,1000,100,10,0.9,0.1,0.5,0.1,0.7,0.03,0.1,1,2,,problem_solving
690,-0.009182602797719515,0.012581,0.002635545991289361,0.376,0.1828017682649769,0.0044096704719506045,[0.         0.         0.         0.         0.98010275 0.         0.         0.         0.         0.         0.         0.         0.         0.         0.         0.         0.         0.         0.         0.         0.         0.         0.         0.         0.         0.         0.         0.         0.01989725 0.         0.        ],[0. 0. 0. 0. 1. 0. 0. 0. 0. 0. 0. 0. 0. 0. 0. 0. 0. 0. 0. 0. 0. 0. 0. 0. 0. 0. 0. 0. 1. 0. 0.],2.0,best,1000,100,10,0.9,0.1,0.5,0.1,0.7,0.03,0.1,1,2,,problem_solving
700,-0.009182602797719515,0.012581,0.002635545991289361,0.38,0.17927899625209975,-0.003366179620702437,[0.         0.         0.         0.         0.98010275 0.         0.         0.         0.         0.         0.         0.         0.         0.         0.         0.         0.         0.         0.         0.         0.         0.         0.         0.         0.         0.         0.         0.         0.01989725 0.         0.        ],[0. 0. 0. 0. 1. 0. 0. 0. 0. 0. 0. 0. 0. 0. 0. 0. 0. 0. 0. 0. 0. 0. 0. 0. 0. 0. 0. 0. 1. 0. 0.],2.0,best,1000,100,10,0.9,0.1,0.5,0.1,0.7,0.03,0.1,1,2,,problem_solving
710,-0.009182602797719515,0.012581,0.002635545991289361,0.384,0.17582411156204497,0.0059066221643874145,[0.         0.         0.         0.         0.98010275 0.         0.         0.         0.         0.         0.         0.         0.         0.         0.         0.         0.         0.         0.         0.         0.         0.         0.         0.         0.         0.         0.         0.         0.01989725 0.         0.        ],[0. 0. 0. 0. 1. 0. 0. 0. 0. 0. 0. 0. 0. 0. 0. 0. 0. 0. 0. 0. 0. 0. 0. 0. 0. 0. 0. 0. 1. 0. 0.],2.0,best,1000,100,10,0.9,0.1,0.5,0.1,0.7,0.03,0.1,1,2,,problem_solving
720,-0.009182602797719515,0.012581,0.002635545991289361,0.388,0.17243580593853514,0.001050643977210371,[0.         0.         0.         0.         0.98010275 0.         0.         0.         0.         0.         0.         0.         0.         0.         0.         0.         0.         0.         0.         0.         0.         0.         0.         0.         0.         0.         0.         0.         0.01989725 0.         0.        ],[0. 0. 0. 0. 1. 0. 0. 0. 0. 0. 0. 0. 0. 0. 0. 0. 0. 0. 0. 0. 0. 0. 0. 0. 0. 0. 0. 0. 1. 0. 0.],2.0,best,1000,100,10,0.9,0.1,0.5,0.1,0.7,0.03,0.1,1,2,,problem_solving
730,-0.009182602797719515,0.012581,0.002635545991289361,0.392,0.16911279633669332,-0.0022669892346307186,[0.         0.         0.         0.         0.98010275 0.         0.         0.         0.         0.         0.         0.         0.         0.         0.         0.         0.         0.         0.         0.         0.         0.         0.         0.         0.         0.         0.         0.         0.01989725 0.         0.        ],[0. 0. 0. 0. 1. 0. 0. 0. 0. 0. 0. 0. 0. 0. 0. 0. 0. 0. 0. 0. 0. 0. 0. 0. 0. 0. 0. 0. 1. 0. 0.],2.0,best,1000,100,10,0.9,0.1,0.5,0.1,0.7,0.03,0.1,1,2,,problem_solving
740,-0.009182602797719515,0.012581,0.002635545991289361,0.396,0.16585382443719424,0.007799349053657532,[0.         0.         0.         0.         0.98010275 0.         0.         0.         0.         0.         0.         0.         0.         0.         0.         0.         0.         0.         0.         0.         0.         0.         0.         0.         0.         0.         0.         0.         0.01989725 0.         0.        ],[0. 0. 0. 0. 1. 0. 0. 0. 0. 0. 0. 0. 0. 0. 0. 0. 0. 0. 0. 0. 0. 0. 0. 0. 0. 0. 0. 0. 1. 0. 0.],2.0,best,1000,100,10,0.9,0.1,0.5,0.1,0.7,0.03,0.1,1,2,,problem_solving
750,-0.009182602797719515,0.012581,0.002635545991289361,0.4,0.1626576561697786,0.010338145473593248,[0.         0.         0.         0.         0.98010275 0.         0.         0.         0.         0.         0.         0.         0.         0.         0.         0.         0.         0.         0.         0.         0.         0.         0.         0.         0.         0.         0.         0.         0.01989725 0.         0.        ],[0. 0. 0. 0. 1. 0. 0. 0. 0. 0. 0. 0. 0. 0. 0. 0. 0. 0. 0. 0. 0. 0. 0. 0. 0. 0. 0. 0. 1. 0. 0.],2.0,best,1000,100,10,0.9,0.1,0.5,0.1,0.7,0.03,0.1,1,2,,problem_solving
760,-0.009182602797719515,0.012581,0.002635545991289361,0.404,0.15952308124594905,-0.004694794139345235,[0.         0.         0.         0.         0.98010275 0.         0.         0.         0.         0.         0.         0.         0.         0.         0.         0.         0.         0.         0.         0.         0.         0.         0.         0.         0.         0.         0.         0.         0.01989725 0.         0.        ],[0. 0. 0. 0. 1. 0. 0. 0. 0. 0. 0. 0. 0. 0. 0. 0. 0. 0. 0. 0. 0. 0. 0. 0. 0. 0. 0. 0. 1. 0. 0.],2.0,best,1000,100,10,0.9,0.1,0.5,0.1,0.7,0.03,0.1,1,2,,problem_solving
770,-0.009182602797719515,0.012581,0.002635545991289361,0.40800000000000003,0.15644891270067235,-0.000436151852601366,[0.         0.         0.         0.         0.98010275 0.         0.         0.         0.         0.         0.         0.         0.         0.         0.         0.         0.         0.         0.         0.         0.         0.         0.         0.         0.         0.         0.         0.         0.01989725 0.         0.        ],[0. 0. 0. 0. 1. 0. 0. 0. 0. 0. 0. 0. 0. 0. 0. 0. 0. 0. 0. 0. 0. 0. 0. 0. 0. 0. 0. 0. 1. 0. 0.],2.0,best,1000,100,10,0.9,0.1,0.5,0.1,0.7,0.03,0.1,1,2,,problem_solving
780,-0.009182602797719515,0.012581,0.002635545991289361,0.41200000000000003,0.15343398644291262,0.00423177619352531,[0.         0.         0.         0.         0.98010275 0.         0.         0.         0.         0.         0.         0.         0.         0.         0.         0.         0.         0.         0.         0.         0.         0.         0.         0.         0.         0.         0.         0.         0.01989725 0.         0.        ],[0. 0. 0. 0. 1. 0. 0. 0. 0. 0. 0. 0. 0. 0. 0. 0. 0. 0. 0. 0. 0. 0. 0. 0. 0. 0. 0. 0. 1. 0. 0.],2.0,best,1000,100,10,0.9,0.1,0.5,0.1,0.7,0.03,0.1,1,2,,problem_solving
790,-0.009182602797719515,0.012581,0.002635545991289361,0.41600000000000004,0.1504771608148269,0.0032029453290576496,[0.         0.         0.         0.         0.98010275 0.         0.         0.         0.         0.         0.         0.         0.         0.         0.         0.         0.         0.         0.         0.         0.         0.         0.         0.         0.         0.         0.         0.         0.01989725 0.         0.        ],[0. 0. 0. 0. 1. 0. 0. 0. 0. 0. 0. 0. 0. 0. 0. 0. 0. 0. 0. 0. 0. 0. 0. 0. 0. 0. 0. 0. 1. 0. 0.],2.0,best,1000,100,10,0.9,0.1,0.5,0.1,0.7,0.03,0.1,1,2,,problem_solving
800,-0.009182602797719515,0.012581,0.002635545991289361,0.42000000000000004,0.1475773161594552,-0.0005188138356438045,[0.         0.         0.         0.         0.98010275 0.         0.         0.         0.         0.         0.         0.         0.         0.         0.         0.         0.         0.         0.         0.         0.         0.         0.         0.         0.         0.         0.         0.         0.01989725 0.         0.        ],[0. 0. 0. 0. 1. 0. 0. 0. 0. 0. 0. 0. 0. 0. 0. 0. 0. 0. 0. 0. 0. 0. 0. 0. 0. 0. 0. 0. 1. 0. 0.],2.0,best,1000,100,10,0.9,0.1,0.5,0.1,0.7,0.03,0.1,1,2,,problem_solving
810,-0.009182602797719515,0.012581,0.002635545991289361,0.42400000000000004,0.1447333543967415,-0.010361619023540507,[0.         0.         0.         0.         0.98010275 0.         0.         0.         0.         0.         0.         0.         0.         0.         0.         0.         0.         0.         0.         0.         0.         0.         0.         0.         0.         0.         0.         0.         0.01989725 0.         0.        ],[0. 0. 0. 0. 1. 0. 0. 0. 0. 0. 0. 0. 0. 0. 0. 0. 0. 0. 0. 0. 0. 0. 0. 0. 0. 0. 0. 0. 1. 0. 0.],2.0,best,1000,100,10,0.9,0.1,0.5,0.1,0.7,0.03,0.1,1,2,,problem_solving
820,-0.009182602797719515,0.012581,0.002635545991289361,0.42800000000000005,0.1419441986077252,-0.005020108366033819,[0.         0.         0.         0.         0.98010275 0.         0.         0.         0.         0.         0.         0.         0.         0.         0.         0.         0.         0.         0.         0.         0.         0.         0.         0.         0.         0.         0.         0.         0.01989725 0.         0.        ],[0. 0. 0. 0. 1. 0. 0. 0. 0. 0. 0. 0. 0. 0. 0. 0. 0. 0. 0. 0. 0. 0. 0. 0. 0. 0. 0. 0. 1. 0. 0.],2.0,best,1000,100,10,0.9,0.1,0.5,0.1,0.7,0.03,0.1,1,2,,problem_solving
830,-0.009182602797719515,0.012581,0.002635545991289361,0.43200000000000005,0.13920879262674613,-0.004319864087376993,[0.         0.         0.         0.         0.98010275 0.         0.         0.         0.         0.         0.         0.         0.         0.         0.         0.         0.         0.         0.         0.         0.         0.         0.         0.         0.         0.         0.         0.         0.01989725 0.         0.        ],[0. 0. 0. 0. 1. 0. 0. 0. 0. 0. 0. 0. 0. 0. 0. 0. 0. 0. 0. 0. 0. 0. 0. 0. 0. 0. 0. 0. 1. 0. 0.],2.0,best,1000,100,10,0.9,0.1,0.5,0.1,0.7,0.03,0.1,1,2,,problem_solving
840,-0.009182602797719515,0.012581,0.002635545991289361,0.43600000000000005,0.1365261006415074,0.0004583257347006738,[0.         0.         0.         0.         0.98010275 0.         0.         0.         0.         0.         0.         0.         0.         0.         0.         0.         0.         0.         0.         0.         0.         0.         0.         0.         0.         0.         0.         0.         0.01989725 0.         0.        ],[0. 0. 0. 0. 1. 0. 0. 0. 0. 0. 0. 0. 0. 0. 0. 0. 0. 0. 0. 0. 0. 0. 0. 0. 0. 0. 0. 0. 1. 0. 0.],2.0,best,1000,100,10,0.9,0.1,0.5,0.1,0.7,0.03,0.1,1,2,,problem_solving
850,-0.009182602797719515,0.012581,0.002635545991289361,0.44000000000000006,0.1338951068008461,0.003637605058324306,[0.         0.         0.         0.         0.98010275 0.         0.         0.         0.         0.         0.         0.         0.         0.         0.         0.         0.         0.         0.         0.         0.         0.         0.         0.         0.         0.         0.         0.         0.01989725 0.         0.        ],[0. 0. 0. 0. 1. 0. 0. 0. 0. 0. 0. 0. 0. 0. 0. 0. 0. 0. 0. 0. 0. 0. 0. 0. 0. 0. 0. 0. 1. 0. 0.],2.0,best,1000,100,10,0.9,0.1,0.5,0.1,0.7,0.03,0.1,1,2,,problem_solving
860,-0.009182602797719515,0.012581,0.002635545991289361,0.44400000000000006,0.1313148148300622,0.005814341511360614,[0.         0.         0.         0.         0.98010275 0.         0.         0.         0.         0.         0.         0.         0.         0.         0.         0.         0.         0.         0.         0.         0.         0.         0.         0.         0.         0.         0.         0.         0.01989725 0.         0.        ],[0. 0. 0. 0. 1. 0. 0. 0. 0. 0. 0. 0. 0. 0. 0. 0. 0. 0. 0. 0. 0. 0. 0. 0. 0. 0. 0. 0. 1. 0. 0.],2.0,best,1000,100,10,0.9,0.1,0.5,0.1,0.7,0.03,0.1,1,2,,problem_solving
870,-0.009182602797719515,0.012581,0.002635545991289361,0.44800000000000006,0.12878424765366075,-0.0028359978755622805,[0.         0.         0.         0.         0.98010275 0.         0.         0.         0.         0.         0.         0.         0.         0.         0.         0.         0.         0.         0.         0.         0.         0.         0.         0.         0.         0.         0.         0.         0.01989725 0.         0.        ],[0. 0. 0. 0. 1. 0. 0. 0. 0. 0. 0. 0. 0. 0. 0. 0. 0. 0. 0. 0. 0. 0. 0. 0. 0. 0. 0. 0. 1. 0. 0.],2.0,best,1000,100,10,0.9,0.1,0.5,0.1,0.7,0.03,0.1,1,2,,problem_solving
880,-0.009182602797719515,0.012581,0.002635545991289361,0.45200000000000007,0.12630244702536408,0.0001772267036434411,[0.         0.         0.         0.         0.98010275 0.         0.         0.         0.         0.         0.         0.         0.         0.         0.         0.         0.         0.         0.         0.         0.         0.         0.         0.         0.         0.         0.         0.         0.01989725 0.         0.        ],[0. 0. 0. 0. 1. 0. 0. 0. 0. 0. 0. 0. 0. 0. 0. 0. 0. 0. 0. 0. 0. 0. 0. 0. 0. 0. 0. 0. 1. 0. 0.],2.0,best,1000,100,10,0.9,0.1,0.5,0.1,0.7,0.03,0.1,1,2,,problem_solving
890,-0.009182602797719515,0.012581,0.002635545991289361,0.45600000000000007,0.12386847316525405,-0.006261940472770565,[0.         0.         0.         0.         0.98010275 0.         0.         0.         0.         0.         0.         0.         0.         0.         0.         0.         0.         0.         0.         0.         0.         0.         0.         0.         0.         0.         0.         0.         0.01989725 0.         0.        ],[0. 0. 0. 0. 1. 0. 0. 0. 0. 0. 0. 0. 0. 0. 0. 0. 0. 0. 0. 0. 0. 0. 0. 0. 0. 0. 0. 0. 1. 0. 0.],2.0,best,1000,100,10,0.9,0.1,0.5,0.1,0.7,0.03,0.1,1,2,,problem_solving
900,-0.009182602797719515,0.012581,0.002635545991289361,0.4600000000000001,0.12148140440390671,-0.0020091842642826732,[0.         0.         0.         0.         0.98010275 0.         0.         0.         0.         0.         0.         0.         0.         0.         0.         0.         0.         0.         0.         0.         0.         0.         0.         0.         0.         0.         0.         0.         0.01989725 0.         0.        ],[0. 0. 0. 0. 1. 0. 0. 0. 0. 0. 0. 0. 0. 0. 0. 0. 0. 0. 0. 0. 0. 0. 0. 0. 0. 0. 0. 0. 1. 0. 0.],2.0,best,1000,100,10,0.9,0.1,0.5,0.1,0.7,0.03,0.1,1,2,,problem_solving
910,-0.009182602797719515,0.012581,0.002635545991289361,0.46399999999999997,0.11914033683338536,0.005293386811312724,[0.         0.         0.         0.         0.98010275 0.         0.         0.         0.         0.         0.         0.         0.         0.         0.         0.         0.         0.         0.         0.         0.         0.         0.         0.         0.         0.         0.         0.         0.01989725 0.         0.        ],[0. 0. 0. 0. 1. 0. 0. 0. 0. 0. 0. 0. 0. 0. 0. 0. 0. 0. 0. 0. 0. 0. 0. 0. 0. 0. 0. 0. 1. 0. 0.],2.0,best,1000,100,10,0.9,0.1,0.5,0.1,0.7,0.03,0.1,1,2,,problem_solving
920,-0.009182602797719515,0.012581,0.002635545991289361,0.46799999999999997,0.11684438396495887,0.003104646205851754,[0.         0.         0.         0.         0.98010275 0.         0.         0.         0.         0.         0.         0.         0.         0.         0.         0.         0.         0.         0.         0.         0.         0.         0.         0.         0.         0.         0.         0.         0.01989725 0.         0.        ],[0. 0. 0. 0. 1. 0. 0. 0. 0. 0. 0. 0. 0. 0. 0. 0. 0. 0. 0. 0. 0. 0. 0. 0. 0. 0. 0. 0. 1. 0. 0.],2.0,best,1000,100,10,0.9,0.1,0.5,0.1,0.7,0.03,0.1,1,2,,problem_solving
930,-0.009182602797719515,0.012581,0.002635545991289361,0.472,0.11459267639341625,-0.000882692977188576,[0.         0.         0.         0.         0.98010275 0.         0.         0.         0.         0.         0.         0.         0.         0.         0.         0.         0.         0.         0.         0.         0.         0.         0.         0.         0.         0.         0.         0.         0.01989725 0.         0.        ],[0. 0. 0. 0. 1. 0. 0. 0. 0. 0. 0. 0. 0. 0. 0. 0. 0. 0. 0. 0. 0. 0. 0. 0. 0. 0. 0. 0. 1. 0. 0.],2.0,best,1000,100,10,0.9,0.1,0.5,0.1,0.7,0.03,0.1,1,2,,problem_solving
940,-0.009182602797719515,0.012581,0.002635545991289361,0.476,0.11238436146785019,0.003133994845227167,[0.         0.         0.         0.         0.98010275 0.         0.         0.         0.         0.         0.         0.         0.         0.         0.         0.         0.         0.         0.         0.         0.         0.         0.         0.         0.         0.         0.         0.         0.01989725 0.         0.        ],[0. 0. 0. 0. 1. 0. 0. 0. 0. 0. 0. 0. 0. 0. 0. 0. 0. 0. 0. 0. 0. 0. 0. 0. 0. 0. 0. 0. 1. 0. 0.],2.0,best,1000,100,10,0.9,0.1,0.5,0.1,0.7,0.03,0.1,1,2,,problem_solving
950,-0.009182602797719515,0.012581,0.002635545991289361,0.48,0.11021860296878504,-0.0015083877348029111,[0.         0.         0.         0.         0.98010275 0.         0.         0.         0.         0.         0.         0.         0.         0.         0.         0.         0.         0.         0.         0.         0.         0.         0.         0.         0.         0.         0.         0.         0.01989725 0.         0.        ],[0. 0. 0. 0. 1. 0. 0. 0. 0. 0. 0. 0. 0. 0. 0. 0. 0. 0. 0. 0. 0. 0. 0. 0. 0. 0. 0. 0. 1. 0. 0.],2.0,best,1000,100,10,0.9,0.1,0.5,0.1,0.7,0.03,0.1,1,2,,problem_solving
960,-0.009182602797719515,0.012581,0.002635545991289361,0.484,0.10809458079152667,0.00011246424213593734,[0.         0.         0.         0.         0.98010275 0.         0.         0.         0.         0.         0.         0.         0.         0.         0.         0.         0.         0.         0.         0.         0.         0.         0.         0.         0.         0.         0.         0.         0.01989725 0.         0.        ],[0. 0. 0. 0. 1. 0. 0. 0. 0. 0. 0. 0. 0. 0. 0. 0. 0. 0. 0. 0. 0. 0. 0. 0. 0. 0. 0. 0. 1. 0. 0.],2.0,best,1000,100,10,0.9,0.1,0.5,0.1,0.7,0.03,0.1,1,2,,problem_solving
970,-0.009182602797719515,0.012581,0.002635545991289361,0.488,0.10601149063561469,0.007289639903846314,[0.         0.         0.         0.         0.98010275 0.         0.         0.         0.         0.         0.         0.         0.         0.         0.         0.         0.         0.         0.         0.         0.         0.         0.         0.         0.         0.         0.         0.         0.01989725 0.         0.        ],[0. 0. 0. 0. 1. 0. 0. 0. 0. 0. 0. 0. 0. 0. 0. 0. 0. 0. 0. 0. 0. 0. 0. 0. 0. 0. 0. 0. 1. 0. 0.],2.0,best,1000,100,10,0.9,0.1,0.5,0.1,0.7,0.03,0.1,1,2,,problem_solving
980,-0.009182602797719515,0.012581,0.002635545991289361,0.492,0.10396854370025903,0.0017477417072673483,[0.         0.         0.         0.         0.98010275 0.         0.         0.         0.         0.         0.         0.         0.         0.         0.         0.         0.         0.         0.         0.         0.         0.         0.         0.         0.         0.         0.         0.         0.01989725 0.         0.        ],[0. 0. 0. 0. 1. 0. 0. 0. 0. 0. 0. 0. 0. 0. 0. 0. 0. 0. 0. 0. 0. 0. 0. 0. 0. 0. 0. 0. 1. 0. 0.],2.0,best,1000,100,10,0.9,0.1,0.5,0.1,0.7,0.03,0.1,1,2,,problem_solving
990,-0.009182602797719515,0.012581,0.002635545991289361,0.496,0.10196496638564592,5.308045708635403e-06,[0.         0.         0.         0.         0.98010275 0.         0.         0.         0.         0.         0.         0.         0.         0.         0.         0.         0.         0.         0.         0.         0.         0.         0.         0.         0.         0.         0.         0.         0.01989725 0.         0.        ],[0. 0. 0. 0. 1. 0. 0. 0. 0. 0. 0. 0. 0. 0. 0. 0. 0. 0. 0. 0. 0. 0. 0. 0. 0. 0. 0. 0. 1. 0. 0.],2.0,best,1000,100,10,0.9,0.1,0.5,0.1,0.7,0.03,0.1,1,2,,problem_solving
999,-0.009182602797719515,0.012581,0.002635545991289361,0.49960000000000004,0.100194780466086,0.00038630448644843364,[0.         0.         0.         0.         0.98010275 0.         0.         0.         0.         0.         0.         0.         0.         0.         0.         0.         0.         0.         0.         0.         0.         0.         0.         0.         0.         0.         0.         0.         0.01989725 0.         0.        ],[0. 0. 0. 0. 1. 0. 0. 0. 0. 0. 0. 0. 0. 0. 0. 0. 0. 0. 0. 0. 0. 0. 0. 0. 0. 0. 0. 0. 1. 0. 0.],2.0,best,1000,100,10,0.9,0.1,0.5,0.1,0.7,0.03,0.1,1,2,,problem_solving
