iter,cost,risk,return,par,bw,move,X,Z,Q,pop_init,max_iter,pop_size,mem_size,mem_consider,par_min,par_max,bw_min,bw_max,sigma,lambda,port_n,k,seed,tag
1,0.10837651507798043,0.164001,0.004558045218241147,0.1004,0.69863918733465,-0.02068934971658642,[0.         0.         0.         0.         0.02566992 0.         0.         0.         0.         0.0277437  0.02711848 0.         0.         0.         0.         0.         0.         0.         0.         0.         0.         0.03323857 0.         0.0321614  0.03147458 0.54983179 0.         0.23401018 0.03875139 0.         0.        ],[0. 0. 0. 0. 1. 0. 0. 0. 0. 1. 1. 0. 0. 0. 0. 0. 0. 0. 0. 0. 0. 1. 0. 1. 1. 1. 0. 1. 1. 0. 0.],9.0,best,1000,100,10,0.9,0.1,0.5,0.1,0.7,0.03,0.67,1,9,,problem_solving
10,0.09117207452329243,0.19291,0.004227236177419781,0.10400000000000001,0.6865103033060405,0.012975246176285633,[0.         0.         0.         0.         0.5183638  0.         0.         0.         0.03524046 0.02467399 0.         0.         0.         0.         0.         0.         0.         0.         0.         0.         0.01590202 0.0238932  0.         0.         0.         0.10323867 0.02135031 0.23362973 0.02370782 0.         0.        ],[0. 0. 0. 0. 1. 0. 0. 0. 1. 1. 0. 0. 0. 0. 0. 0. 0. 0. 0. 0. 1. 1. 0. 0. 0. 1. 1. 1. 1. 0. 0.],9.0,best,1000,100,10,0.9,0.1,0.5,0.1,0.7,0.03,0.67,1,9,,problem_solving
20,0.09117207452329243,0.19291,0.004227236177419781,0.10800000000000001,0.6732805664933595,-0.018571761278706047,[0.         0.         0.         0.         0.5183638  0.         0.         0.         0.03524046 0.02467399 0.         0.         0.         0.         0.         0.         0.         0.         0.         0.         0.01590202 0.0238932  0.         0.         0.         0.10323867 0.02135031 0.23362973 0.02370782 0.         0.        ],[0. 0. 0. 0. 1. 0. 0. 0. 1. 1. 0. 0. 0. 0. 0. 0. 0. 0. 0. 0. 1. 1. 0. 0. 0. 1. 1. 1. 1. 0. 0.],9.0,best,1000,100,10,0.9,0.1,0.5,0.1,0.7,0.03,0.67,1,9,,problem_solving
30,0.04853948935043652,0.169874,0.006037475915759597,0.112,0.6603057798763129,0.03498362389298414,[0.         0.         0.         0.         0.02030807 0.         0.         0.         0.04276583 0.         0.         0.         0.         0.02030807 0.         0.04312112 0.02030807 0.         0.13817506 0.         0.         0.         0.         0.         0.         0.10399294 0.         0.59071276 0.02030807 0.         0.        ],[0. 0. 0. 0. 1. 0. 0. 0. 1. 0. 0. 0. 0. 1. 0. 1. 1. 0. 1. 0. 0. 0. 0. 0. 0. 1. 0. 1. 1. 0. 0.],9.0,best,1000,100,10,0.9,0.1,0.5,0.1,0.7,0.03,0.67,1,9,,problem_solving
40,0.04853948935043652,0.169874,0.006037475915759597,0.116,0.6475810303108847,0.018486045984087124,[0.         0.         0.         0.         0.02030807 0.         0.         0.         0.04276583 0.         0.         0.         0.         0.02030807 0.         0.04312112 0.02030807 0.         0.13817506 0.         0.         0.         0.         0.         0.         0.10399294 0.         0.59071276 0.02030807 0.         0.        ],[0. 0. 0. 0. 1. 0. 0. 0. 1. 0. 0. 0. 0. 1. 0. 1. 1. 0. 1. 0. 0. 0. 0. 0. 0. 1. 0. 1. 1. 0. 0.],9.0,best,1000,100,10,0.9,0.1,0.5,0.1,0.7,0.03,0.67,1,9,,problem_solving
50,0.04853948935043652,0.169874,0.006037475915759597,0.12000000000000001,0.6351014993342337,0.015347816440417168,[0.         0.         0.         0.         0.02030807 0.         0.         0.         0.04276583 0.         0.         0.         0.         0.02030807 0.         0.04312112 0.02030807 0.         0.13817506 0.         0.         0.         0.         0.         0.         0.10399294 0.         0.59071276 0.02030807 0.         0.        ],[0. 0. 0. 0. 1. 0. 0. 0. 1. 0. 0. 0. 0. 1. 0. 1. 1. 0. 1. 0. 0. 0. 0. 0. 0. 1. 0. 1. 1. 0. 0.],9.0,best,1000,100,10,0.9,0.1,0.5,0.1,0.7,0.03,0.67,1,9,,problem_solving
60,0.04853948935043652,0.169874,0.006037475915759597,0.124,0.622862461340094,0.004720180865735615,[0.         0.         0.         0.         0.02030807 0.         0.         0.         0.04276583 0.         0.         0.         0.         0.02030807 0.         0.04312112 0.02030807 0.         0.13817506 0.         0.         0.         0.         0.         0.         0.10399294 0.         0.59071276 0.02030807 0.         0.        ],[0. 0. 0. 0. 1. 0. 0. 0. 1. 0. 0. 0. 0. 1. 0. 1. 1. 0. 1. 0. 0. 0. 0. 0. 0. 1. 0. 1. 1. 0. 0.],9.0,best,1000,100,10,0.9,0.1,0.5,0.1,0.7,0.03,0.67,1,9,,problem_solving
70,0.04853948935043652,0.169874,0.006037475915759597,0.128,0.6108592817893356,-0.005760480021567557,[0.         0.         0.         0.         0.02030807 0.         0.         0.         0.04276583 0.         0.         0.         0.         0.02030807 0.         0.04312112 0.02030807 0.         0.13817506 0.         0.         0.         0.         0.         0.         0.10399294 0.         0.59071276 0.02030807 0.         0.        ],[0. 0. 0. 0. 1. 0. 0. 0. 1. 0. 0. 0. 0. 1. 0. 1. 1. 0. 1. 0. 0. 0. 0. 0. 0. 1. 0. 1. 1. 0. 0.],9.0,best,1000,100,10,0.9,0.1,0.5,0.1,0.7,0.03,0.67,1,9,,problem_solving
80,0.04853948935043652,0.169874,0.006037475915759597,0.132,0.5990874154550098,-0.0025789912629991434,[0.         0.         0.         0.         0.02030807 0.         0.         0.         0.04276583 0.         0.         0.         0.         0.02030807 0.         0.04312112 0.02030807 0.         0.13817506 0.         0.         0.         0.         0.         0.         0.10399294 0.         0.59071276 0.02030807 0.         0.        ],[0. 0. 0. 0. 1. 0. 0. 0. 1. 0. 0. 0. 0. 1. 0. 1. 1. 0. 1. 0. 0. 0. 0. 0. 0. 1. 0. 1. 1. 0. 0.],9.0,best,1000,100,10,0.9,0.1,0.5,0.1,0.7,0.03,0.67,1,9,,problem_solving
90,0.04853948935043652,0.169874,0.006037475915759597,0.136,0.5875424047012152,-0.00138681104960594,[0.         0.         0.         0.         0.02030807 0.         0.         0.         0.04276583 0.         0.         0.         0.         0.02030807 0.         0.04312112 0.02030807 0.         0.13817506 0.         0.         0.         0.         0.         0.         0.10399294 0.         0.59071276 0.02030807 0.         0.        ],[0. 0. 0. 0. 1. 0. 0. 0. 1. 0. 0. 0. 0. 1. 0. 1. 1. 0. 1. 0. 0. 0. 0. 0. 0. 1. 0. 1. 1. 0. 0.],9.0,best,1000,100,10,0.9,0.1,0.5,0.1,0.7,0.03,0.67,1,9,,problem_solving
100,0.04853948935043652,0.169874,0.006037475915759597,0.14,0.576219877795131,0.01762924455503783,[0.         0.         0.         0.         0.02030807 0.         0.         0.         0.04276583 0.         0.         0.         0.         0.02030807 0.         0.04312112 0.02030807 0.         0.13817506 0.         0.         0.         0.         0.         0.         0.10399294 0.         0.59071276 0.02030807 0.         0.        ],[0. 0. 0. 0. 1. 0. 0. 0. 1. 0. 0. 0. 0. 1. 0. 1. 1. 0. 1. 0. 0. 0. 0. 0. 0. 1. 0. 1. 1. 0. 0.],9.0,best,1000,100,10,0.9,0.1,0.5,0.1,0.7,0.03,0.67,1,9,,problem_solving
110,0.04853948935043652,0.169874,0.006037475915759597,0.14400000000000002,0.5651155472515784,0.0012431874066401994,[0.         0.         0.         0.         0.02030807 0.         0.         0.         0.04276583 0.         0.         0.         0.         0.02030807 0.         0.04312112 0.02030807 0.         0.13817506 0.         0.         0.         0.         0.         0.         0.10399294 0.         0.59071276 0.02030807 0.         0.        ],[0. 0. 0. 0. 1. 0. 0. 0. 1. 0. 0. 0. 0. 1. 0. 1. 1. 0. 1. 0. 0. 0. 0. 0. 0. 1. 0. 1. 1. 0. 0.],9.0,best,1000,100,10,0.9,0.1,0.5,0.1,0.7,0.03,0.67,1,9,,problem_solving
120,0.04853948935043652,0.169874,0.006037475915759597,0.14800000000000002,0.554225208209486,0.0003087279392064533,[0.         0.         0.         0.         0.02030807 0.         0.         0.         0.04276583 0.         0.         0.         0.         0.02030807 0.         0.04312112 0.02030807 0.         0.13817506 0.         0.         0.         0.         0.         0.         0.10399294 0.         0.59071276 0.02030807 0.         0.        ],[0. 0. 0. 0. 1. 0. 0. 0. 1. 0. 0. 0. 0. 1. 0. 1. 1. 0. 1. 0. 0. 0. 0. 0. 0. 1. 0. 1. 1. 0. 0.],9.0,best,1000,100,10,0.9,0.1,0.5,0.1,0.7,0.03,0.67,1,9,,problem_solving
130,0.04853948935043652,0.169874,0.006037475915759597,0.15200000000000002,0.5435447368396396,0.01601640616741613,[0.         0.         0.         0.         0.02030807 0.         0.         0.         0.04276583 0.         0.         0.         0.         0.02030807 0.         0.04312112 0.02030807 0.         0.13817506 0.         0.         0.         0.         0.         0.         0.10399294 0.         0.59071276 0.02030807 0.         0.        ],[0. 0. 0. 0. 1. 0. 0. 0. 1. 0. 0. 0. 0. 1. 0. 1. 1. 0. 1. 0. 0. 0. 0. 0. 0. 1. 0. 1. 1. 0. 0.],9.0,best,1000,100,10,0.9,0.1,0.5,0.1,0.7,0.03,0.67,1,9,,problem_solving
140,0.04853948935043652,0.169874,0.006037475915759597,0.156,0.5330700887831185,0.005409020338187094,[0.         0.         0.         0.         0.02030807 0.         0.         0.         0.04276583 0.         0.         0.         0.         0.02030807 0.         0.04312112 0.02030807 0.         0.13817506 0.         0.         0.         0.         0.         0.         0.10399294 0.         0.59071276 0.02030807 0.         0.        ],[0. 0. 0. 0. 1. 0. 0. 0. 1. 0. 0. 0. 0. 1. 0. 1. 1. 0. 1. 0. 0. 0. 0. 0. 0. 1. 0. 1. 1. 0. 0.],9.0,best,1000,100,10,0.9,0.1,0.5,0.1,0.7,0.03,0.67,1,9,,problem_solving
150,0.04853948935043652,0.169874,0.006037475915759597,0.16,0.5227972976198237,-0.021570287401768206,[0.         0.         0.         0.         0.02030807 0.         0.         0.         0.04276583 0.         0.         0.         0.         0.02030807 0.         0.04312112 0.02030807 0.         0.13817506 0.         0.         0.         0.         0.         0.         0.10399294 0.         0.59071276 0.02030807 0.         0.        ],[0. 0. 0. 0. 1. 0. 0. 0. 1. 0. 0. 0. 0. 1. 0. 1. 1. 0. 1. 0. 0. 0. 0. 0. 0. 1. 0. 1. 1. 0. 0.],9.0,best,1000,100,10,0.9,0.1,0.5,0.1,0.7,0.03,0.67,1,9,,problem_solving
160,0.04853948935043652,0.169874,0.006037475915759597,0.164,0.5127224733665192,0.012415178030167567,[0.         0.         0.         0.         0.02030807 0.         0.         0.         0.04276583 0.         0.         0.         0.         0.02030807 0.         0.04312112 0.02030807 0.         0.13817506 0.         0.         0.         0.         0.         0.         0.10399294 0.         0.59071276 0.02030807 0.         0.        ],[0. 0. 0. 0. 1. 0. 0. 0. 1. 0. 0. 0. 0. 1. 0. 1. 1. 0. 1. 0. 0. 0. 0. 0. 0. 1. 0. 1. 1. 0. 0.],9.0,best,1000,100,10,0.9,0.1,0.5,0.1,0.7,0.03,0.67,1,9,,problem_solving
170,0.04853948935043652,0.169874,0.006037475915759597,0.168,0.5028418010038177,0.017228078088098862,[0.         0.         0.         0.         0.02030807 0.         0.         0.         0.04276583 0.         0.         0.         0.         0.02030807 0.         0.04312112 0.02030807 0.         0.13817506 0.         0.         0.         0.         0.         0.         0.10399294 0.         0.59071276 0.02030807 0.         0.        ],[0. 0. 0. 0. 1. 0. 0. 0. 1. 0. 0. 0. 0. 1. 0. 1. 1. 0. 1. 0. 0. 0. 0. 0. 0. 1. 0. 1. 1. 0. 0.],9.0,best,1000,100,10,0.9,0.1,0.5,0.1,0.7,0.03,0.67,1,9,,problem_solving
180,0.04853948935043652,0.169874,0.006037475915759597,0.17200000000000001,0.4931515390315523,-0.001812988078407492,[0.         0.         0.         0.         0.02030807 0.         0.         0.         0.04276583 0.         0.         0.         0.         0.02030807 0.         0.04312112 0.02030807 0.         0.13817506 0.         0.         0.         0.         0.         0.         0.10399294 0.         0.59071276 0.02030807 0.         0.        ],[0. 0. 0. 0. 1. 0. 0. 0. 1. 0. 0. 0. 0. 1. 0. 1. 1. 0. 1. 0. 0. 0. 0. 0. 0. 1. 0. 1. 1. 0. 0.],9.0,best,1000,100,10,0.9,0.1,0.5,0.1,0.7,0.03,0.67,1,9,,problem_solving
190,0.04853948935043652,0.169874,0.006037475915759597,0.176,0.48364801805198804,0.007299968806290113,[0.         0.         0.         0.         0.02030807 0.         0.         0.         0.04276583 0.         0.         0.         0.         0.02030807 0.         0.04312112 0.02030807 0.         0.13817506 0.         0.         0.         0.         0.         0.         0.10399294 0.         0.59071276 0.02030807 0.         0.        ],[0. 0. 0. 0. 1. 0. 0. 0. 1. 0. 0. 0. 0. 1. 0. 1. 1. 0. 1. 0. 0. 0. 0. 0. 0. 1. 0. 1. 1. 0. 0.],9.0,best,1000,100,10,0.9,0.1,0.5,0.1,0.7,0.03,0.67,1,9,,problem_solving
200,0.04853948935043652,0.169874,0.006037475915759597,0.18,0.4743276393803366,0.0020479544892540074,[0.         0.         0.         0.         0.02030807 0.         0.         0.         0.04276583 0.         0.         0.         0.         0.02030807 0.         0.04312112 0.02030807 0.         0.13817506 0.         0.         0.         0.         0.         0.         0.10399294 0.         0.59071276 0.02030807 0.         0.        ],[0. 0. 0. 0. 1. 0. 0. 0. 1. 0. 0. 0. 0. 1. 0. 1. 1. 0. 1. 0. 0. 0. 0. 0. 0. 1. 0. 1. 1. 0. 0.],9.0,best,1000,100,10,0.9,0.1,0.5,0.1,0.7,0.03,0.67,1,9,,problem_solving
210,0.04853948935043652,0.169874,0.006037475915759597,0.184,0.4651868736820473,-0.021676747368102475,[0.         0.         0.         0.         0.02030807 0.         0.         0.         0.04276583 0.         0.         0.         0.         0.02030807 0.         0.04312112 0.02030807 0.         0.13817506 0.         0.         0.         0.         0.         0.         0.10399294 0.         0.59071276 0.02030807 0.         0.        ],[0. 0. 0. 0. 1. 0. 0. 0. 1. 0. 0. 0. 0. 1. 0. 1. 1. 0. 1. 0. 0. 0. 0. 0. 0. 1. 0. 1. 1. 0. 0.],9.0,best,1000,100,10,0.9,0.1,0.5,0.1,0.7,0.03,0.67,1,9,,problem_solving
220,0.04853948935043652,0.169874,0.006037475915759597,0.188,0.4562222596363586,0.010577638315064813,[0.         0.         0.         0.         0.02030807 0.         0.         0.         0.04276583 0.         0.         0.         0.         0.02030807 0.         0.04312112 0.02030807 0.         0.13817506 0.         0.         0.         0.         0.         0.         0.10399294 0.         0.59071276 0.02030807 0.         0.        ],[0. 0. 0. 0. 1. 0. 0. 0. 1. 0. 0. 0. 0. 1. 0. 1. 1. 0. 1. 0. 0. 0. 0. 0. 0. 1. 0. 1. 1. 0. 0.],9.0,best,1000,100,10,0.9,0.1,0.5,0.1,0.7,0.03,0.67,1,9,,problem_solving
230,0.04853948935043652,0.169874,0.006037475915759597,0.192,0.44743040262560535,0.010354309145042526,[0.         0.         0.         0.         0.02030807 0.         0.         0.         0.04276583 0.         0.         0.         0.         0.02030807 0.         0.04312112 0.02030807 0.         0.13817506 0.         0.         0.         0.         0.         0.         0.10399294 0.         0.59071276 0.02030807 0.         0.        ],[0. 0. 0. 0. 1. 0. 0. 0. 1. 0. 0. 0. 0. 1. 0. 1. 1. 0. 1. 0. 0. 0. 0. 0. 0. 1. 0. 1. 1. 0. 0.],9.0,best,1000,100,10,0.9,0.1,0.5,0.1,0.7,0.03,0.67,1,9,,problem_solving
240,0.04853948935043652,0.169874,0.006037475915759597,0.196,0.438807973449783,0.018759953796754665,[0.         0.         0.         0.         0.02030807 0.         0.         0.         0.04276583 0.         0.         0.         0.         0.02030807 0.         0.04312112 0.02030807 0.         0.13817506 0.         0.         0.         0.         0.         0.         0.10399294 0.         0.59071276 0.02030807 0.         0.        ],[0. 0. 0. 0. 1. 0. 0. 0. 1. 0. 0. 0. 0. 1. 0. 1. 1. 0. 1. 0. 0. 0. 0. 0. 0. 1. 0. 1. 1. 0. 0.],9.0,best,1000,100,10,0.9,0.1,0.5,0.1,0.7,0.03,0.67,1,9,,problem_solving
250,0.04853948935043652,0.169874,0.006037475915759597,0.2,0.430351707065885,0.0247214526433115,[0.         0.         0.         0.         0.02030807 0.         0.         0.         0.04276583 0.         0.         0.         0.         0.02030807 0.         0.04312112 0.02030807 0.         0.13817506 0.         0.         0.         0.         0.         0.         0.10399294 0.         0.59071276 0.02030807 0.         0.        ],[0. 0. 0. 0. 1. 0. 0. 0. 1. 0. 0. 0. 0. 1. 0. 1. 1. 0. 1. 0. 0. 0. 0. 0. 0. 1. 0. 1. 1. 0. 0.],9.0,best,1000,100,10,0.9,0.1,0.5,0.1,0.7,0.03,0.67,1,9,,problem_solving
260,0.04853948935043652,0.169874,0.006037475915759597,0.20400000000000001,0.4220584013515329,-0.0028690091625897516,[0.         0.         0.         0.         0.02030807 0.         0.         0.         0.04276583 0.         0.         0.         0.         0.02030807 0.         0.04312112 0.02030807 0.         0.13817506 0.         0.         0.         0.         0.         0.         0.10399294 0.         0.59071276 0.02030807 0.         0.        ],[0. 0. 0. 0. 1. 0. 0. 0. 1. 0. 0. 0. 0. 1. 0. 1. 1. 0. 1. 0. 0. 0. 0. 0. 0. 1. 0. 1. 1. 0. 0.],9.0,best,1000,100,10,0.9,0.1,0.5,0.1,0.7,0.03,0.67,1,9,,problem_solving
270,0.04853948935043652,0.169874,0.006037475915759597,0.20800000000000002,0.4139249158924335,0.004670221962398058,[0.         0.         0.         0.         0.02030807 0.         0.         0.         0.04276583 0.         0.         0.         0.         0.02030807 0.         0.04312112 0.02030807 0.         0.13817506 0.         0.         0.         0.         0.         0.         0.10399294 0.         0.59071276 0.02030807 0.         0.        ],[0. 0. 0. 0. 1. 0. 0. 0. 1. 0. 0. 0. 0. 1. 0. 1. 1. 0. 1. 0. 0. 0. 0. 0. 0. 1. 0. 1. 1. 0. 0.],9.0,best,1000,100,10,0.9,0.1,0.5,0.1,0.7,0.03,0.67,1,9,,problem_solving
280,0.04853948935043652,0.169874,0.006037475915759597,0.21200000000000002,0.40594817079320256,0.011409398672503878,[0.         0.         0.         0.         0.02030807 0.         0.         0.         0.04276583 0.         0.         0.         0.         0.02030807 0.         0.04312112 0.02030807 0.         0.13817506 0.         0.         0.         0.         0.         0.         0.10399294 0.         0.59071276 0.02030807 0.         0.        ],[0. 0. 0. 0. 1. 0. 0. 0. 1. 0. 0. 0. 0. 1. 0. 1. 1. 0. 1. 0. 0. 0. 0. 0. 0. 1. 0. 1. 1. 0. 0.],9.0,best,1000,100,10,0.9,0.1,0.5,0.1,0.7,0.03,0.67,1,9,,problem_solving
290,0.04853948935043652,0.169874,0.006037475915759597,0.21600000000000003,0.3981251455111055,0.0023088671797434793,[0.         0.         0.         0.         0.02030807 0.         0.         0.         0.04276583 0.         0.         0.         0.         0.02030807 0.         0.04312112 0.02030807 0.         0.13817506 0.         0.         0.         0.         0.         0.         0.10399294 0.         0.59071276 0.02030807 0.         0.        ],[0. 0. 0. 0. 1. 0. 0. 0. 1. 0. 0. 0. 0. 1. 0. 1. 1. 0. 1. 0. 0. 0. 0. 0. 0. 1. 0. 1. 1. 0. 0.],9.0,best,1000,100,10,0.9,0.1,0.5,0.1,0.7,0.03,0.67,1,9,,problem_solving
300,0.04853948935043652,0.169874,0.006037475915759597,0.22000000000000003,0.3904528777122722,-0.01210082927147457,[0.         0.         0.         0.         0.02030807 0.         0.         0.         0.04276583 0.         0.         0.         0.         0.02030807 0.         0.04312112 0.02030807 0.         0.13817506 0.         0.         0.         0.         0.         0.         0.10399294 0.         0.59071276 0.02030807 0.         0.        ],[0. 0. 0. 0. 1. 0. 0. 0. 1. 0. 0. 0. 0. 1. 0. 1. 1. 0. 1. 0. 0. 0. 0. 0. 0. 1. 0. 1. 1. 0. 0.],9.0,best,1000,100,10,0.9,0.1,0.5,0.1,0.7,0.03,0.67,1,9,,problem_solving
310,0.04853948935043652,0.169874,0.006037475915759597,0.224,0.3829284621499548,-0.00040594533100552594,[0.         0.         0.         0.         0.02030807 0.         0.         0.         0.04276583 0.         0.         0.         0.         0.02030807 0.         0.04312112 0.02030807 0.         0.13817506 0.         0.         0.         0.         0.         0.         0.10399294 0.         0.59071276 0.02030807 0.         0.        ],[0. 0. 0. 0. 1. 0. 0. 0. 1. 0. 0. 0. 0. 1. 0. 1. 1. 0. 1. 0. 0. 0. 0. 0. 0. 1. 0. 1. 1. 0. 0.],9.0,best,1000,100,10,0.9,0.1,0.5,0.1,0.7,0.03,0.67,1,9,,problem_solving
320,0.04853948935043652,0.169874,0.006037475915759597,0.228,0.3755490495644016,0.01642490371580478,[0.         0.         0.         0.         0.02030807 0.         0.         0.         0.04276583 0.         0.         0.         0.         0.02030807 0.         0.04312112 0.02030807 0.         0.13817506 0.         0.         0.         0.         0.         0.         0.10399294 0.         0.59071276 0.02030807 0.         0.        ],[0. 0. 0. 0. 1. 0. 0. 0. 1. 0. 0. 0. 0. 1. 0. 1. 1. 0. 1. 0. 0. 0. 0. 0. 0. 1. 0. 1. 1. 0. 0.],9.0,best,1000,100,10,0.9,0.1,0.5,0.1,0.7,0.03,0.67,1,9,,problem_solving
330,0.04853948935043652,0.169874,0.006037475915759597,0.232,0.3683118456039322,-0.01220243500711358,[0.         0.         0.         0.         0.02030807 0.         0.         0.         0.04276583 0.         0.         0.         0.         0.02030807 0.         0.04312112 0.02030807 0.         0.13817506 0.         0.         0.         0.         0.         0.         0.10399294 0.         0.59071276 0.02030807 0.         0.        ],[0. 0. 0. 0. 1. 0. 0. 0. 1. 0. 0. 0. 0. 1. 0. 1. 1. 0. 1. 0. 0. 0. 0. 0. 0. 1. 0. 1. 1. 0. 0.],9.0,best,1000,100,10,0.9,0.1,0.5,0.1,0.7,0.03,0.67,1,9,,problem_solving
340,0.04853948935043652,0.169874,0.006037475915759597,0.23600000000000002,0.3612141097668044,0.010697562390301642,[0.         0.         0.         0.         0.02030807 0.         0.         0.         0.04276583 0.         0.         0.         0.         0.02030807 0.         0.04312112 0.02030807 0.         0.13817506 0.         0.         0.         0.         0.         0.         0.10399294 0.         0.59071276 0.02030807 0.         0.        ],[0. 0. 0. 0. 1. 0. 0. 0. 1. 0. 0. 0. 0. 1. 0. 1. 1. 0. 1. 0. 0. 0. 0. 0. 0. 1. 0. 1. 1. 0. 0.],9.0,best,1000,100,10,0.9,0.1,0.5,0.1,0.7,0.03,0.67,1,9,,problem_solving
350,0.04853948935043652,0.169874,0.006037475915759597,0.24000000000000002,0.3542531543634719,-0.0003861065291964966,[0.         0.         0.         0.         0.02030807 0.         0.         0.         0.04276583 0.         0.         0.         0.         0.02030807 0.         0.04312112 0.02030807 0.         0.13817506 0.         0.         0.         0.         0.         0.         0.10399294 0.         0.59071276 0.02030807 0.         0.        ],[0. 0. 0. 0. 1. 0. 0. 0. 1. 0. 0. 0. 0. 1. 0. 1. 1. 0. 1. 0. 0. 0. 0. 0. 0. 1. 0. 1. 1. 0. 0.],9.0,best,1000,100,10,0.9,0.1,0.5,0.1,0.7,0.03,0.67,1,9,,problem_solving
360,0.04672195096723751,0.178633,0.00262554015520298,0.24400000000000002,0.3474263434988409,-0.006688662073980995,[0.         0.         0.         0.         0.32281072 0.         0.         0.         0.         0.         0.01734034 0.         0.         0.02490682 0.         0.         0.02290052 0.01734034 0.         0.01799081 0.         0.         0.         0.         0.         0.10820023 0.         0.4436034  0.02490682 0.         0.        ],[0. 0. 0. 0. 1. 0. 0. 0. 0. 0. 1. 0. 0. 1. 0. 0. 1. 1. 0. 1. 0. 0. 0. 0. 0. 1. 0. 1. 1. 0. 0.],9.0,best,1000,100,10,0.9,0.1,0.5,0.1,0.7,0.03,0.67,1,9,,problem_solving
370,0.04672195096723751,0.178633,0.00262554015520298,0.24800000000000003,0.3407310920741399,-0.016621333211618964,[0.         0.         0.         0.         0.32281072 0.         0.         0.         0.         0.         0.01734034 0.         0.         0.02490682 0.         0.         0.02290052 0.01734034 0.         0.01799081 0.         0.         0.         0.         0.         0.10820023 0.         0.4436034  0.02490682 0.         0.        ],[0. 0. 0. 0. 1. 0. 0. 0. 0. 0. 1. 0. 0. 1. 0. 0. 1. 1. 0. 1. 0. 0. 0. 0. 0. 1. 0. 1. 1. 0. 0.],9.0,best,1000,100,10,0.9,0.1,0.5,0.1,0.7,0.03,0.67,1,9,,problem_solving
380,0.04672195096723751,0.178633,0.00262554015520298,0.252,0.33416486480802304,-0.008999670104992051,[0.         0.         0.         0.         0.32281072 0.         0.         0.         0.         0.         0.01734034 0.         0.         0.02490682 0.         0.         0.02290052 0.01734034 0.         0.01799081 0.         0.         0.         0.         0.         0.10820023 0.         0.4436034  0.02490682 0.         0.        ],[0. 0. 0. 0. 1. 0. 0. 0. 0. 0. 1. 0. 0. 1. 0. 0. 1. 1. 0. 1. 0. 0. 0. 0. 0. 1. 0. 1. 1. 0. 0.],9.0,best,1000,100,10,0.9,0.1,0.5,0.1,0.7,0.03,0.67,1,9,,problem_solving
390,0.04672195096723751,0.178633,0.00262554015520298,0.256,0.3277251752765399,-0.0003957274705431972,[0.         0.         0.         0.         0.32281072 0.         0.         0.         0.         0.         0.01734034 0.         0.         0.02490682 0.         0.         0.02290052 0.01734034 0.         0.01799081 0.         0.         0.         0.         0.         0.10820023 0.         0.4436034  0.02490682 0.         0.        ],[0. 0. 0. 0. 1. 0. 0. 0. 0. 0. 1. 0. 0. 1. 0. 0. 1. 1. 0. 1. 0. 0. 0. 0. 0. 1. 0. 1. 1. 0. 0.],9.0,best,1000,100,10,0.9,0.1,0.5,0.1,0.7,0.03,0.67,1,9,,problem_solving
400,0.04672195096723751,0.178633,0.00262554015520298,0.26,0.3214095849716039,0.013640870424491658,[0.         0.         0.         0.         0.32281072 0.         0.         0.         0.         0.         0.01734034 0.         0.         0.02490682 0.         0.         0.02290052 0.01734034 0.         0.01799081 0.         0.         0.         0.         0.         0.10820023 0.         0.4436034  0.02490682 0.         0.        ],[0. 0. 0. 0. 1. 0. 0. 0. 0. 0. 1. 0. 0. 1. 0. 0. 1. 1. 0. 1. 0. 0. 0. 0. 0. 1. 0. 1. 1. 0. 0.],9.0,best,1000,100,10,0.9,0.1,0.5,0.1,0.7,0.03,0.67,1,9,,problem_solving
410,0.04672195096723751,0.178633,0.00262554015520298,0.264,0.31521570237760627,-0.01467661622051412,[0.         0.         0.         0.         0.32281072 0.         0.         0.         0.         0.         0.01734034 0.         0.         0.02490682 0.         0.         0.02290052 0.01734034 0.         0.01799081 0.         0.         0.         0.         0.         0.10820023 0.         0.4436034  0.02490682 0.         0.        ],[0. 0. 0. 0. 1. 0. 0. 0. 0. 0. 1. 0. 0. 1. 0. 0. 1. 1. 0. 1. 0. 0. 0. 0. 0. 1. 0. 1. 1. 0. 0.],9.0,best,1000,100,10,0.9,0.1,0.5,0.1,0.7,0.03,0.67,1,9,,problem_solving
420,0.04672195096723751,0.178633,0.00262554015520298,0.268,0.30914118206582436,-0.004552487381411982,[0.         0.         0.         0.         0.32281072 0.         0.         0.         0.         0.         0.01734034 0.         0.         0.02490682 0.         0.         0.02290052 0.01734034 0.         0.01799081 0.         0.         0.         0.         0.         0.10820023 0.         0.4436034  0.02490682 0.         0.        ],[0. 0. 0. 0. 1. 0. 0. 0. 0. 0. 1. 0. 0. 1. 0. 0. 1. 1. 0. 1. 0. 0. 0. 0. 0. 1. 0. 1. 1. 0. 0.],9.0,best,1000,100,10,0.9,0.1,0.5,0.1,0.7,0.03,0.67,1,9,,problem_solving
430,0.04672195096723751,0.178633,0.00262554015520298,0.272,0.3031837238062814,-0.0028033689473833745,[0.         0.         0.         0.         0.32281072 0.         0.         0.         0.         0.         0.01734034 0.         0.         0.02490682 0.         0.         0.02290052 0.01734034 0.         0.01799081 0.         0.         0.         0.         0.         0.10820023 0.         0.4436034  0.02490682 0.         0.        ],[0. 0. 0. 0. 1. 0. 0. 0. 0. 0. 1. 0. 0. 1. 0. 0. 1. 1. 0. 1. 0. 0. 0. 0. 0. 1. 0. 1. 1. 0. 0.],9.0,best,1000,100,10,0.9,0.1,0.5,0.1,0.7,0.03,0.67,1,9,,problem_solving
440,0.04672195096723751,0.178633,0.00262554015520298,0.276,0.29734107169672147,0.004615431409477892,[0.         0.         0.         0.         0.32281072 0.         0.         0.         0.         0.         0.01734034 0.         0.         0.02490682 0.         0.         0.02290052 0.01734034 0.         0.01799081 0.         0.         0.         0.         0.         0.10820023 0.         0.4436034  0.02490682 0.         0.        ],[0. 0. 0. 0. 1. 0. 0. 0. 0. 0. 1. 0. 0. 1. 0. 0. 1. 1. 0. 1. 0. 0. 0. 0. 0. 1. 0. 1. 1. 0. 0.],9.0,best,1000,100,10,0.9,0.1,0.5,0.1,0.7,0.03,0.67,1,9,,problem_solving
450,0.04672195096723751,0.178633,0.00262554015520298,0.28,0.2916110133083706,-0.002097841463481669,[0.         0.         0.         0.         0.32281072 0.         0.         0.         0.         0.         0.01734034 0.         0.         0.02490682 0.         0.         0.02290052 0.01734034 0.         0.01799081 0.         0.         0.         0.         0.         0.10820023 0.         0.4436034  0.02490682 0.         0.        ],[0. 0. 0. 0. 1. 0. 0. 0. 0. 0. 1. 0. 0. 1. 0. 0. 1. 1. 0. 1. 0. 0. 0. 0. 0. 1. 0. 1. 1. 0. 0.],9.0,best,1000,100,10,0.9,0.1,0.5,0.1,0.7,0.03,0.67,1,9,,problem_solving
460,0.04672195096723751,0.178633,0.00262554015520298,0.28400000000000003,0.285991378848159,0.009154758285053032,[0.         0.         0.         0.         0.32281072 0.         0.         0.         0.         0.         0.01734034 0.         0.         0.02490682 0.         0.         0.02290052 0.01734034 0.         0.01799081 0.         0.         0.         0.         0.         0.10820023 0.         0.4436034  0.02490682 0.         0.        ],[0. 0. 0. 0. 1. 0. 0. 0. 0. 0. 1. 0. 0. 1. 0. 0. 1. 1. 0. 1. 0. 0. 0. 0. 0. 1. 0. 1. 1. 0. 0.],9.0,best,1000,100,10,0.9,0.1,0.5,0.1,0.7,0.03,0.67,1,9,,problem_solving
470,0.04672195096723751,0.178633,0.00262554015520298,0.28800000000000003,0.2804800403370891,-0.0031895197837613597,[0.         0.         0.         0.         0.32281072 0.         0.         0.         0.         0.         0.01734034 0.         0.         0.02490682 0.         0.         0.02290052 0.01734034 0.         0.01799081 0.         0.         0.         0.         0.         0.10820023 0.         0.4436034  0.02490682 0.         0.        ],[0. 0. 0. 0. 1. 0. 0. 0. 0. 0. 1. 0. 0. 1. 0. 0. 1. 1. 0. 1. 0. 0. 0. 0. 0. 1. 0. 1. 1. 0. 0.],9.0,best,1000,100,10,0.9,0.1,0.5,0.1,0.7,0.03,0.67,1,9,,problem_solving
480,0.04672195096723751,0.178633,0.00262554015520298,0.29200000000000004,0.27507491080443647,-0.0009531365435946363,[0.         0.         0.         0.         0.32281072 0.         0.         0.         0.         0.         0.01734034 0.         0.         0.02490682 0.         0.         0.02290052 0.01734034 0.         0.01799081 0.         0.         0.         0.         0.         0.10820023 0.         0.4436034  0.02490682 0.         0.        ],[0. 0. 0. 0. 1. 0. 0. 0. 0. 0. 1. 0. 0. 1. 0. 0. 1. 1. 0. 1. 0. 0. 0. 0. 0. 1. 0. 1. 1. 0. 0.],9.0,best,1000,100,10,0.9,0.1,0.5,0.1,0.7,0.03,0.67,1,9,,problem_solving
490,0.04672195096723751,0.178633,0.00262554015520298,0.29600000000000004,0.2697739434974796,-0.004234376825635059,[0.         0.         0.         0.         0.32281072 0.         0.         0.         0.         0.         0.01734034 0.         0.         0.02490682 0.         0.         0.02290052 0.01734034 0.         0.01799081 0.         0.         0.         0.         0.         0.10820023 0.         0.4436034  0.02490682 0.         0.        ],[0. 0. 0. 0. 1. 0. 0. 0. 0. 0. 1. 0. 0. 1. 0. 0. 1. 1. 0. 1. 0. 0. 0. 0. 0. 1. 0. 1. 1. 0. 0.],9.0,best,1000,100,10,0.9,0.1,0.5,0.1,0.7,0.03,0.67,1,9,,problem_solving
500,0.04672195096723751,0.178633,0.00262554015520298,0.30000000000000004,0.2645751311064591,-0.0056779635021868766,[0.         0.         0.         0.         0.32281072 0.         0.         0.         0.         0.         0.01734034 0.         0.         0.02490682 0.         0.         0.02290052 0.01734034 0.         0.01799081 0.         0.         0.         0.         0.         0.10820023 0.         0.4436034  0.02490682 0.         0.        ],[0. 0. 0. 0. 1. 0. 0. 0. 0. 0. 1. 0. 0. 1. 0. 0. 1. 1. 0. 1. 0. 0. 0. 0. 0. 1. 0. 1. 1. 0. 0.],9.0,best,1000,100,10,0.9,0.1,0.5,0.1,0.7,0.03,0.67,1,9,,problem_solving
510,0.04672195096723751,0.178633,0.00262554015520298,0.30400000000000005,0.25947650500447234,-0.0029571239829789884,[0.         0.         0.         0.         0.32281072 0.         0.         0.         0.         0.         0.01734034 0.         0.         0.02490682 0.         0.         0.02290052 0.01734034 0.         0.01799081 0.         0.         0.         0.         0.         0.10820023 0.         0.4436034  0.02490682 0.         0.        ],[0. 0. 0. 0. 1. 0. 0. 0. 0. 0. 1. 0. 0. 1. 0. 0. 1. 1. 0. 1. 0. 0. 0. 0. 0. 1. 0. 1. 1. 0. 0.],9.0,best,1000,100,10,0.9,0.1,0.5,0.1,0.7,0.03,0.67,1,9,,problem_solving
520,0.04672195096723751,0.178633,0.00262554015520298,0.30800000000000005,0.2544761345020166,0.004074926194216596,[0.         0.         0.         0.         0.32281072 0.         0.         0.         0.         0.         0.01734034 0.         0.         0.02490682 0.         0.         0.02290052 0.01734034 0.         0.01799081 0.         0.         0.         0.         0.         0.10820023 0.         0.4436034  0.02490682 0.         0.        ],[0. 0. 0. 0. 1. 0. 0. 0. 0. 0. 1. 0. 0. 1. 0. 0. 1. 1. 0. 1. 0. 0. 0. 0. 0. 1. 0. 1. 1. 0. 0.],9.0,best,1000,100,10,0.9,0.1,0.5,0.1,0.7,0.03,0.67,1,9,,problem_solving
530,0.04672195096723751,0.178633,0.00262554015520298,0.31200000000000006,0.24957212611589738,0.007953587970185855,[0.         0.         0.         0.         0.32281072 0.         0.         0.         0.         0.         0.01734034 0.         0.         0.02490682 0.         0.         0.02290052 0.01734034 0.         0.01799081 0.         0.         0.         0.         0.         0.10820023 0.         0.4436034  0.02490682 0.         0.        ],[0. 0. 0. 0. 1. 0. 0. 0. 0. 0. 1. 0. 0. 1. 0. 0. 1. 1. 0. 1. 0. 0. 0. 0. 0. 1. 0. 1. 1. 0. 0.],9.0,best,1000,100,10,0.9,0.1,0.5,0.1,0.7,0.03,0.67,1,9,,problem_solving
540,0.04672195096723751,0.178633,0.00262554015520298,0.316,0.24476262285222591,-0.01103717422015107,[0.         0.         0.         0.         0.32281072 0.         0.         0.         0.         0.         0.01734034 0.         0.         0.02490682 0.         0.         0.02290052 0.01734034 0.         0.01799081 0.         0.         0.         0.         0.         0.10820023 0.         0.4436034  0.02490682 0.         0.        ],[0. 0. 0. 0. 1. 0. 0. 0. 0. 0. 1. 0. 0. 1. 0. 0. 1. 1. 0. 1. 0. 0. 0. 0. 0. 1. 0. 1. 1. 0. 0.],9.0,best,1000,100,10,0.9,0.1,0.5,0.1,0.7,0.03,0.67,1,9,,problem_solving
550,0.04672195096723751,0.178633,0.00262554015520298,0.32,0.24004580350323373,0.0006663375873750053,[0.         0.         0.         0.         0.32281072 0.         0.         0.         0.         0.         0.01734034 0.         0.         0.02490682 0.         0.         0.02290052 0.01734034 0.         0.01799081 0.         0.         0.         0.         0.         0.10820023 0.         0.4436034  0.02490682 0.         0.        ],[0. 0. 0. 0. 1. 0. 0. 0. 0. 0. 1. 0. 0. 1. 0. 0. 1. 1. 0. 1. 0. 0. 0. 0. 0. 1. 0. 1. 1. 0. 0.],9.0,best,1000,100,10,0.9,0.1,0.5,0.1,0.7,0.03,0.67,1,9,,problem_solving
560,0.04672195096723751,0.178633,0.00262554015520298,0.324,0.23541988195763883,-0.0020608430734956515,[0.         0.         0.         0.         0.32281072 0.         0.         0.         0.         0.         0.01734034 0.         0.         0.02490682 0.         0.         0.02290052 0.01734034 0.         0.01799081 0.         0.         0.         0.         0.         0.10820023 0.         0.4436034  0.02490682 0.         0.        ],[0. 0. 0. 0. 1. 0. 0. 0. 0. 0. 1. 0. 0. 1. 0. 0. 1. 1. 0. 1. 0. 0. 0. 0. 0. 1. 0. 1. 1. 0. 0.],9.0,best,1000,100,10,0.9,0.1,0.5,0.1,0.7,0.03,0.67,1,9,,problem_solving
570,0.04672195096723751,0.178633,0.00262554015520298,0.328,0.23088310652430125,0.0018848343843425846,[0.         0.         0.         0.         0.32281072 0.         0.         0.         0.         0.         0.01734034 0.         0.         0.02490682 0.         0.         0.02290052 0.01734034 0.         0.01799081 0.         0.         0.         0.         0.         0.10820023 0.         0.4436034  0.02490682 0.         0.        ],[0. 0. 0. 0. 1. 0. 0. 0. 0. 0. 1. 0. 0. 1. 0. 0. 1. 1. 0. 1. 0. 0. 0. 0. 0. 1. 0. 1. 1. 0. 0.],9.0,best,1000,100,10,0.9,0.1,0.5,0.1,0.7,0.03,0.67,1,9,,problem_solving
580,0.04672195096723751,0.178633,0.00262554015520298,0.332,0.22643375926891277,-0.005411318353478631,[0.         0.         0.         0.         0.32281072 0.         0.         0.         0.         0.         0.01734034 0.         0.         0.02490682 0.         0.         0.02290052 0.01734034 0.         0.01799081 0.         0.         0.         0.         0.         0.10820023 0.         0.4436034  0.02490682 0.         0.        ],[0. 0. 0. 0. 1. 0. 0. 0. 0. 0. 1. 0. 0. 1. 0. 0. 1. 1. 0. 1. 0. 0. 0. 0. 0. 1. 0. 1. 1. 0. 0.],9.0,best,1000,100,10,0.9,0.1,0.5,0.1,0.7,0.03,0.67,1,9,,problem_solving
590,0.04672195096723751,0.178633,0.00262554015520298,0.336,0.22207015536346894,0.0032182272245325845,[0.         0.         0.         0.         0.32281072 0.         0.         0.         0.         0.         0.01734034 0.         0.         0.02490682 0.         0.         0.02290052 0.01734034 0.         0.01799081 0.         0.         0.         0.         0.         0.10820023 0.         0.4436034  0.02490682 0.         0.        ],[0. 0. 0. 0. 1. 0. 0. 0. 0. 0. 1. 0. 0. 1. 0. 0. 1. 1. 0. 1. 0. 0. 0. 0. 0. 1. 0. 1. 1. 0. 0.],9.0,best,1000,100,10,0.9,0.1,0.5,0.1,0.7,0.03,0.67,1,9,,problem_solving
600,0.04672195096723751,0.178633,0.00262554015520298,0.34,0.21779064244827798,0.007164043788170364,[0.         0.         0.         0.         0.32281072 0.         0.         0.         0.         0.         0.01734034 0.         0.         0.02490682 0.         0.         0.02290052 0.01734034 0.         0.01799081 0.         0.         0.         0.         0.         0.10820023 0.         0.4436034  0.02490682 0.         0.        ],[0. 0. 0. 0. 1. 0. 0. 0. 0. 0. 1. 0. 0. 1. 0. 0. 1. 1. 0. 1. 0. 0. 0. 0. 0. 1. 0. 1. 1. 0. 0.],9.0,best,1000,100,10,0.9,0.1,0.5,0.1,0.7,0.03,0.67,1,9,,problem_solving
610,0.04672195096723751,0.178633,0.00262554015520298,0.34400000000000003,0.2135936000062639,0.01002776113264764,[0.         0.         0.         0.         0.32281072 0.         0.         0.         0.         0.         0.01734034 0.         0.         0.02490682 0.         0.         0.02290052 0.01734034 0.         0.01799081 0.         0.         0.         0.         0.         0.10820023 0.         0.4436034  0.02490682 0.         0.        ],[0. 0. 0. 0. 1. 0. 0. 0. 0. 0. 1. 0. 0. 1. 0. 0. 1. 1. 0. 1. 0. 0. 0. 0. 0. 1. 0. 1. 1. 0. 0.],9.0,best,1000,100,10,0.9,0.1,0.5,0.1,0.7,0.03,0.67,1,9,,problem_solving
620,0.04672195096723751,0.178633,0.00262554015520298,0.348,0.20947743874932764,-0.002919959446707658,[0.         0.         0.         0.         0.32281072 0.         0.         0.         0.         0.         0.01734034 0.         0.         0.02490682 0.         0.         0.02290052 0.01734034 0.         0.01799081 0.         0.         0.         0.         0.         0.10820023 0.         0.4436034  0.02490682 0.         0.        ],[0. 0. 0. 0. 1. 0. 0. 0. 0. 0. 1. 0. 0. 1. 0. 0. 1. 1. 0. 1. 0. 0. 0. 0. 0. 1. 0. 1. 1. 0. 0.],9.0,best,1000,100,10,0.9,0.1,0.5,0.1,0.7,0.03,0.67,1,9,,problem_solving
630,0.04672195096723751,0.178633,0.00262554015520298,0.352,0.20544060001653347,0.013206906463686868,[0.         0.         0.         0.         0.32281072 0.         0.         0.         0.         0.         0.01734034 0.         0.         0.02490682 0.         0.         0.02290052 0.01734034 0.         0.01799081 0.         0.         0.         0.         0.         0.10820023 0.         0.4436034  0.02490682 0.         0.        ],[0. 0. 0. 0. 1. 0. 0. 0. 0. 0. 1. 0. 0. 1. 0. 0. 1. 1. 0. 1. 0. 0. 0. 0. 0. 1. 0. 1. 1. 0. 0.],9.0,best,1000,100,10,0.9,0.1,0.5,0.1,0.7,0.03,0.67,1,9,,problem_solving
640,0.04672195096723751,0.178633,0.00262554015520298,0.356,0.20148155518389335,-0.010217061983094973,[0.         0.         0.         0.         0.32281072 0.         0.         0.         0.         0.         0.01734034 0.         0.         0.02490682 0.         0.         0.02290052 0.01734034 0.         0.01799081 0.         0.         0.         0.         0.         0.10820023 0.         0.4436034  0.02490682 0.         0.        ],[0. 0. 0. 0. 1. 0. 0. 0. 0. 0. 1. 0. 0. 1. 0. 0. 1. 1. 0. 1. 0. 0. 0. 0. 0. 1. 0. 1. 1. 0. 0.],9.0,best,1000,100,10,0.9,0.1,0.5,0.1,0.7,0.03,0.67,1,9,,problem_solving
650,0.04672195096723751,0.178633,0.00262554015520298,0.36,0.19759880508552483,-0.002020188239512123,[0.         0.         0.         0.         0.32281072 0.         0.         0.         0.         0.         0.01734034 0.         0.         0.02490682 0.         0.         0.02290052 0.01734034 0.         0.01799081 0.         0.         0.         0.         0.         0.10820023 0.         0.4436034  0.02490682 0.         0.        ],[0. 0. 0. 0. 1. 0. 0. 0. 0. 0. 1. 0. 0. 1. 0. 0. 1. 1. 0. 1. 0. 0. 0. 0. 0. 1. 0. 1. 1. 0. 0.],9.0,best,1000,100,10,0.9,0.1,0.5,0.1,0.7,0.03,0.67,1,9,,problem_solving
660,0.04672195096723751,0.178633,0.00262554015520298,0.364,0.19379087944596401,0.00019919005565454927,[0.         0.         0.         0.         0.32281072 0.         0.         0.         0.         0.         0.01734034 0.         0.         0.02490682 0.         0.         0.02290052 0.01734034 0.         0.01799081 0.         0.         0.         0.         0.         0.10820023 0.         0.4436034  0.02490682 0.         0.        ],[0. 0. 0. 0. 1. 0. 0. 0. 0. 0. 1. 0. 0. 1. 0. 0. 1. 1. 0. 1. 0. 0. 0. 0. 0. 1. 0. 1. 1. 0. 0.],9.0,best,1000,100,10,0.9,0.1,0.5,0.1,0.7,0.03,0.67,1,9,,problem_solving
670,0.04672195096723751,0.178633,0.00262554015520298,0.368,0.1900563363234187,0.004388499315813804,[0.         0.         0.         0.         0.32281072 0.         0.         0.         0.         0.         0.01734034 0.         0.         0.02490682 0.         0.         0.02290052 0.01734034 0.         0.01799081 0.         0.         0.         0.         0.         0.10820023 0.         0.4436034  0.02490682 0.         0.        ],[0. 0. 0. 0. 1. 0. 0. 0. 0. 0. 1. 0. 0. 1. 0. 0. 1. 1. 0. 1. 0. 0. 0. 0. 0. 1. 0. 1. 1. 0. 0.],9.0,best,1000,100,10,0.9,0.1,0.5,0.1,0.7,0.03,0.67,1,9,,problem_solving
680,0.04672195096723751,0.178633,0.00262554015520298,0.372,0.18639376156374998,0.00506573910267713,[0.         0.         0.         0.         0.32281072 0.         0.         0.         0.         0.         0.01734034 0.         0.         0.02490682 0.         0.         0.02290052 0.01734034 0.         0.01799081 0.         0.         0.         0.         0.         0.10820023 0.         0.4436034  0.02490682 0.         0.        ],[0. 0. 0. 0. 1. 0. 0. 0. 0. 0. 1. 0. 0. 1. 0. 0. 1. 1. 0. 1. 0. 0. 0. 0. 0. 1. 0. 1. 1. 0. 0.],9.0,best,1000,100,10,0.9,0.1,0.5,0.1,0.7,0.03,0.67,1,9,,problem_solving
690,0.04672195096723751,0.178633,0.00262554015520298,0.376,0.1828017682649769,0.0036980673467383483,[0.         0.         0.         0.         0.32281072 0.         0.         0.         0.         0.         0.01734034 0.         0.         0.02490682 0.         0.         0.02290052 0.01734034 0.         0.01799081 0.         0.         0.         0.         0.         0.10820023 0.         0.4436034  0.02490682 0.         0.        ],[0. 0. 0. 0. 1. 0. 0. 0. 0. 0. 1. 0. 0. 1. 0. 0. 1. 1. 0. 1. 0. 0. 0. 0. 0. 1. 0. 1. 1. 0. 0.],9.0,best,1000,100,10,0.9,0.1,0.5,0.1,0.7,0.03,0.67,1,9,,problem_solving
700,0.04672195096723751,0.178633,0.00262554015520298,0.38,0.17927899625209975,0.006760223776902952,[0.         0.         0.         0.         0.32281072 0.         0.         0.         0.         0.         0.01734034 0.         0.         0.02490682 0.         0.         0.02290052 0.01734034 0.         0.01799081 0.         0.         0.         0.         0.         0.10820023 0.         0.4436034  0.02490682 0.         0.        ],[0. 0. 0. 0. 1. 0. 0. 0. 0. 0. 1. 0. 0. 1. 0. 0. 1. 1. 0. 1. 0. 0. 0. 0. 0. 1. 0. 1. 1. 0. 0.],9.0,best,1000,100,10,0.9,0.1,0.5,0.1,0.7,0.03,0.67,1,9,,problem_solving
710,0.04672195096723751,0.178633,0.00262554015520298,0.384,0.17582411156204497,-0.009166813896607564,[0.         0.         0.         0.         0.32281072 0.         0.         0.         0.         0.         0.01734034 0.         0.         0.02490682 0.         0.         0.02290052 0.01734034 0.         0.01799081 0.         0.         0.         0.         0.         0.10820023 0.         0.4436034  0.02490682 0.         0.        ],[0. 0. 0. 0. 1. 0. 0. 0. 0. 0. 1. 0. 0. 1. 0. 0. 1. 1. 0. 1. 0. 0. 0. 0. 0. 1. 0. 1. 1. 0. 0.],9.0,best,1000,100,10,0.9,0.1,0.5,0.1,0.7,0.03,0.67,1,9,,problem_solving
720,0.04672195096723751,0.178633,0.00262554015520298,0.388,0.17243580593853514,0.00542337039702074,[0.         0.         0.         0.         0.32281072 0.         0.         0.         0.         0.         0.01734034 0.         0.         0.02490682 0.         0.         0.02290052 0.01734034 0.         0.01799081 0.         0.         0.         0.         0.         0.10820023 0.         0.4436034  0.02490682 0.         0.        ],[0. 0. 0. 0. 1. 0. 0. 0. 0. 0. 1. 0. 0. 1. 0. 0. 1. 1. 0. 1. 0. 0. 0. 0. 0. 1. 0. 1. 1. 0. 0.],9.0,best,1000,100,10,0.9,0.1,0.5,0.1,0.7,0.03,0.67,1,9,,problem_solving
730,0.04672195096723751,0.178633,0.00262554015520298,0.392,0.16911279633669332,-0.0048506510932783105,[0.         0.         0.         0.         0.32281072 0.         0.         0.         0.         0.         0.01734034 0.         0.         0.02490682 0.         0.         0.02290052 0.01734034 0.         0.01799081 0.         0.         0.         0.         0.         0.10820023 0.         0.4436034  0.02490682 0.         0.        ],[0. 0. 0. 0. 1. 0. 0. 0. 0. 0. 1. 0. 0. 1. 0. 0. 1. 1. 0. 1. 0. 0. 0. 0. 0. 1. 0. 1. 1. 0. 0.],9.0,best,1000,100,10,0.9,0.1,0.5,0.1,0.7,0.03,0.67,1,9,,problem_solving
740,0.04672195096723751,0.178633,0.00262554015520298,0.396,0.16585382443719424,0.0137284789973366,[0.         0.         0.         0.         0.32281072 0.         0.         0.         0.         0.         0.01734034 0.         0.         0.02490682 0.         0.         0.02290052 0.01734034 0.         0.01799081 0.         0.         0.         0.         0.         0.10820023 0.         0.4436034  0.02490682 0.         0.        ],[0. 0. 0. 0. 1. 0. 0. 0. 0. 0. 1. 0. 0. 1. 0. 0. 1. 1. 0. 1. 0. 0. 0. 0. 0. 1. 0. 1. 1. 0. 0.],9.0,best,1000,100,10,0.9,0.1,0.5,0.1,0.7,0.03,0.67,1,9,,problem_solving
750,0.04672195096723751,0.178633,0.00262554015520298,0.4,0.1626576561697786,-0.003249236866421159,[0.         0.         0.         0.         0.32281072 0.         0.         0.         0.         0.         0.01734034 0.         0.         0.02490682 0.         0.         0.02290052 0.01734034 0.         0.01799081 0.         0.         0.         0.         0.         0.10820023 0.         0.4436034  0.02490682 0.         0.        ],[0. 0. 0. 0. 1. 0. 0. 0. 0. 0. 1. 0. 0. 1. 0. 0. 1. 1. 0. 1. 0. 0. 0. 0. 0. 1. 0. 1. 1. 0. 0.],9.0,best,1000,100,10,0.9,0.1,0.5,0.1,0.7,0.03,0.67,1,9,,problem_solving
760,0.04672195096723751,0.178633,0.00262554015520298,0.404,0.15952308124594905,0.0016535363226248267,[0.         0.         0.         0.         0.32281072 0.         0.         0.         0.         0.         0.01734034 0.         0.         0.02490682 0.         0.         0.02290052 0.01734034 0.         0.01799081 0.         0.         0.         0.         0.         0.10820023 0.         0.4436034  0.02490682 0.         0.        ],[0. 0. 0. 0. 1. 0. 0. 0. 0. 0. 1. 0. 0. 1. 0. 0. 1. 1. 0. 1. 0. 0. 0. 0. 0. 1. 0. 1. 1. 0. 0.],9.0,best,1000,100,10,0.9,0.1,0.5,0.1,0.7,0.03,0.67,1,9,,problem_solving
770,0.04672195096723751,0.178633,0.00262554015520298,0.40800000000000003,0.15644891270067235,0.007430430027546429,[0.         0.         0.         0.         0.32281072 0.         0.         0.         0.         0.         0.01734034 0.         0.         0.02490682 0.         0.         0.02290052 0.01734034 0.         0.01799081 0.         0.         0.         0.         0.         0.10820023 0.         0.4436034  0.02490682 0.         0.        ],[0. 0. 0. 0. 1. 0. 0. 0. 0. 0. 1. 0. 0. 1. 0. 0. 1. 1. 0. 1. 0. 0. 0. 0. 0. 1. 0. 1. 1. 0. 0.],9.0,best,1000,100,10,0.9,0.1,0.5,0.1,0.7,0.03,0.67,1,9,,problem_solving
780,0.04672195096723751,0.178633,0.00262554015520298,0.41200000000000003,0.15343398644291262,-0.007638650214270436,[0.         0.         0.         0.         0.32281072 0.         0.         0.         0.         0.         0.01734034 0.         0.         0.02490682 0.         0.         0.02290052 0.01734034 0.         0.01799081 0.         0.         0.         0.         0.         0.10820023 0.         0.4436034  0.02490682 0.         0.        ],[0. 0. 0. 0. 1. 0. 0. 0. 0. 0. 1. 0. 0. 1. 0. 0. 1. 1. 0. 1. 0. 0. 0. 0. 0. 1. 0. 1. 1. 0. 0.],9.0,best,1000,100,10,0.9,0.1,0.5,0.1,0.7,0.03,0.67,1,9,,problem_solving
790,0.04672195096723751,0.178633,0.00262554015520298,0.41600000000000004,0.1504771608148269,-0.0031298143872233084,[0.         0.         0.         0.         0.32281072 0.         0.         0.         0.         0.         0.01734034 0.         0.         0.02490682 0.         0.         0.02290052 0.01734034 0.         0.01799081 0.         0.         0.         0.         0.         0.10820023 0.         0.4436034  0.02490682 0.         0.        ],[0. 0. 0. 0. 1. 0. 0. 0. 0. 0. 1. 0. 0. 1. 0. 0. 1. 1. 0. 1. 0. 0. 0. 0. 0. 1. 0. 1. 1. 0. 0.],9.0,best,1000,100,10,0.9,0.1,0.5,0.1,0.7,0.03,0.67,1,9,,problem_solving
800,0.04672195096723751,0.178633,0.00262554015520298,0.42000000000000004,0.1475773161594552,0.007048061702793929,[0.         0.         0.         0.         0.32281072 0.         0.         0.         0.         0.         0.01734034 0.         0.         0.02490682 0.         0.         0.02290052 0.01734034 0.         0.01799081 0.         0.         0.         0.         0.         0.10820023 0.         0.4436034  0.02490682 0.         0.        ],[0. 0. 0. 0. 1. 0. 0. 0. 0. 0. 1. 0. 0. 1. 0. 0. 1. 1. 0. 1. 0. 0. 0. 0. 0. 1. 0. 1. 1. 0. 0.],9.0,best,1000,100,10,0.9,0.1,0.5,0.1,0.7,0.03,0.67,1,9,,problem_solving
810,0.04672195096723751,0.178633,0.00262554015520298,0.42400000000000004,0.1447333543967415,-0.0019132330767558975,[0.         0.         0.         0.         0.32281072 0.         0.         0.         0.         0.         0.01734034 0.         0.         0.02490682 0.         0.         0.02290052 0.01734034 0.         0.01799081 0.         0.         0.         0.         0.         0.10820023 0.         0.4436034  0.02490682 0.         0.        ],[0. 0. 0. 0. 1. 0. 0. 0. 0. 0. 1. 0. 0. 1. 0. 0. 1. 1. 0. 1. 0. 0. 0. 0. 0. 1. 0. 1. 1. 0. 0.],9.0,best,1000,100,10,0.9,0.1,0.5,0.1,0.7,0.03,0.67,1,9,,problem_solving
820,0.04672195096723751,0.178633,0.00262554015520298,0.42800000000000005,0.1419441986077252,-0.009469975998588318,[0.         0.         0.         0.         0.32281072 0.         0.         0.         0.         0.         0.01734034 0.         0.         0.02490682 0.         0.         0.02290052 0.01734034 0.         0.01799081 0.         0.         0.         0.         0.         0.10820023 0.         0.4436034  0.02490682 0.         0.        ],[0. 0. 0. 0. 1. 0. 0. 0. 0. 0. 1. 0. 0. 1. 0. 0. 1. 1. 0. 1. 0. 0. 0. 0. 0. 1. 0. 1. 1. 0. 0.],9.0,best,1000,100,10,0.9,0.1,0.5,0.1,0.7,0.03,0.67,1,9,,problem_solving
830,0.04672195096723751,0.178633,0.00262554015520298,0.43200000000000005,0.13920879262674613,0.00045252126998261694,[0.         0.         0.         0.         0.32281072 0.         0.         0.         0.         0.         0.01734034 0.         0.         0.02490682 0.         0.         0.02290052 0.01734034 0.         0.01799081 0.         0.         0.         0.         0.         0.10820023 0.         0.4436034  0.02490682 0.         0.        ],[0. 0. 0. 0. 1. 0. 0. 0. 0. 0. 1. 0. 0. 1. 0. 0. 1. 1. 0. 1. 0. 0. 0. 0. 0. 1. 0. 1. 1. 0. 0.],9.0,best,1000,100,10,0.9,0.1,0.5,0.1,0.7,0.03,0.67,1,9,,problem_solving
840,0.04672195096723751,0.178633,0.00262554015520298,0.43600000000000005,0.1365261006415074,-0.0012019372298257248,[0.         0.         0.         0.         0.32281072 0.         0.         0.         0.         0.         0.01734034 0.         0.         0.02490682 0.         0.         0.02290052 0.01734034 0.         0.01799081 0.         0.         0.         0.         0.         0.10820023 0.         0.4436034  0.02490682 0.         0.        ],[0. 0. 0. 0. 1. 0. 0. 0. 0. 0. 1. 0. 0. 1. 0. 0. 1. 1. 0. 1. 0. 0. 0. 0. 0. 1. 0. 1. 1. 0. 0.],9.0,best,1000,100,10,0.9,0.1,0.5,0.1,0.7,0.03,0.67,1,9,,problem_solving
850,0.04672195096723751,0.178633,0.00262554015520298,0.44000000000000006,0.1338951068008461,0.0010192268054154566,[0.         0.         0.         0.         0.32281072 0.         0.         0.         0.         0.         0.01734034 0.         0.         0.02490682 0.         0.         0.02290052 0.01734034 0.         0.01799081 0.         0.         0.         0.         0.         0.10820023 0.         0.4436034  0.02490682 0.         0.        ],[0. 0. 0. 0. 1. 0. 0. 0. 0. 0. 1. 0. 0. 1. 0. 0. 1. 1. 0. 1. 0. 0. 0. 0. 0. 1. 0. 1. 1. 0. 0.],9.0,best,1000,100,10,0.9,0.1,0.5,0.1,0.7,0.03,0.67,1,9,,problem_solving
860,0.04672195096723751,0.178633,0.00262554015520298,0.44400000000000006,0.1313148148300622,0.006742358816465188,[0.         0.         0.         0.         0.32281072 0.         0.         0.         0.         0.         0.01734034 0.         0.         0.02490682 0.         0.         0.02290052 0.01734034 0.         0.01799081 0.         0.         0.         0.         0.         0.10820023 0.         0.4436034  0.02490682 0.         0.        ],[0. 0. 0. 0. 1. 0. 0. 0. 0. 0. 1. 0. 0. 1. 0. 0. 1. 1. 0. 1. 0. 0. 0. 0. 0. 1. 0. 1. 1. 0. 0.],9.0,best,1000,100,10,0.9,0.1,0.5,0.1,0.7,0.03,0.67,1,9,,problem_solving
870,0.04672195096723751,0.178633,0.00262554015520298,0.44800000000000006,0.12878424765366075,0.0053588585624559084,[0.         0.         0.         0.         0.32281072 0.         0.         0.         0.         0.         0.01734034 0.         0.         0.02490682 0.         0.         0.02290052 0.01734034 0.         0.01799081 0.         0.         0.         0.         0.         0.10820023 0.         0.4436034  0.02490682 0.         0.        ],[0. 0. 0. 0. 1. 0. 0. 0. 0. 0. 1. 0. 0. 1. 0. 0. 1. 1. 0. 1. 0. 0. 0. 0. 0. 1. 0. 1. 1. 0. 0.],9.0,best,1000,100,10,0.9,0.1,0.5,0.1,0.7,0.03,0.67,1,9,,problem_solving
880,0.04672195096723751,0.178633,0.00262554015520298,0.45200000000000007,0.12630244702536408,-0.0014874845122945814,[0.         0.         0.         0.         0.32281072 0.         0.         0.         0.         0.         0.01734034 0.         0.         0.02490682 0.         0.         0.02290052 0.01734034 0.         0.01799081 0.         0.         0.         0.         0.         0.10820023 0.         0.4436034  0.02490682 0.         0.        ],[0. 0. 0. 0. 1. 0. 0. 0. 0. 0. 1. 0. 0. 1. 0. 0. 1. 1. 0. 1. 0. 0. 0. 0. 0. 1. 0. 1. 1. 0. 0.],9.0,best,1000,100,10,0.9,0.1,0.5,0.1,0.7,0.03,0.67,1,9,,problem_solving
890,0.04672195096723751,0.178633,0.00262554015520298,0.45600000000000007,0.12386847316525405,-0.00010534304658858687,[0.         0.         0.         0.         0.32281072 0.         0.         0.         0.         0.         0.01734034 0.         0.         0.02490682 0.         0.         0.02290052 0.01734034 0.         0.01799081 0.         0.         0.         0.         0.         0.10820023 0.         0.4436034  0.02490682 0.         0.        ],[0. 0. 0. 0. 1. 0. 0. 0. 0. 0. 1. 0. 0. 1. 0. 0. 1. 1. 0. 1. 0. 0. 0. 0. 0. 1. 0. 1. 1. 0. 0.],9.0,best,1000,100,10,0.9,0.1,0.5,0.1,0.7,0.03,0.67,1,9,,problem_solving
900,0.04672195096723751,0.178633,0.00262554015520298,0.4600000000000001,0.12148140440390671,-0.0033150014095677622,[0.         0.         0.         0.         0.32281072 0.         0.         0.         0.         0.         0.01734034 0.         0.         0.02490682 0.         0.         0.02290052 0.01734034 0.         0.01799081 0.         0.         0.         0.         0.         0.10820023 0.         0.4436034  0.02490682 0.         0.        ],[0. 0. 0. 0. 1. 0. 0. 0. 0. 0. 1. 0. 0. 1. 0. 0. 1. 1. 0. 1. 0. 0. 0. 0. 0. 1. 0. 1. 1. 0. 0.],9.0,best,1000,100,10,0.9,0.1,0.5,0.1,0.7,0.03,0.67,1,9,,problem_solving
910,0.04672195096723751,0.178633,0.00262554015520298,0.46399999999999997,0.11914033683338536,-0.0006237198089248857,[0.         0.         0.         0.         0.32281072 0.         0.         0.         0.         0.         0.01734034 0.         0.         0.02490682 0.         0.         0.02290052 0.01734034 0.         0.01799081 0.         0.         0.         0.         0.         0.10820023 0.         0.4436034  0.02490682 0.         0.        ],[0. 0. 0. 0. 1. 0. 0. 0. 0. 0. 1. 0. 0. 1. 0. 0. 1. 1. 0. 1. 0. 0. 0. 0. 0. 1. 0. 1. 1. 0. 0.],9.0,best,1000,100,10,0.9,0.1,0.5,0.1,0.7,0.03,0.67,1,9,,problem_solving
920,0.04672195096723751,0.178633,0.00262554015520298,0.46799999999999997,0.11684438396495887,-0.001967823714345886,[0.         0.         0.         0.         0.32281072 0.         0.         0.         0.         0.         0.01734034 0.         0.         0.02490682 0.         0.         0.02290052 0.01734034 0.         0.01799081 0.         0.         0.         0.         0.         0.10820023 0.         0.4436034  0.02490682 0.         0.        ],[0. 0. 0. 0. 1. 0. 0. 0. 0. 0. 1. 0. 0. 1. 0. 0. 1. 1. 0. 1. 0. 0. 0. 0. 0. 1. 0. 1. 1. 0. 0.],9.0,best,1000,100,10,0.9,0.1,0.5,0.1,0.7,0.03,0.67,1,9,,problem_solving
930,0.04672195096723751,0.178633,0.00262554015520298,0.472,0.11459267639341625,-0.0007288186300324599,[0.         0.         0.         0.         0.32281072 0.         0.         0.         0.         0.         0.01734034 0.         0.         0.02490682 0.         0.         0.02290052 0.01734034 0.         0.01799081 0.         0.         0.         0.         0.         0.10820023 0.         0.4436034  0.02490682 0.         0.        ],[0. 0. 0. 0. 1. 0. 0. 0. 0. 0. 1. 0. 0. 1. 0. 0. 1. 1. 0. 1. 0. 0. 0. 0. 0. 1. 0. 1. 1. 0. 0.],9.0,best,1000,100,10,0.9,0.1,0.5,0.1,0.7,0.03,0.67,1,9,,problem_solving
940,0.04672195096723751,0.178633,0.00262554015520298,0.476,0.11238436146785019,-0.0005267630342758022,[0.         0.         0.         0.         0.32281072 0.         0.         0.         0.         0.         0.01734034 0.         0.         0.02490682 0.         0.         0.02290052 0.01734034 0.         0.01799081 0.         0.         0.         0.         0.         0.10820023 0.         0.4436034  0.02490682 0.         0.        ],[0. 0. 0. 0. 1. 0. 0. 0. 0. 0. 1. 0. 0. 1. 0. 0. 1. 1. 0. 1. 0. 0. 0. 0. 0. 1. 0. 1. 1. 0. 0.],9.0,best,1000,100,10,0.9,0.1,0.5,0.1,0.7,0.03,0.67,1,9,,problem_solving
950,0.04672195096723751,0.178633,0.00262554015520298,0.48,0.11021860296878504,0.0014286908297591616,[0.         0.         0.         0.         0.32281072 0.         0.         0.         0.         0.         0.01734034 0.         0.         0.02490682 0.         0.         0.02290052 0.01734034 0.         0.01799081 0.         0.         0.         0.         0.         0.10820023 0.         0.4436034  0.02490682 0.         0.        ],[0. 0. 0. 0. 1. 0. 0. 0. 0. 0. 1. 0. 0. 1. 0. 0. 1. 1. 0. 1. 0. 0. 0. 0. 0. 1. 0. 1. 1. 0. 0.],9.0,best,1000,100,10,0.9,0.1,0.5,0.1,0.7,0.03,0.67,1,9,,problem_solving
960,0.04672195096723751,0.178633,0.00262554015520298,0.484,0.10809458079152667,0.0006760344564685193,[0.         0.         0.         0.         0.32281072 0.         0.         0.         0.         0.         0.01734034 0.         0.         0.02490682 0.         0.         0.02290052 0.01734034 0.         0.01799081 0.         0.         0.         0.         0.         0.10820023 0.         0.4436034  0.02490682 0.         0.        ],[0. 0. 0. 0. 1. 0. 0. 0. 0. 0. 1. 0. 0. 1. 0. 0. 1. 1. 0. 1. 0. 0. 0. 0. 0. 1. 0. 1. 1. 0. 0.],9.0,best,1000,100,10,0.9,0.1,0.5,0.1,0.7,0.03,0.67,1,9,,problem_solving
970,0.04672195096723751,0.178633,0.00262554015520298,0.488,0.10601149063561469,0.0013814736909816112,[0.         0.         0.         0.         0.32281072 0.         0.         0.         0.         0.         0.01734034 0.         0.         0.02490682 0.         0.         0.02290052 0.01734034 0.         0.01799081 0.         0.         0.         0.         0.         0.10820023 0.         0.4436034  0.02490682 0.         0.        ],[0. 0. 0. 0. 1. 0. 0. 0. 0. 0. 1. 0. 0. 1. 0. 0. 1. 1. 0. 1. 0. 0. 0. 0. 0. 1. 0. 1. 1. 0. 0.],9.0,best,1000,100,10,0.9,0.1,0.5,0.1,0.7,0.03,0.67,1,9,,problem_solving
980,0.04672195096723751,0.178633,0.00262554015520298,0.492,0.10396854370025903,-0.0017739509886465416,[0.         0.         0.         0.         0.32281072 0.         0.         0.         0.         0.         0.01734034 0.         0.         0.02490682 0.         0.         0.02290052 0.01734034 0.         0.01799081 0.         0.         0.         0.         0.         0.10820023 0.         0.4436034  0.02490682 0.         0.        ],[0. 0. 0. 0. 1. 0. 0. 0. 0. 0. 1. 0. 0. 1. 0. 0. 1. 1. 0. 1. 0. 0. 0. 0. 0. 1. 0. 1. 1. 0. 0.],9.0,best,1000,100,10,0.9,0.1,0.5,0.1,0.7,0.03,0.67,1,9,,problem_solving
990,0.04672195096723751,0.178633,0.00262554015520298,0.496,0.10196496638564592,-0.00029924758686199595,[0.         0.         0.         0.         0.32281072 0.         0.         0.         0.         0.         0.01734034 0.         0.         0.02490682 0.         0.         0.02290052 0.01734034 0.         0.01799081 0.         0.         0.         0.         0.         0.10820023 0.         0.4436034  0.02490682 0.         0.        ],[0. 0. 0. 0. 1. 0. 0. 0. 0. 0. 1. 0. 0. 1. 0. 0. 1. 1. 0. 1. 0. 0. 0. 0. 0. 1. 0. 1. 1. 0. 0.],9.0,best,1000,100,10,0.9,0.1,0.5,0.1,0.7,0.03,0.67,1,9,,problem_solving
999,0.04672195096723751,0.178633,0.00262554015520298,0.49960000000000004,0.100194780466086,-0.004877637423562756,[0.         0.         0.         0.         0.32281072 0.         0.         0.         0.         0.         0.01734034 0.         0.         0.02490682 0.         0.         0.02290052 0.01734034 0.         0.01799081 0.         0.         0.         0.         0.         0.10820023 0.         0.4436034  0.02490682 0.         0.        ],[0. 0. 0. 0. 1. 0. 0. 0. 0. 0. 1. 0. 0. 1. 0. 0. 1. 1. 0. 1. 0. 0. 0. 0. 0. 1. 0. 1. 1. 0. 0.],9.0,best,1000,100,10,0.9,0.1,0.5,0.1,0.7,0.03,0.67,1,9,,problem_solving
