iter,cost,risk,return,par,bw,move,X,Z,Q,pop_init,max_iter,pop_size,mem_size,mem_consider,par_min,par_max,bw_min,bw_max,sigma,lambda,port_n,k,seed,tag,local_search
1,0.026420722421394382,0.128368,0.004034995897510609,0.5004,0.8994711474430547,2.8675423586418565,[0.         0.         0.         0.         0.95878303 0.         0.         0.         0.01264307 0.         0.         0.         0.         0.         0.         0.         0.01321602 0.         0.         0.         0.01535788 0.         0.         0.         0.         0.         0.         0.         0.         0.         0.        ],[0. 0. 0. 0. 1. 0. 0. 0. 1. 0. 0. 0. 0. 0. 0. 0. 1. 0. 0. 0. 1. 0. 0. 0. 0. 0. 0. 0. 0. 0. 0.],4.0,best,1000,1000,100,0.9,0.5,0.9,0.5,0.9,5,0.81,1,4,,run_00,10
10,0.010991403473546138,0.127542,0.0028252514706202767,0.504,0.894725436791504,-2.8088448200686877,[0.         0.         0.         0.         0.         0.         0.         0.         0.         0.0160757  0.         0.         0.01221886 0.         0.         0.         0.         0.         0.         0.         0.         0.         0.         0.         0.         0.94522755 0.         0.         0.         0.         0.02647789],[0. 0. 0. 0. 0. 0. 0. 0. 0. 1. 0. 0. 1. 0. 0. 0. 0. 0. 0. 0. 0. 0. 0. 0. 0. 1. 0. 0. 0. 0. 1.],4.0,best,1000,1000,100,0.9,0.5,0.9,0.5,0.9,5,0.81,1,4,,run_00,10
20,0.010991403473546138,0.127542,0.0028252514706202767,0.508,0.8894817858241639,-1.1565828161970224,[0.         0.         0.         0.         0.         0.         0.         0.         0.         0.0160757  0.         0.         0.01221886 0.         0.         0.         0.         0.         0.         0.         0.         0.         0.         0.         0.         0.94522755 0.         0.         0.         0.         0.02647789],[0. 0. 0. 0. 0. 0. 0. 0. 0. 1. 0. 0. 1. 0. 0. 0. 0. 0. 0. 0. 0. 0. 0. 0. 0. 1. 0. 0. 0. 0. 1.],4.0,best,1000,1000,100,0.9,0.5,0.9,0.5,0.9,5,0.81,1,4,,run_00,10
30,0.009001411198198153,0.12501,0.004392638268270536,0.512,0.8842688659329022,-3.34479436146189,[0.         0.01096727 0.         0.         0.         0.         0.         0.         0.01082485 0.         0.         0.         0.         0.         0.         0.01123931 0.96696857 0.         0.         0.         0.         0.         0.         0.         0.         0.         0.         0.         0.         0.         0.        ],[0. 1. 0. 0. 0. 0. 0. 0. 1. 0. 0. 0. 0. 0. 0. 1. 1. 0. 0. 0. 0. 0. 0. 0. 0. 0. 0. 0. 0. 0. 0.],4.0,best,1000,1000,100,0.9,0.5,0.9,0.5,0.9,5,0.81,1,4,,run_00,10
40,0.009001411198198153,0.12501,0.004392638268270536,0.516,0.879086497014382,-1.3706416117443008,[0.         0.01096727 0.         0.         0.         0.         0.         0.         0.01082485 0.         0.         0.         0.         0.         0.         0.01123931 0.96696857 0.         0.         0.         0.         0.         0.         0.         0.         0.         0.         0.         0.         0.         0.        ],[0. 1. 0. 0. 0. 0. 0. 0. 1. 0. 0. 0. 0. 0. 0. 1. 1. 0. 0. 0. 0. 0. 0. 0. 0. 0. 0. 0. 0. 0. 0.],4.0,best,1000,1000,100,0.9,0.5,0.9,0.5,0.9,5,0.81,1,4,,run_00,10
50,0.009001411198198153,0.12501,0.004392638268270536,0.52,0.8739345000207845,-0.05199064803867635,[0.         0.01096727 0.         0.         0.         0.         0.         0.         0.01082485 0.         0.         0.         0.         0.         0.         0.01123931 0.96696857 0.         0.         0.         0.         0.         0.         0.         0.         0.         0.         0.         0.         0.         0.        ],[0. 1. 0. 0. 0. 0. 0. 0. 1. 0. 0. 0. 0. 0. 0. 1. 1. 0. 0. 0. 0. 0. 0. 0. 0. 0. 0. 0. 0. 0. 0.],4.0,best,1000,1000,100,0.9,0.5,0.9,0.5,0.9,5,0.81,1,4,,run_00,10
60,0.009001411198198153,0.12501,0.004392638268270536,0.524,0.8688126969536234,6.036852422532492,[0.         0.01096727 0.         0.         0.         0.         0.         0.         0.01082485 0.         0.         0.         0.         0.         0.         0.01123931 0.96696857 0.         0.         0.         0.         0.         0.         0.         0.         0.         0.         0.         0.         0.         0.        ],[0. 1. 0. 0. 0. 0. 0. 0. 1. 0. 0. 0. 0. 0. 0. 1. 1. 0. 0. 0. 0. 0. 0. 0. 0. 0. 0. 0. 0. 0. 0.],4.0,best,1000,1000,100,0.9,0.5,0.9,0.5,0.9,5,0.81,1,4,,run_00,10
70,0.008530088711537492,0.11054,0.0018264301938818498,0.528,0.8637209108575947,-10.844268741353682,[0.         0.         0.         0.         0.         0.         0.         0.         0.96472076 0.         0.         0.         0.         0.         0.         0.         0.01104865 0.         0.         0.         0.01104865 0.         0.         0.         0.         0.         0.         0.01318193 0.         0.         0.        ],[0. 0. 0. 0. 0. 0. 0. 0. 1. 0. 0. 0. 0. 0. 0. 0. 1. 0. 0. 0. 1. 0. 0. 0. 0. 0. 0. 1. 0. 0. 0.],4.0,best,1000,1000,100,0.9,0.5,0.9,0.5,0.9,5,0.81,1,4,,run_00,10
80,0.008530088711537492,0.11054,0.0018264301938818498,0.532,0.8586589658144633,1.7390788638286108,[0.         0.         0.         0.         0.         0.         0.         0.         0.96472076 0.         0.         0.         0.         0.         0.         0.         0.01104865 0.         0.         0.         0.01104865 0.         0.         0.         0.         0.         0.         0.01318193 0.         0.         0.        ],[0. 0. 0. 0. 0. 0. 0. 0. 1. 0. 0. 0. 0. 0. 0. 0. 1. 0. 0. 0. 1. 0. 0. 0. 0. 0. 0. 1. 0. 0. 0.],4.0,best,1000,1000,100,0.9,0.5,0.9,0.5,0.9,5,0.81,1,4,,run_00,10
90,0.008530088711537492,0.11054,0.0018264301938818498,0.536,0.8536266869369854,-7.6741206093185,[0.         0.         0.         0.         0.         0.         0.         0.         0.96472076 0.         0.         0.         0.         0.         0.         0.         0.01104865 0.         0.         0.         0.01104865 0.         0.         0.         0.         0.         0.         0.01318193 0.         0.         0.        ],[0. 0. 0. 0. 0. 0. 0. 0. 1. 0. 0. 0. 0. 0. 0. 0. 1. 0. 0. 0. 1. 0. 0. 0. 0. 0. 0. 1. 0. 0. 0.],4.0,best,1000,1000,100,0.9,0.5,0.9,0.5,0.9,5,0.81,1,4,,run_00,10
100,0.008530088711537492,0.11054,0.0018264301938818498,0.54,0.8486239003628652,-3.698837713535542,[0.         0.         0.         0.         0.         0.         0.         0.         0.96472076 0.         0.         0.         0.         0.         0.         0.         0.01104865 0.         0.         0.         0.01104865 0.         0.         0.         0.         0.         0.         0.01318193 0.         0.         0.        ],[0. 0. 0. 0. 0. 0. 0. 0. 1. 0. 0. 0. 0. 0. 0. 0. 1. 0. 0. 0. 1. 0. 0. 0. 0. 0. 0. 1. 0. 0. 0.],4.0,best,1000,1000,100,0.9,0.5,0.9,0.5,0.9,5,0.81,1,4,,run_00,10
110,0.008530088711537492,0.11054,0.0018264301938818498,0.544,0.8436504332487491,8.962858358021357,[0.         0.         0.         0.         0.         0.         0.         0.         0.96472076 0.         0.         0.         0.         0.         0.         0.         0.01104865 0.         0.         0.         0.01104865 0.         0.         0.         0.         0.         0.         0.01318193 0.         0.         0.        ],[0. 0. 0. 0. 0. 0. 0. 0. 1. 0. 0. 0. 0. 0. 0. 0. 1. 0. 0. 0. 1. 0. 0. 0. 0. 0. 0. 1. 0. 0. 0.],4.0,best,1000,1000,100,0.9,0.5,0.9,0.5,0.9,5,0.81,1,4,,run_00,10
120,0.008530088711537492,0.11054,0.0018264301938818498,0.548,0.8387061137642541,1.4427642171898587,[0.         0.         0.         0.         0.         0.         0.         0.         0.96472076 0.         0.         0.         0.         0.         0.         0.         0.01104865 0.         0.         0.         0.01104865 0.         0.         0.         0.         0.         0.         0.01318193 0.         0.         0.        ],[0. 0. 0. 0. 0. 0. 0. 0. 1. 0. 0. 0. 0. 0. 0. 0. 1. 0. 0. 0. 1. 0. 0. 0. 0. 0. 0. 1. 0. 0. 0.],4.0,best,1000,1000,100,0.9,0.5,0.9,0.5,0.9,5,0.81,1,4,,run_00,10
130,0.008530088711537492,0.11054,0.0018264301938818498,0.552,0.83379077108603,0.6548507155679758,[0.         0.         0.         0.         0.         0.         0.         0.         0.96472076 0.         0.         0.         0.         0.         0.         0.         0.01104865 0.         0.         0.         0.01104865 0.         0.         0.         0.         0.         0.         0.01318193 0.         0.         0.        ],[0. 0. 0. 0. 0. 0. 0. 0. 1. 0. 0. 0. 0. 0. 0. 0. 1. 0. 0. 0. 1. 0. 0. 0. 0. 0. 0. 1. 0. 0. 0.],4.0,best,1000,1000,100,0.9,0.5,0.9,0.5,0.9,5,0.81,1,4,,run_00,10
140,0.008530088711537492,0.11054,0.0018264301938818498,0.556,0.828904235391859,-2.258135320519957,[0.         0.         0.         0.         0.         0.         0.         0.         0.96472076 0.         0.         0.         0.         0.         0.         0.         0.01104865 0.         0.         0.         0.01104865 0.         0.         0.         0.         0.         0.         0.01318193 0.         0.         0.        ],[0. 0. 0. 0. 0. 0. 0. 0. 1. 0. 0. 0. 0. 0. 0. 0. 1. 0. 0. 0. 1. 0. 0. 0. 0. 0. 0. 1. 0. 0. 0.],4.0,best,1000,1000,100,0.9,0.5,0.9,0.5,0.9,5,0.81,1,4,,run_00,10
150,0.008530088711537492,0.11054,0.0018264301938818498,0.56,0.8240463378547874,-1.989231353948597,[0.         0.         0.         0.         0.         0.         0.         0.         0.96472076 0.         0.         0.         0.         0.         0.         0.         0.01104865 0.         0.         0.         0.01104865 0.         0.         0.         0.         0.         0.         0.01318193 0.         0.         0.        ],[0. 0. 0. 0. 0. 0. 0. 0. 1. 0. 0. 0. 0. 0. 0. 0. 1. 0. 0. 0. 1. 0. 0. 0. 0. 0. 0. 1. 0. 0. 0.],4.0,best,1000,1000,100,0.9,0.5,0.9,0.5,0.9,5,0.81,1,4,,run_00,10
160,0.008530088711537492,0.11054,0.0018264301938818498,0.5640000000000001,0.8192169106372932,-4.596779717040928,[0.         0.         0.         0.         0.         0.         0.         0.         0.96472076 0.         0.         0.         0.         0.         0.         0.         0.01104865 0.         0.         0.         0.01104865 0.         0.         0.         0.         0.         0.         0.01318193 0.         0.         0.        ],[0. 0. 0. 0. 0. 0. 0. 0. 1. 0. 0. 0. 0. 0. 0. 0. 1. 0. 0. 0. 1. 0. 0. 0. 0. 0. 0. 1. 0. 0. 0.],4.0,best,1000,1000,100,0.9,0.5,0.9,0.5,0.9,5,0.81,1,4,,run_00,10
170,0.008530088711537492,0.11054,0.0018264301938818498,0.5680000000000001,0.8144157868854872,5.0156997990735475,[0.         0.         0.         0.         0.         0.         0.         0.         0.96472076 0.         0.         0.         0.         0.         0.         0.         0.01104865 0.         0.         0.         0.01104865 0.         0.         0.         0.         0.         0.         0.01318193 0.         0.         0.        ],[0. 0. 0. 0. 0. 0. 0. 0. 1. 0. 0. 0. 0. 0. 0. 0. 1. 0. 0. 0. 1. 0. 0. 0. 0. 0. 0. 1. 0. 0. 0.],4.0,best,1000,1000,100,0.9,0.5,0.9,0.5,0.9,5,0.81,1,4,,run_00,10
180,0.008530088711537492,0.11054,0.0018264301938818498,0.5720000000000001,0.8096428007233489,-1.8843809361845978,[0.         0.         0.         0.         0.         0.         0.         0.         0.96472076 0.         0.         0.         0.         0.         0.         0.         0.01104865 0.         0.         0.         0.01104865 0.         0.         0.         0.         0.         0.         0.01318193 0.         0.         0.        ],[0. 0. 0. 0. 0. 0. 0. 0. 1. 0. 0. 0. 0. 0. 0. 0. 1. 0. 0. 0. 1. 0. 0. 0. 0. 0. 0. 1. 0. 0. 0.],4.0,best,1000,1000,100,0.9,0.5,0.9,0.5,0.9,5,0.81,1,4,,run_00,10
190,0.008530088711537492,0.11054,0.0018264301938818498,0.576,0.8048977872469943,8.263948744548397,[0.         0.         0.         0.         0.         0.         0.         0.         0.96472076 0.         0.         0.         0.         0.         0.         0.         0.01104865 0.         0.         0.         0.01104865 0.         0.         0.         0.         0.         0.         0.01318193 0.         0.         0.        ],[0. 0. 0. 0. 0. 0. 0. 0. 1. 0. 0. 0. 0. 0. 0. 0. 1. 0. 0. 0. 1. 0. 0. 0. 0. 0. 0. 1. 0. 0. 0.],4.0,best,1000,1000,100,0.9,0.5,0.9,0.5,0.9,5,0.81,1,4,,run_00,10
200,0.008530088711537492,0.11054,0.0018264301938818498,0.58,0.80018058251898,-2.678529006048146,[0.         0.         0.         0.         0.         0.         0.         0.         0.96472076 0.         0.         0.         0.         0.         0.         0.         0.01104865 0.         0.         0.         0.01104865 0.         0.         0.         0.         0.         0.         0.01318193 0.         0.         0.        ],[0. 0. 0. 0. 0. 0. 0. 0. 1. 0. 0. 0. 0. 0. 0. 0. 1. 0. 0. 0. 1. 0. 0. 0. 0. 0. 0. 1. 0. 0. 0.],4.0,best,1000,1000,100,0.9,0.5,0.9,0.5,0.9,5,0.81,1,4,,run_00,10
210,0.008530088711537492,0.11054,0.0018264301938818498,0.584,0.7954910235626383,1.0147964594799017,[0.         0.         0.         0.         0.         0.         0.         0.         0.96472076 0.         0.         0.         0.         0.         0.         0.         0.01104865 0.         0.         0.         0.01104865 0.         0.         0.         0.         0.         0.         0.01318193 0.         0.         0.        ],[0. 0. 0. 0. 0. 0. 0. 0. 1. 0. 0. 0. 0. 0. 0. 0. 1. 0. 0. 0. 1. 0. 0. 0. 0. 0. 0. 1. 0. 0. 0.],4.0,best,1000,1000,100,0.9,0.5,0.9,0.5,0.9,5,0.81,1,4,,run_00,10
220,0.008530088711537492,0.11054,0.0018264301938818498,0.588,0.7908289483564468,6.031676888334293,[0.         0.         0.         0.         0.         0.         0.         0.         0.96472076 0.         0.         0.         0.         0.         0.         0.         0.01104865 0.         0.         0.         0.01104865 0.         0.         0.         0.         0.         0.         0.01318193 0.         0.         0.        ],[0. 0. 0. 0. 0. 0. 0. 0. 1. 0. 0. 0. 0. 0. 0. 0. 1. 0. 0. 0. 1. 0. 0. 0. 0. 0. 0. 1. 0. 0. 0.],4.0,best,1000,1000,100,0.9,0.5,0.9,0.5,0.9,5,0.81,1,4,,run_00,10
230,0.008530088711537492,0.11054,0.0018264301938818498,0.592,0.7861941958284306,-0.7099883005871641,[0.         0.         0.         0.         0.         0.         0.         0.         0.96472076 0.         0.         0.         0.         0.         0.         0.         0.01104865 0.         0.         0.         0.01104865 0.         0.         0.         0.         0.         0.         0.01318193 0.         0.         0.        ],[0. 0. 0. 0. 0. 0. 0. 0. 1. 0. 0. 0. 0. 0. 0. 0. 1. 0. 0. 0. 1. 0. 0. 0. 0. 0. 0. 1. 0. 0. 0.],4.0,best,1000,1000,100,0.9,0.5,0.9,0.5,0.9,5,0.81,1,4,,run_00,10
240,0.008530088711537492,0.11054,0.0018264301938818498,0.596,0.7815866058505976,-2.0310960816155235,[0.         0.         0.         0.         0.         0.         0.         0.         0.96472076 0.         0.         0.         0.         0.         0.         0.         0.01104865 0.         0.         0.         0.01104865 0.         0.         0.         0.         0.         0.         0.01318193 0.         0.         0.        ],[0. 0. 0. 0. 0. 0. 0. 0. 1. 0. 0. 0. 0. 0. 0. 0. 1. 0. 0. 0. 1. 0. 0. 0. 0. 0. 0. 1. 0. 0. 0.],4.0,best,1000,1000,100,0.9,0.5,0.9,0.5,0.9,5,0.81,1,4,,run_00,10
250,0.008530088711537492,0.11054,0.0018264301938818498,0.6,0.7770060192334055,2.2240626672609665,[0.         0.         0.         0.         0.         0.         0.         0.         0.96472076 0.         0.         0.         0.         0.         0.         0.         0.01104865 0.         0.         0.         0.01104865 0.         0.         0.         0.         0.         0.         0.01318193 0.         0.         0.        ],[0. 0. 0. 0. 0. 0. 0. 0. 1. 0. 0. 0. 0. 0. 0. 0. 1. 0. 0. 0. 1. 0. 0. 0. 0. 0. 0. 1. 0. 0. 0.],4.0,best,1000,1000,100,0.9,0.5,0.9,0.5,0.9,5,0.81,1,4,,run_00,10
260,0.008530088711537492,0.11054,0.0018264301938818498,0.604,0.7724522777202627,1.3683787831541079,[0.         0.         0.         0.         0.         0.         0.         0.         0.96472076 0.         0.         0.         0.         0.         0.         0.         0.01104865 0.         0.         0.         0.01104865 0.         0.         0.         0.         0.         0.         0.01318193 0.         0.         0.        ],[0. 0. 0. 0. 0. 0. 0. 0. 1. 0. 0. 0. 0. 0. 0. 0. 1. 0. 0. 0. 1. 0. 0. 0. 0. 0. 0. 1. 0. 0. 0.],4.0,best,1000,1000,100,0.9,0.5,0.9,0.5,0.9,5,0.81,1,4,,run_00,10
270,0.008530088711537492,0.11054,0.0018264301938818498,0.608,0.7679252239820602,1.6441773003492637,[0.         0.         0.         0.         0.         0.         0.         0.         0.96472076 0.         0.         0.         0.         0.         0.         0.         0.01104865 0.         0.         0.         0.01104865 0.         0.         0.         0.         0.         0.         0.01318193 0.         0.         0.        ],[0. 0. 0. 0. 0. 0. 0. 0. 1. 0. 0. 0. 0. 0. 0. 0. 1. 0. 0. 0. 1. 0. 0. 0. 0. 0. 0. 1. 0. 0. 0.],4.0,best,1000,1000,100,0.9,0.5,0.9,0.5,0.9,5,0.81,1,4,,run_00,10
280,0.008530088711537492,0.11054,0.0018264301938818498,0.612,0.7634247016117359,6.765120716753735,[0.         0.         0.         0.         0.         0.         0.         0.         0.96472076 0.         0.         0.         0.         0.         0.         0.         0.01104865 0.         0.         0.         0.01104865 0.         0.         0.         0.         0.         0.         0.01318193 0.         0.         0.        ],[0. 0. 0. 0. 0. 0. 0. 0. 1. 0. 0. 0. 0. 0. 0. 0. 1. 0. 0. 0. 1. 0. 0. 0. 0. 0. 0. 1. 0. 0. 0.],4.0,best,1000,1000,100,0.9,0.5,0.9,0.5,0.9,5,0.81,1,4,,run_00,10
290,0.008530088711537492,0.11054,0.0018264301938818498,0.616,0.758950555118871,2.148165227383624,[0.         0.         0.         0.         0.         0.         0.         0.         0.96472076 0.         0.         0.         0.         0.         0.         0.         0.01104865 0.         0.         0.         0.01104865 0.         0.         0.         0.         0.         0.         0.01318193 0.         0.         0.        ],[0. 0. 0. 0. 0. 0. 0. 0. 1. 0. 0. 0. 0. 0. 0. 0. 1. 0. 0. 0. 1. 0. 0. 0. 0. 0. 0. 1. 0. 0. 0.],4.0,best,1000,1000,100,0.9,0.5,0.9,0.5,0.9,5,0.81,1,4,,run_00,10
300,0.008530088711537492,0.11054,0.0018264301938818498,0.62,0.754502629924318,4.349546792262995,[0.         0.         0.         0.         0.         0.         0.         0.         0.96472076 0.         0.         0.         0.         0.         0.         0.         0.01104865 0.         0.         0.         0.01104865 0.         0.         0.         0.         0.         0.         0.01318193 0.         0.         0.        ],[0. 0. 0. 0. 0. 0. 0. 0. 1. 0. 0. 0. 0. 0. 0. 0. 1. 0. 0. 0. 1. 0. 0. 0. 0. 0. 0. 1. 0. 0. 0.],4.0,best,1000,1000,100,0.9,0.5,0.9,0.5,0.9,5,0.81,1,4,,run_00,10
310,0.008530088711537492,0.11054,0.0018264301938818498,0.624,0.7500807723548599,0.7503960071664467,[0.         0.         0.         0.         0.         0.         0.         0.         0.96472076 0.         0.         0.         0.         0.         0.         0.         0.01104865 0.         0.         0.         0.01104865 0.         0.         0.         0.         0.         0.         0.01318193 0.         0.         0.        ],[0. 0. 0. 0. 0. 0. 0. 0. 1. 0. 0. 0. 0. 0. 0. 0. 1. 0. 0. 0. 1. 0. 0. 0. 0. 0. 0. 1. 0. 0. 0.],4.0,best,1000,1000,100,0.9,0.5,0.9,0.5,0.9,5,0.81,1,4,,run_00,10
320,0.007596149689512086,0.112087,0.003283649914663728,0.628,0.7456848296379008,-0.8573392743592753,[0.         0.         0.01129256 0.         0.         0.         0.         0.         0.         0.         0.01112377 0.         0.         0.         0.         0.         0.         0.         0.         0.         0.         0.         0.         0.         0.         0.         0.01129256 0.96629112 0.         0.         0.        ],[0. 0. 1. 0. 0. 0. 0. 0. 0. 0. 1. 0. 0. 0. 0. 0. 0. 0. 0. 0. 0. 0. 0. 0. 0. 0. 1. 1. 0. 0. 0.],4.0,best,1000,1000,100,0.9,0.5,0.9,0.5,0.9,5,0.81,1,4,,run_00,10
330,0.007596149689512086,0.112087,0.003283649914663728,0.632,0.7413146498961878,0.11884855715664062,[0.         0.         0.01129256 0.         0.         0.         0.         0.         0.         0.         0.01112377 0.         0.         0.         0.         0.         0.         0.         0.         0.         0.         0.         0.         0.         0.         0.         0.01129256 0.96629112 0.         0.         0.        ],[0. 0. 1. 0. 0. 0. 0. 0. 0. 0. 1. 0. 0. 0. 0. 0. 0. 0. 0. 0. 0. 0. 0. 0. 0. 0. 1. 1. 0. 0. 0.],4.0,best,1000,1000,100,0.9,0.5,0.9,0.5,0.9,5,0.81,1,4,,run_00,10
340,0.007596149689512086,0.112087,0.003283649914663728,0.636,0.7369700821425638,-6.461714046342813,[0.         0.         0.01129256 0.         0.         0.         0.         0.         0.         0.         0.01112377 0.         0.         0.         0.         0.         0.         0.         0.         0.         0.         0.         0.         0.         0.         0.         0.01129256 0.96629112 0.         0.         0.        ],[0. 0. 1. 0. 0. 0. 0. 0. 0. 0. 1. 0. 0. 0. 0. 0. 0. 0. 0. 0. 0. 0. 0. 0. 0. 0. 1. 1. 0. 0. 0.],4.0,best,1000,1000,100,0.9,0.5,0.9,0.5,0.9,5,0.81,1,4,,run_00,10
350,0.007596149689512086,0.112087,0.003283649914663728,0.64,0.7326509762747511,-2.3978637641122456,[0.         0.         0.01129256 0.         0.         0.         0.         0.         0.         0.         0.01112377 0.         0.         0.         0.         0.         0.         0.         0.         0.         0.         0.         0.         0.         0.         0.         0.01129256 0.96629112 0.         0.         0.        ],[0. 0. 1. 0. 0. 0. 0. 0. 0. 0. 1. 0. 0. 0. 0. 0. 0. 0. 0. 0. 0. 0. 0. 0. 0. 0. 1. 1. 0. 0. 0.],4.0,best,1000,1000,100,0.9,0.5,0.9,0.5,0.9,5,0.81,1,4,,run_00,10
360,0.007596149689512086,0.112087,0.003283649914663728,0.644,0.7283571830701648,1.8698775576732583,[0.         0.         0.01129256 0.         0.         0.         0.         0.         0.         0.         0.01112377 0.         0.         0.         0.         0.         0.         0.         0.         0.         0.         0.         0.         0.         0.         0.         0.01129256 0.96629112 0.         0.         0.        ],[0. 0. 1. 0. 0. 0. 0. 0. 0. 0. 1. 0. 0. 0. 0. 0. 0. 0. 0. 0. 0. 0. 0. 0. 0. 0. 1. 1. 0. 0. 0.],4.0,best,1000,1000,100,0.9,0.5,0.9,0.5,0.9,5,0.81,1,4,,run_00,10
370,0.007596149689512086,0.112087,0.003283649914663728,0.648,0.7240885541807586,-5.095311900776767,[0.         0.         0.01129256 0.         0.         0.         0.         0.         0.         0.         0.01112377 0.         0.         0.         0.         0.         0.         0.         0.         0.         0.         0.         0.         0.         0.         0.         0.01129256 0.96629112 0.         0.         0.        ],[0. 0. 1. 0. 0. 0. 0. 0. 0. 0. 1. 0. 0. 0. 0. 0. 0. 0. 0. 0. 0. 0. 0. 0. 0. 0. 1. 1. 0. 0. 0.],4.0,best,1000,1000,100,0.9,0.5,0.9,0.5,0.9,5,0.81,1,4,,run_00,10
380,0.007596149689512086,0.112087,0.003283649914663728,0.652,0.7198449421278975,-5.079041223200619,[0.         0.         0.01129256 0.         0.         0.         0.         0.         0.         0.         0.01112377 0.         0.         0.         0.         0.         0.         0.         0.         0.         0.         0.         0.         0.         0.         0.         0.01129256 0.96629112 0.         0.         0.        ],[0. 0. 1. 0. 0. 0. 0. 0. 0. 0. 1. 0. 0. 0. 0. 0. 0. 0. 0. 0. 0. 0. 0. 0. 0. 0. 1. 1. 0. 0. 0.],4.0,best,1000,1000,100,0.9,0.5,0.9,0.5,0.9,5,0.81,1,4,,run_00,10
390,0.007596149689512086,0.112087,0.003283649914663728,0.656,0.7156262002972644,-4.7548906415681484,[0.         0.         0.01129256 0.         0.         0.         0.         0.         0.         0.         0.01112377 0.         0.         0.         0.         0.         0.         0.         0.         0.         0.         0.         0.         0.         0.         0.         0.01129256 0.96629112 0.         0.         0.        ],[0. 0. 1. 0. 0. 0. 0. 0. 0. 0. 1. 0. 0. 0. 0. 0. 0. 0. 0. 0. 0. 0. 0. 0. 0. 0. 1. 1. 0. 0. 0.],4.0,best,1000,1000,100,0.9,0.5,0.9,0.5,0.9,5,0.81,1,4,,run_00,10
400,0.007596149689512086,0.112087,0.003283649914663728,0.66,0.7114321829337936,-0.588836700545814,[0.         0.         0.01129256 0.         0.         0.         0.         0.         0.         0.         0.01112377 0.         0.         0.         0.         0.         0.         0.         0.         0.         0.         0.         0.         0.         0.         0.         0.01129256 0.96629112 0.         0.         0.        ],[0. 0. 1. 0. 0. 0. 0. 0. 0. 0. 1. 0. 0. 0. 0. 0. 0. 0. 0. 0. 0. 0. 0. 0. 0. 0. 1. 1. 0. 0. 0.],4.0,best,1000,1000,100,0.9,0.5,0.9,0.5,0.9,5,0.81,1,4,,run_00,10
410,0.007596149689512086,0.112087,0.003283649914663728,0.664,0.7072627451366351,-1.7626752750978927,[0.         0.         0.01129256 0.         0.         0.         0.         0.         0.         0.         0.01112377 0.         0.         0.         0.         0.         0.         0.         0.         0.         0.         0.         0.         0.         0.         0.         0.01129256 0.96629112 0.         0.         0.        ],[0. 0. 1. 0. 0. 0. 0. 0. 0. 0. 1. 0. 0. 0. 0. 0. 0. 0. 0. 0. 0. 0. 0. 0. 0. 0. 1. 1. 0. 0. 0.],4.0,best,1000,1000,100,0.9,0.5,0.9,0.5,0.9,5,0.81,1,4,,run_00,10
420,0.006601017354641753,0.126412,0.0033788452985902013,0.668,0.7031177428541489,2.758266139429307,[0.         0.         0.01183197 0.         0.         0.         0.         0.         0.         0.         0.         0.         0.01270374 0.         0.         0.         0.         0.         0.         0.         0.         0.         0.         0.         0.         0.01237832 0.         0.96308597 0.         0.         0.        ],[0. 0. 1. 0. 0. 0. 0. 0. 0. 0. 0. 0. 1. 0. 0. 0. 0. 0. 0. 0. 0. 0. 0. 0. 0. 1. 0. 1. 0. 0. 0.],4.0,best,1000,1000,100,0.9,0.5,0.9,0.5,0.9,5,0.81,1,4,,run_00,10
430,0.006601017354641753,0.126412,0.0033788452985902013,0.672,0.6989970328789274,1.909180517300721,[0.         0.         0.01183197 0.         0.         0.         0.         0.         0.         0.         0.         0.         0.01270374 0.         0.         0.         0.         0.         0.         0.         0.         0.         0.         0.         0.         0.01237832 0.         0.96308597 0.         0.         0.        ],[0. 0. 1. 0. 0. 0. 0. 0. 0. 0. 0. 0. 1. 0. 0. 0. 0. 0. 0. 0. 0. 0. 0. 0. 0. 1. 0. 1. 0. 0. 0.],4.0,best,1000,1000,100,0.9,0.5,0.9,0.5,0.9,5,0.81,1,4,,run_00,10
440,0.006601017354641753,0.126412,0.0033788452985902013,0.676,0.6949004728428485,-2.2935457354228657,[0.         0.         0.01183197 0.         0.         0.         0.         0.         0.         0.         0.         0.         0.01270374 0.         0.         0.         0.         0.         0.         0.         0.         0.         0.         0.         0.         0.01237832 0.         0.96308597 0.         0.         0.        ],[0. 0. 1. 0. 0. 0. 0. 0. 0. 0. 0. 0. 1. 0. 0. 0. 0. 0. 0. 0. 0. 0. 0. 0. 0. 1. 0. 1. 0. 0. 0.],4.0,best,1000,1000,100,0.9,0.5,0.9,0.5,0.9,5,0.81,1,4,,run_00,10
450,0.006601017354641753,0.126412,0.0033788452985902013,0.68,0.6908279212121557,3.3688685463698564,[0.         0.         0.01183197 0.         0.         0.         0.         0.         0.         0.         0.         0.         0.01270374 0.         0.         0.         0.         0.         0.         0.         0.         0.         0.         0.         0.         0.01237832 0.         0.96308597 0.         0.         0.        ],[0. 0. 1. 0. 0. 0. 0. 0. 0. 0. 0. 0. 1. 0. 0. 0. 0. 0. 0. 0. 0. 0. 0. 0. 0. 1. 0. 1. 0. 0. 0.],4.0,best,1000,1000,100,0.9,0.5,0.9,0.5,0.9,5,0.81,1,4,,run_00,10
460,0.006601017354641753,0.126412,0.0033788452985902013,0.6839999999999999,0.6867792372825697,2.020923348013631,[0.         0.         0.01183197 0.         0.         0.         0.         0.         0.         0.         0.         0.         0.01270374 0.         0.         0.         0.         0.         0.         0.         0.         0.         0.         0.         0.         0.01237832 0.         0.96308597 0.         0.         0.        ],[0. 0. 1. 0. 0. 0. 0. 0. 0. 0. 0. 0. 1. 0. 0. 0. 0. 0. 0. 0. 0. 0. 0. 0. 0. 1. 0. 1. 0. 0. 0.],4.0,best,1000,1000,100,0.9,0.5,0.9,0.5,0.9,5,0.81,1,4,,run_00,10
470,0.006601017354641753,0.126412,0.0033788452985902013,0.688,0.6827542811744257,-1.245793587043585,[0.         0.         0.01183197 0.         0.         0.         0.         0.         0.         0.         0.         0.         0.01270374 0.         0.         0.         0.         0.         0.         0.         0.         0.         0.         0.         0.         0.01237832 0.         0.96308597 0.         0.         0.        ],[0. 0. 1. 0. 0. 0. 0. 0. 0. 0. 0. 0. 1. 0. 0. 0. 0. 0. 0. 0. 0. 0. 0. 0. 0. 1. 0. 1. 0. 0. 0.],4.0,best,1000,1000,100,0.9,0.5,0.9,0.5,0.9,5,0.81,1,4,,run_00,10
480,0.006601017354641753,0.126412,0.0033788452985902013,0.692,0.6787529138278415,-1.0522007520289738,[0.         0.         0.01183197 0.         0.         0.         0.         0.         0.         0.         0.         0.         0.01270374 0.         0.         0.         0.         0.         0.         0.         0.         0.         0.         0.         0.         0.01237832 0.         0.96308597 0.         0.         0.        ],[0. 0. 1. 0. 0. 0. 0. 0. 0. 0. 0. 0. 1. 0. 0. 0. 0. 0. 0. 0. 0. 0. 0. 0. 0. 1. 0. 1. 0. 0. 0.],4.0,best,1000,1000,100,0.9,0.5,0.9,0.5,0.9,5,0.81,1,4,,run_00,10
490,0.006601017354641753,0.126412,0.0033788452985902013,0.696,0.6747749969979128,-6.324582023443481,[0.         0.         0.01183197 0.         0.         0.         0.         0.         0.         0.         0.         0.         0.01270374 0.         0.         0.         0.         0.         0.         0.         0.         0.         0.         0.         0.         0.01237832 0.         0.96308597 0.         0.         0.        ],[0. 0. 1. 0. 0. 0. 0. 0. 0. 0. 0. 0. 1. 0. 0. 0. 0. 0. 0. 0. 0. 0. 0. 0. 0. 1. 0. 1. 0. 0. 0.],4.0,best,1000,1000,100,0.9,0.5,0.9,0.5,0.9,5,0.81,1,4,,run_00,10
500,0.006601017354641753,0.126412,0.0033788452985902013,0.7,0.6708203932499369,3.950257847186637,[0.         0.         0.01183197 0.         0.         0.         0.         0.         0.         0.         0.         0.         0.01270374 0.         0.         0.         0.         0.         0.         0.         0.         0.         0.         0.         0.         0.01237832 0.         0.96308597 0.         0.         0.        ],[0. 0. 1. 0. 0. 0. 0. 0. 0. 0. 0. 0. 1. 0. 0. 0. 0. 0. 0. 0. 0. 0. 0. 0. 0. 1. 0. 1. 0. 0. 0.],4.0,best,1000,1000,100,0.9,0.5,0.9,0.5,0.9,5,0.81,1,4,,run_00,10
510,0.006601017354641753,0.126412,0.0033788452985902013,0.704,0.6668889659546647,-0.21620372970738172,[0.         0.         0.01183197 0.         0.         0.         0.         0.         0.         0.         0.         0.         0.01270374 0.         0.         0.         0.         0.         0.         0.         0.         0.         0.         0.         0.         0.01237832 0.         0.96308597 0.         0.         0.        ],[0. 0. 1. 0. 0. 0. 0. 0. 0. 0. 0. 0. 1. 0. 0. 0. 0. 0. 0. 0. 0. 0. 0. 0. 0. 1. 0. 1. 0. 0. 0.],4.0,best,1000,1000,100,0.9,0.5,0.9,0.5,0.9,5,0.81,1,4,,run_00,10
520,0.006601017354641753,0.126412,0.0033788452985902013,0.708,0.6629805792835798,-5.18886524799924,[0.         0.         0.01183197 0.         0.         0.         0.         0.         0.         0.         0.         0.         0.01270374 0.         0.         0.         0.         0.         0.         0.         0.         0.         0.         0.         0.         0.01237832 0.         0.96308597 0.         0.         0.        ],[0. 0. 1. 0. 0. 0. 0. 0. 0. 0. 0. 0. 1. 0. 0. 0. 0. 0. 0. 0. 0. 0. 0. 0. 0. 1. 0. 1. 0. 0. 0.],4.0,best,1000,1000,100,0.9,0.5,0.9,0.5,0.9,5,0.81,1,4,,run_00,10
530,0.006601017354641753,0.126412,0.0033788452985902013,0.712,0.6590950982042059,4.385731289675723,[0.         0.         0.01183197 0.         0.         0.         0.         0.         0.         0.         0.         0.         0.01270374 0.         0.         0.         0.         0.         0.         0.         0.         0.         0.         0.         0.         0.01237832 0.         0.96308597 0.         0.         0.        ],[0. 0. 1. 0. 0. 0. 0. 0. 0. 0. 0. 0. 1. 0. 0. 0. 0. 0. 0. 0. 0. 0. 0. 0. 0. 1. 0. 1. 0. 0. 0.],4.0,best,1000,1000,100,0.9,0.5,0.9,0.5,0.9,5,0.81,1,4,,run_00,10
540,0.006601017354641753,0.126412,0.0033788452985902013,0.716,0.6552323884754414,-1.2077974348883513,[0.         0.         0.01183197 0.         0.         0.         0.         0.         0.         0.         0.         0.         0.01270374 0.         0.         0.         0.         0.         0.         0.         0.         0.         0.         0.         0.         0.01237832 0.         0.96308597 0.         0.         0.        ],[0. 0. 1. 0. 0. 0. 0. 0. 0. 0. 0. 0. 1. 0. 0. 0. 0. 0. 0. 0. 0. 0. 0. 0. 0. 1. 0. 1. 0. 0. 0.],4.0,best,1000,1000,100,0.9,0.5,0.9,0.5,0.9,5,0.81,1,4,,run_00,10
550,0.006601017354641753,0.126412,0.0033788452985902013,0.72,0.651392316642922,2.6113990862682654,[0.         0.         0.01183197 0.         0.         0.         0.         0.         0.         0.         0.         0.         0.01270374 0.         0.         0.         0.         0.         0.         0.         0.         0.         0.         0.         0.         0.01237832 0.         0.96308597 0.         0.         0.        ],[0. 0. 1. 0. 0. 0. 0. 0. 0. 0. 0. 0. 1. 0. 0. 0. 0. 0. 0. 0. 0. 0. 0. 0. 0. 1. 0. 1. 0. 0. 0.],4.0,best,1000,1000,100,0.9,0.5,0.9,0.5,0.9,5,0.81,1,4,,run_00,10
560,0.006601017354641753,0.126412,0.0033788452985902013,0.724,0.6475747500344088,-4.543573644662272,[0.         0.         0.01183197 0.         0.         0.         0.         0.         0.         0.         0.         0.         0.01270374 0.         0.         0.         0.         0.         0.         0.         0.         0.         0.         0.         0.         0.01237832 0.         0.96308597 0.         0.         0.        ],[0. 0. 1. 0. 0. 0. 0. 0. 0. 0. 0. 0. 1. 0. 0. 0. 0. 0. 0. 0. 0. 0. 0. 0. 0. 1. 0. 1. 0. 0. 0.],4.0,best,1000,1000,100,0.9,0.5,0.9,0.5,0.9,5,0.81,1,4,,run_00,10
570,0.005377881183353304,0.122215,0.004360638168436298,0.728,0.643779556755206,-5.901161029282494,[0.         0.         0.         0.         0.96005067 0.         0.         0.         0.01173787 0.         0.01647359 0.         0.         0.         0.         0.         0.         0.         0.         0.         0.         0.         0.         0.         0.         0.01173787 0.         0.         0.         0.         0.        ],[0. 0. 0. 0. 1. 0. 0. 0. 1. 0. 1. 0. 0. 0. 0. 0. 0. 0. 0. 0. 0. 0. 0. 0. 0. 1. 0. 0. 0. 0. 0.],4.0,best,1000,1000,100,0.9,0.5,0.9,0.5,0.9,5,0.81,1,4,,run_00,10
580,0.005377881183353304,0.122215,0.004360638168436298,0.732,0.6400066056836028,6.482411310786763,[0.         0.         0.         0.         0.96005067 0.         0.         0.         0.01173787 0.         0.01647359 0.         0.         0.         0.         0.         0.         0.         0.         0.         0.         0.         0.         0.         0.         0.01173787 0.         0.         0.         0.         0.        ],[0. 0. 0. 0. 1. 0. 0. 0. 1. 0. 1. 0. 0. 0. 0. 0. 0. 0. 0. 0. 0. 0. 0. 0. 0. 1. 0. 0. 0. 0. 0.],4.0,best,1000,1000,100,0.9,0.5,0.9,0.5,0.9,5,0.81,1,4,,run_00,10
590,0.005377881183353304,0.122215,0.004360638168436298,0.736,0.6362557664663436,5.384869699116261,[0.         0.         0.         0.         0.96005067 0.         0.         0.         0.01173787 0.         0.01647359 0.         0.         0.         0.         0.         0.         0.         0.         0.         0.         0.         0.         0.         0.         0.01173787 0.         0.         0.         0.         0.        ],[0. 0. 0. 0. 1. 0. 0. 0. 1. 0. 1. 0. 0. 0. 0. 0. 0. 0. 0. 0. 0. 0. 0. 0. 0. 1. 0. 0. 0. 0. 0.],4.0,best,1000,1000,100,0.9,0.5,0.9,0.5,0.9,5,0.81,1,4,,run_00,10
600,0.005377881183353304,0.122215,0.004360638168436298,0.74,0.632526909514125,3.3383496427030095,[0.         0.         0.         0.         0.96005067 0.         0.         0.         0.01173787 0.         0.01647359 0.         0.         0.         0.         0.         0.         0.         0.         0.         0.         0.         0.         0.         0.         0.01173787 0.         0.         0.         0.         0.        ],[0. 0. 0. 0. 1. 0. 0. 0. 1. 0. 1. 0. 0. 0. 0. 0. 0. 0. 0. 0. 0. 0. 0. 0. 0. 1. 0. 0. 0. 0. 0.],4.0,best,1000,1000,100,0.9,0.5,0.9,0.5,0.9,5,0.81,1,4,,run_00,10
610,0.005377881183353304,0.122215,0.004360638168436298,0.744,0.6288199059971173,2.9554363115428144,[0.         0.         0.         0.         0.96005067 0.         0.         0.         0.01173787 0.         0.01647359 0.         0.         0.         0.         0.         0.         0.         0.         0.         0.         0.         0.         0.         0.         0.01173787 0.         0.         0.         0.         0.        ],[0. 0. 0. 0. 1. 0. 0. 0. 1. 0. 1. 0. 0. 0. 0. 0. 0. 0. 0. 0. 0. 0. 0. 0. 0. 1. 0. 0. 0. 0. 0.],4.0,best,1000,1000,100,0.9,0.5,0.9,0.5,0.9,5,0.81,1,4,,run_00,10
620,0.005377881183353304,0.122215,0.004360638168436298,0.748,0.6251346278405147,-0.03269890272554632,[0.         0.         0.         0.         0.96005067 0.         0.         0.         0.01173787 0.         0.01647359 0.         0.         0.         0.         0.         0.         0.         0.         0.         0.         0.         0.         0.         0.         0.01173787 0.         0.         0.         0.         0.        ],[0. 0. 0. 0. 1. 0. 0. 0. 1. 0. 1. 0. 0. 0. 0. 0. 0. 0. 0. 0. 0. 0. 0. 0. 0. 1. 0. 0. 0. 0. 0.],4.0,best,1000,1000,100,0.9,0.5,0.9,0.5,0.9,5,0.81,1,4,,run_00,10
630,0.005377881183353304,0.122215,0.004360638168436298,0.752,0.6214709477201097,2.6869256689484486,[0.         0.         0.         0.         0.96005067 0.         0.         0.         0.01173787 0.         0.01647359 0.         0.         0.         0.         0.         0.         0.         0.         0.         0.         0.         0.         0.         0.         0.01173787 0.         0.         0.         0.         0.        ],[0. 0. 0. 0. 1. 0. 0. 0. 1. 0. 1. 0. 0. 0. 0. 0. 0. 0. 0. 0. 0. 0. 0. 0. 0. 1. 0. 0. 0. 0. 0.],4.0,best,1000,1000,100,0.9,0.5,0.9,0.5,0.9,5,0.81,1,4,,run_00,10
640,0.005377881183353304,0.122215,0.004360638168436298,0.756,0.6178287390578946,-2.6294410959361616,[0.         0.         0.         0.         0.96005067 0.         0.         0.         0.01173787 0.         0.01647359 0.         0.         0.         0.         0.         0.         0.         0.         0.         0.         0.         0.         0.         0.         0.01173787 0.         0.         0.         0.         0.        ],[0. 0. 0. 0. 1. 0. 0. 0. 1. 0. 1. 0. 0. 0. 0. 0. 0. 0. 0. 0. 0. 0. 0. 0. 0. 1. 0. 0. 0. 0. 0.],4.0,best,1000,1000,100,0.9,0.5,0.9,0.5,0.9,5,0.81,1,4,,run_00,10
650,0.005377881183353304,0.122215,0.004360638168436298,0.76,0.6142078760176877,0.19808814351178347,[0.         0.         0.         0.         0.96005067 0.         0.         0.         0.01173787 0.         0.01647359 0.         0.         0.         0.         0.         0.         0.         0.         0.         0.         0.         0.         0.         0.         0.01173787 0.         0.         0.         0.         0.        ],[0. 0. 0. 0. 1. 0. 0. 0. 1. 0. 1. 0. 0. 0. 0. 0. 0. 0. 0. 0. 0. 0. 0. 0. 0. 1. 0. 0. 0. 0. 0.],4.0,best,1000,1000,100,0.9,0.5,0.9,0.5,0.9,5,0.81,1,4,,run_00,10
660,0.005377881183353304,0.122215,0.004360638168436298,0.764,0.6106082335007861,-5.43725665478016,[0.         0.         0.         0.         0.96005067 0.         0.         0.         0.01173787 0.         0.01647359 0.         0.         0.         0.         0.         0.         0.         0.         0.         0.         0.         0.         0.         0.         0.01173787 0.         0.         0.         0.         0.        ],[0. 0. 0. 0. 1. 0. 0. 0. 1. 0. 1. 0. 0. 0. 0. 0. 0. 0. 0. 0. 0. 0. 0. 0. 0. 1. 0. 0. 0. 0. 0.],4.0,best,1000,1000,100,0.9,0.5,0.9,0.5,0.9,5,0.81,1,4,,run_00,10
670,0.005377881183353304,0.122215,0.004360638168436298,0.768,0.6070296871416437,2.6810759605606864,[0.         0.         0.         0.         0.96005067 0.         0.         0.         0.01173787 0.         0.01647359 0.         0.         0.         0.         0.         0.         0.         0.         0.         0.         0.         0.         0.         0.         0.01173787 0.         0.         0.         0.         0.        ],[0. 0. 0. 0. 1. 0. 0. 0. 1. 0. 1. 0. 0. 0. 0. 0. 0. 0. 0. 0. 0. 0. 0. 0. 0. 1. 0. 0. 0. 0. 0.],4.0,best,1000,1000,100,0.9,0.5,0.9,0.5,0.9,5,0.81,1,4,,run_00,10
680,0.005377881183353304,0.122215,0.004360638168436298,0.772,0.6034721133035746,2.644190642707064,[0.         0.         0.         0.         0.96005067 0.         0.         0.         0.01173787 0.         0.01647359 0.         0.         0.         0.         0.         0.         0.         0.         0.         0.         0.         0.         0.         0.         0.01173787 0.         0.         0.         0.         0.        ],[0. 0. 0. 0. 1. 0. 0. 0. 1. 0. 1. 0. 0. 0. 0. 0. 0. 0. 0. 0. 0. 0. 0. 0. 0. 1. 0. 0. 0. 0. 0.],4.0,best,1000,1000,100,0.9,0.5,0.9,0.5,0.9,5,0.81,1,4,,run_00,10
690,0.005377881183353304,0.122215,0.004360638168436298,0.776,0.5999353890744809,1.3569882747136863,[0.         0.         0.         0.         0.96005067 0.         0.         0.         0.01173787 0.         0.01647359 0.         0.         0.         0.         0.         0.         0.         0.         0.         0.         0.         0.         0.         0.         0.01173787 0.         0.         0.         0.         0.        ],[0. 0. 0. 0. 1. 0. 0. 0. 1. 0. 1. 0. 0. 0. 0. 0. 0. 0. 0. 0. 0. 0. 0. 0. 0. 1. 0. 0. 0. 0. 0.],4.0,best,1000,1000,100,0.9,0.5,0.9,0.5,0.9,5,0.81,1,4,,run_00,10
700,0.005377881183353304,0.122215,0.004360638168436298,0.78,0.5964193922626065,-0.5586128836193878,[0.         0.         0.         0.         0.96005067 0.         0.         0.         0.01173787 0.         0.01647359 0.         0.         0.         0.         0.         0.         0.         0.         0.         0.         0.         0.         0.         0.         0.01173787 0.         0.         0.         0.         0.        ],[0. 0. 0. 0. 1. 0. 0. 0. 1. 0. 1. 0. 0. 0. 0. 0. 0. 0. 0. 0. 0. 0. 0. 0. 0. 1. 0. 0. 0. 0. 0.],4.0,best,1000,1000,100,0.9,0.5,0.9,0.5,0.9,5,0.81,1,4,,run_00,10
710,0.005377881183353304,0.122215,0.004360638168436298,0.784,0.5929240013923155,-0.42548726433470424,[0.         0.         0.         0.         0.96005067 0.         0.         0.         0.01173787 0.         0.01647359 0.         0.         0.         0.         0.         0.         0.         0.         0.         0.         0.         0.         0.         0.         0.01173787 0.         0.         0.         0.         0.        ],[0. 0. 0. 0. 1. 0. 0. 0. 1. 0. 1. 0. 0. 0. 0. 0. 0. 0. 0. 0. 0. 0. 0. 0. 0. 1. 0. 0. 0. 0. 0.],4.0,best,1000,1000,100,0.9,0.5,0.9,0.5,0.9,5,0.81,1,4,,run_00,10
720,0.005377881183353304,0.122215,0.004360638168436298,0.788,0.5894490956998952,-2.50363786470326,[0.         0.         0.         0.         0.96005067 0.         0.         0.         0.01173787 0.         0.01647359 0.         0.         0.         0.         0.         0.         0.         0.         0.         0.         0.         0.         0.         0.         0.01173787 0.         0.         0.         0.         0.        ],[0. 0. 0. 0. 1. 0. 0. 0. 1. 0. 1. 0. 0. 0. 0. 0. 0. 0. 0. 0. 0. 0. 0. 0. 0. 1. 0. 0. 0. 0. 0.],4.0,best,1000,1000,100,0.9,0.5,0.9,0.5,0.9,5,0.81,1,4,,run_00,10
730,0.005377881183353304,0.122215,0.004360638168436298,0.792,0.5859945551293843,0.3978319666192668,[0.         0.         0.         0.         0.96005067 0.         0.         0.         0.01173787 0.         0.01647359 0.         0.         0.         0.         0.         0.         0.         0.         0.         0.         0.         0.         0.         0.         0.01173787 0.         0.         0.         0.         0.        ],[0. 0. 0. 0. 1. 0. 0. 0. 1. 0. 1. 0. 0. 0. 0. 0. 0. 0. 0. 0. 0. 0. 0. 0. 0. 1. 0. 0. 0. 0. 0.],4.0,best,1000,1000,100,0.9,0.5,0.9,0.5,0.9,5,0.81,1,4,,run_00,10
740,0.005377881183353304,0.122215,0.004360638168436298,0.796,0.5825602603284237,0.13165019698314734,[0.         0.         0.         0.         0.96005067 0.         0.         0.         0.01173787 0.         0.01647359 0.         0.         0.         0.         0.         0.         0.         0.         0.         0.         0.         0.         0.         0.         0.01173787 0.         0.         0.         0.         0.        ],[0. 0. 0. 0. 1. 0. 0. 0. 1. 0. 1. 0. 0. 0. 0. 0. 0. 0. 0. 0. 0. 0. 0. 0. 0. 1. 0. 0. 0. 0. 0.],4.0,best,1000,1000,100,0.9,0.5,0.9,0.5,0.9,5,0.81,1,4,,run_00,10
750,0.005377881183353304,0.122215,0.004360638168436298,0.8,0.5791460926441346,1.9822655635611213,[0.         0.         0.         0.         0.96005067 0.         0.         0.         0.01173787 0.         0.01647359 0.         0.         0.         0.         0.         0.         0.         0.         0.         0.         0.         0.         0.         0.         0.01173787 0.         0.         0.         0.         0.        ],[0. 0. 0. 0. 1. 0. 0. 0. 1. 0. 1. 0. 0. 0. 0. 0. 0. 0. 0. 0. 0. 0. 0. 0. 0. 1. 0. 0. 0. 0. 0.],4.0,best,1000,1000,100,0.9,0.5,0.9,0.5,0.9,5,0.81,1,4,,run_00,10
760,0.003841019737529559,0.121839,0.0033746599095291316,0.804,0.5757519341190179,-0.13689221946516203,[0.         0.         0.         0.         0.01199942 0.         0.         0.         0.01199942 0.         0.         0.         0.         0.         0.         0.         0.         0.         0.         0.         0.         0.         0.         0.         0.         0.96400175 0.         0.01199942 0.         0.         0.        ],[0. 0. 0. 0. 1. 0. 0. 0. 1. 0. 0. 0. 0. 0. 0. 0. 0. 0. 0. 0. 0. 0. 0. 0. 0. 1. 0. 1. 0. 0. 0.],4.0,best,1000,1000,100,0.9,0.5,0.9,0.5,0.9,5,0.81,1,4,,run_00,10
770,0.003841019737529559,0.121839,0.0033746599095291316,0.808,0.5723776674868795,3.007895336553979,[0.         0.         0.         0.         0.01199942 0.         0.         0.         0.01199942 0.         0.         0.         0.         0.         0.         0.         0.         0.         0.         0.         0.         0.         0.         0.         0.         0.96400175 0.         0.01199942 0.         0.         0.        ],[0. 0. 0. 0. 1. 0. 0. 0. 1. 0. 0. 0. 0. 0. 0. 0. 0. 0. 0. 0. 0. 0. 0. 0. 0. 1. 0. 1. 0. 0. 0.],4.0,best,1000,1000,100,0.9,0.5,0.9,0.5,0.9,5,0.81,1,4,,run_00,10
780,0.003841019737529559,0.121839,0.0033746599095291316,0.812,0.5690231761687783,3.9056278984107524,[0.         0.         0.         0.         0.01199942 0.         0.         0.         0.01199942 0.         0.         0.         0.         0.         0.         0.         0.         0.         0.         0.         0.         0.         0.         0.         0.         0.96400175 0.         0.01199942 0.         0.         0.        ],[0. 0. 0. 0. 1. 0. 0. 0. 1. 0. 0. 0. 0. 0. 0. 0. 0. 0. 0. 0. 0. 0. 0. 0. 0. 1. 0. 1. 0. 0. 0.],4.0,best,1000,1000,100,0.9,0.5,0.9,0.5,0.9,5,0.81,1,4,,run_00,10
790,0.003841019737529559,0.121839,0.0033746599095291316,0.8160000000000001,0.5656883442689989,2.5703489797063592,[0.         0.         0.         0.         0.01199942 0.         0.         0.         0.01199942 0.         0.         0.         0.         0.         0.         0.         0.         0.         0.         0.         0.         0.         0.         0.         0.         0.96400175 0.         0.01199942 0.         0.         0.        ],[0. 0. 0. 0. 1. 0. 0. 0. 1. 0. 0. 0. 0. 0. 0. 0. 0. 0. 0. 0. 0. 0. 0. 0. 0. 1. 0. 1. 0. 0. 0.],4.0,best,1000,1000,100,0.9,0.5,0.9,0.5,0.9,5,0.81,1,4,,run_00,10
800,0.003841019737529559,0.121839,0.0033746599095291316,0.8200000000000001,0.5623730565710474,-0.8768825067669372,[0.         0.         0.         0.         0.01199942 0.         0.         0.         0.01199942 0.         0.         0.         0.         0.         0.         0.         0.         0.         0.         0.         0.         0.         0.         0.         0.         0.96400175 0.         0.01199942 0.         0.         0.        ],[0. 0. 0. 0. 1. 0. 0. 0. 1. 0. 0. 0. 0. 0. 0. 0. 0. 0. 0. 0. 0. 0. 0. 0. 0. 1. 0. 1. 0. 0. 0.],4.0,best,1000,1000,100,0.9,0.5,0.9,0.5,0.9,5,0.81,1,4,,run_00,10
810,0.003841019737529559,0.121839,0.0033746599095291316,0.8240000000000001,0.5590771985336707,-0.771954558973087,[0.         0.         0.         0.         0.01199942 0.         0.         0.         0.01199942 0.         0.         0.         0.         0.         0.         0.         0.         0.         0.         0.         0.         0.         0.         0.         0.         0.96400175 0.         0.01199942 0.         0.         0.        ],[0. 0. 0. 0. 1. 0. 0. 0. 1. 0. 0. 0. 0. 0. 0. 0. 0. 0. 0. 0. 0. 0. 0. 0. 0. 1. 0. 1. 0. 0. 0.],4.0,best,1000,1000,100,0.9,0.5,0.9,0.5,0.9,5,0.81,1,4,,run_00,10
820,0.003841019737529559,0.121839,0.0033746599095291316,0.8280000000000001,0.5558006562868987,-1.9116372284303658,[0.         0.         0.         0.         0.01199942 0.         0.         0.         0.01199942 0.         0.         0.         0.         0.         0.         0.         0.         0.         0.         0.         0.         0.         0.         0.         0.         0.96400175 0.         0.01199942 0.         0.         0.        ],[0. 0. 0. 0. 1. 0. 0. 0. 1. 0. 0. 0. 0. 0. 0. 0. 0. 0. 0. 0. 0. 0. 0. 0. 0. 1. 0. 1. 0. 0. 0.],4.0,best,1000,1000,100,0.9,0.5,0.9,0.5,0.9,5,0.81,1,4,,run_00,10
830,0.003841019737529559,0.121839,0.0033746599095291316,0.8320000000000001,0.5525433166281112,-2.3758203857832636,[0.         0.         0.         0.         0.01199942 0.         0.         0.         0.01199942 0.         0.         0.         0.         0.         0.         0.         0.         0.         0.         0.         0.         0.         0.         0.         0.         0.96400175 0.         0.01199942 0.         0.         0.        ],[0. 0. 0. 0. 1. 0. 0. 0. 1. 0. 0. 0. 0. 0. 0. 0. 0. 0. 0. 0. 0. 0. 0. 0. 0. 1. 0. 1. 0. 0. 0.],4.0,best,1000,1000,100,0.9,0.5,0.9,0.5,0.9,5,0.81,1,4,,run_00,10
840,0.003841019737529559,0.121839,0.0033746599095291316,0.8360000000000001,0.5493050670181255,-2.961532694919117,[0.         0.         0.         0.         0.01199942 0.         0.         0.         0.01199942 0.         0.         0.         0.         0.         0.         0.         0.         0.         0.         0.         0.         0.         0.         0.         0.         0.96400175 0.         0.01199942 0.         0.         0.        ],[0. 0. 0. 0. 1. 0. 0. 0. 1. 0. 0. 0. 0. 0. 0. 0. 0. 0. 0. 0. 0. 0. 0. 0. 0. 1. 0. 1. 0. 0. 0.],4.0,best,1000,1000,100,0.9,0.5,0.9,0.5,0.9,5,0.81,1,4,,run_00,10
850,0.003841019737529559,0.121839,0.0033746599095291316,0.8400000000000001,0.5460857955773097,-0.03965044104656788,[0.         0.         0.         0.         0.01199942 0.         0.         0.         0.01199942 0.         0.         0.         0.         0.         0.         0.         0.         0.         0.         0.         0.         0.         0.         0.         0.         0.96400175 0.         0.01199942 0.         0.         0.        ],[0. 0. 0. 0. 1. 0. 0. 0. 1. 0. 0. 0. 0. 0. 0. 0. 0. 0. 0. 0. 0. 0. 0. 0. 0. 1. 0. 1. 0. 0. 0.],4.0,best,1000,1000,100,0.9,0.5,0.9,0.5,0.9,5,0.81,1,4,,run_00,10
860,0.003841019737529559,0.121839,0.0033746599095291316,0.8440000000000001,0.542885391081716,2.2808417642896246,[0.         0.         0.         0.         0.01199942 0.         0.         0.         0.01199942 0.         0.         0.         0.         0.         0.         0.         0.         0.         0.         0.         0.         0.         0.         0.         0.         0.96400175 0.         0.01199942 0.         0.         0.        ],[0. 0. 0. 0. 1. 0. 0. 0. 1. 0. 0. 0. 0. 0. 0. 0. 0. 0. 0. 0. 0. 0. 0. 0. 0. 1. 0. 1. 0. 0. 0.],4.0,best,1000,1000,100,0.9,0.5,0.9,0.5,0.9,5,0.81,1,4,,run_00,10
870,0.003841019737529559,0.121839,0.0033746599095291316,0.8480000000000001,0.5397037429592386,1.903713451133717,[0.         0.         0.         0.         0.01199942 0.         0.         0.         0.01199942 0.         0.         0.         0.         0.         0.         0.         0.         0.         0.         0.         0.         0.         0.         0.         0.         0.96400175 0.         0.01199942 0.         0.         0.        ],[0. 0. 0. 0. 1. 0. 0. 0. 1. 0. 0. 0. 0. 0. 0. 0. 0. 0. 0. 0. 0. 0. 0. 0. 0. 1. 0. 1. 0. 0. 0.],4.0,best,1000,1000,100,0.9,0.5,0.9,0.5,0.9,5,0.81,1,4,,run_00,10
880,0.003841019737529559,0.121839,0.0033746599095291316,0.8520000000000001,0.5365407412857937,-6.101231121637144,[0.         0.         0.         0.         0.01199942 0.         0.         0.         0.01199942 0.         0.         0.         0.         0.         0.         0.         0.         0.         0.         0.         0.         0.         0.         0.         0.         0.96400175 0.         0.01199942 0.         0.         0.        ],[0. 0. 0. 0. 1. 0. 0. 0. 1. 0. 0. 0. 0. 0. 0. 0. 0. 0. 0. 0. 0. 0. 0. 0. 0. 1. 0. 1. 0. 0. 0.],4.0,best,1000,1000,100,0.9,0.5,0.9,0.5,0.9,5,0.81,1,4,,run_00,10
890,0.003841019737529559,0.121839,0.0033746599095291316,0.8560000000000001,0.5333962767815212,0.5796725198427551,[0.         0.         0.         0.         0.01199942 0.         0.         0.         0.01199942 0.         0.         0.         0.         0.         0.         0.         0.         0.         0.         0.         0.         0.         0.         0.         0.         0.96400175 0.         0.01199942 0.         0.         0.        ],[0. 0. 0. 0. 1. 0. 0. 0. 1. 0. 0. 0. 0. 0. 0. 0. 0. 0. 0. 0. 0. 0. 0. 0. 0. 1. 0. 1. 0. 0. 0.],4.0,best,1000,1000,100,0.9,0.5,0.9,0.5,0.9,5,0.81,1,4,,run_00,10
900,0.003841019737529559,0.121839,0.0033746599095291316,0.8600000000000001,0.5302702408070095,0.1377708158524951,[0.         0.         0.         0.         0.01199942 0.         0.         0.         0.01199942 0.         0.         0.         0.         0.         0.         0.         0.         0.         0.         0.         0.         0.         0.         0.         0.         0.96400175 0.         0.01199942 0.         0.         0.        ],[0. 0. 0. 0. 1. 0. 0. 0. 1. 0. 0. 0. 0. 0. 0. 0. 0. 0. 0. 0. 0. 0. 0. 0. 0. 1. 0. 1. 0. 0. 0.],4.0,best,1000,1000,100,0.9,0.5,0.9,0.5,0.9,5,0.81,1,4,,run_00,10
910,0.003841019737529559,0.121839,0.0033746599095291316,0.864,0.5271625253595417,-1.7871923986639071,[0.         0.         0.         0.         0.01199942 0.         0.         0.         0.01199942 0.         0.         0.         0.         0.         0.         0.         0.         0.         0.         0.         0.         0.         0.         0.         0.         0.96400175 0.         0.01199942 0.         0.         0.        ],[0. 0. 0. 0. 1. 0. 0. 0. 1. 0. 0. 0. 0. 0. 0. 0. 0. 0. 0. 0. 0. 0. 0. 0. 0. 1. 0. 1. 0. 0. 0.],4.0,best,1000,1000,100,0.9,0.5,0.9,0.5,0.9,5,0.81,1,4,,run_00,10
920,0.003841019737529559,0.121839,0.0033746599095291316,0.868,0.5240730230693647,-2.804118515568221,[0.         0.         0.         0.         0.01199942 0.         0.         0.         0.01199942 0.         0.         0.         0.         0.         0.         0.         0.         0.         0.         0.         0.         0.         0.         0.         0.         0.96400175 0.         0.01199942 0.         0.         0.        ],[0. 0. 0. 0. 1. 0. 0. 0. 1. 0. 0. 0. 0. 0. 0. 0. 0. 0. 0. 0. 0. 0. 0. 0. 0. 1. 0. 1. 0. 0. 0.],4.0,best,1000,1000,100,0.9,0.5,0.9,0.5,0.9,5,0.81,1,4,,run_00,10
930,0.003841019737529559,0.121839,0.0033746599095291316,0.872,0.5210016271959792,-1.72107915767955,[0.         0.         0.         0.         0.01199942 0.         0.         0.         0.01199942 0.         0.         0.         0.         0.         0.         0.         0.         0.         0.         0.         0.         0.         0.         0.         0.         0.96400175 0.         0.01199942 0.         0.         0.        ],[0. 0. 0. 0. 1. 0. 0. 0. 1. 0. 0. 0. 0. 0. 0. 0. 0. 0. 0. 0. 0. 0. 0. 0. 0. 1. 0. 1. 0. 0. 0.],4.0,best,1000,1000,100,0.9,0.5,0.9,0.5,0.9,5,0.81,1,4,,run_00,10
940,0.003841019737529559,0.121839,0.0033746599095291316,0.876,0.5179482316244519,2.8699421555807154,[0.         0.         0.         0.         0.01199942 0.         0.         0.         0.01199942 0.         0.         0.         0.         0.         0.         0.         0.         0.         0.         0.         0.         0.         0.         0.         0.         0.96400175 0.         0.01199942 0.         0.         0.        ],[0. 0. 0. 0. 1. 0. 0. 0. 1. 0. 0. 0. 0. 0. 0. 0. 0. 0. 0. 0. 0. 0. 0. 0. 0. 1. 0. 1. 0. 0. 0.],4.0,best,1000,1000,100,0.9,0.5,0.9,0.5,0.9,5,0.81,1,4,,run_00,10
950,0.003841019737529559,0.121839,0.0033746599095291316,0.88,0.5149127308617497,5.777434324806431,[0.         0.         0.         0.         0.01199942 0.         0.         0.         0.01199942 0.         0.         0.         0.         0.         0.         0.         0.         0.         0.         0.         0.         0.         0.         0.         0.         0.96400175 0.         0.01199942 0.         0.         0.        ],[0. 0. 0. 0. 1. 0. 0. 0. 1. 0. 0. 0. 0. 0. 0. 0. 0. 0. 0. 0. 0. 0. 0. 0. 0. 1. 0. 1. 0. 0. 0.],4.0,best,1000,1000,100,0.9,0.5,0.9,0.5,0.9,5,0.81,1,4,,run_00,10
960,0.003841019737529559,0.121839,0.0033746599095291316,0.884,0.5118950200330946,0.9826363761118028,[0.         0.         0.         0.         0.01199942 0.         0.         0.         0.01199942 0.         0.         0.         0.         0.         0.         0.         0.         0.         0.         0.         0.         0.         0.         0.         0.         0.96400175 0.         0.01199942 0.         0.         0.        ],[0. 0. 0. 0. 1. 0. 0. 0. 1. 0. 0. 0. 0. 0. 0. 0. 0. 0. 0. 0. 0. 0. 0. 0. 0. 1. 0. 1. 0. 0. 0.],4.0,best,1000,1000,100,0.9,0.5,0.9,0.5,0.9,5,0.81,1,4,,run_00,10
970,0.003841019737529559,0.121839,0.0033746599095291316,0.888,0.5088949948783402,2.8692171048850814,[0.         0.         0.         0.         0.01199942 0.         0.         0.         0.01199942 0.         0.         0.         0.         0.         0.         0.         0.         0.         0.         0.         0.         0.         0.         0.         0.         0.96400175 0.         0.01199942 0.         0.         0.        ],[0. 0. 0. 0. 1. 0. 0. 0. 1. 0. 0. 0. 0. 0. 0. 0. 0. 0. 0. 0. 0. 0. 0. 0. 0. 1. 0. 1. 0. 0. 0.],4.0,best,1000,1000,100,0.9,0.5,0.9,0.5,0.9,5,0.81,1,4,,run_00,10
980,0.003841019737529559,0.121839,0.0033746599095291316,0.892,0.5059125517483702,4.719180375137302,[0.         0.         0.         0.         0.01199942 0.         0.         0.         0.01199942 0.         0.         0.         0.         0.         0.         0.         0.         0.         0.         0.         0.         0.         0.         0.         0.         0.96400175 0.         0.01199942 0.         0.         0.        ],[0. 0. 0. 0. 1. 0. 0. 0. 1. 0. 0. 0. 0. 0. 0. 0. 0. 0. 0. 0. 0. 0. 0. 0. 0. 1. 0. 1. 0. 0. 0.],4.0,best,1000,1000,100,0.9,0.5,0.9,0.5,0.9,5,0.81,1,4,,run_00,10
990,0.003841019737529559,0.121839,0.0033746599095291316,0.896,0.5029475876015165,1.5932345480542707,[0.         0.         0.         0.         0.01199942 0.         0.         0.         0.01199942 0.         0.         0.         0.         0.         0.         0.         0.         0.         0.         0.         0.         0.         0.         0.         0.         0.96400175 0.         0.01199942 0.         0.         0.        ],[0. 0. 0. 0. 1. 0. 0. 0. 1. 0. 0. 0. 0. 0. 0. 0. 0. 0. 0. 0. 0. 0. 0. 0. 0. 1. 0. 1. 0. 0. 0.],4.0,best,1000,1000,100,0.9,0.5,0.9,0.5,0.9,5,0.81,1,4,,run_00,10
999,0.003841019737529559,0.121839,0.0033746599095291316,0.8996,0.5002939797226674,3.7526636531623483,[0.         0.         0.         0.         0.01199942 0.         0.         0.         0.01199942 0.         0.         0.         0.         0.         0.         0.         0.         0.         0.         0.         0.         0.         0.         0.         0.         0.96400175 0.         0.01199942 0.         0.         0.        ],[0. 0. 0. 0. 1. 0. 0. 0. 1. 0. 0. 0. 0. 0. 0. 0. 0. 0. 0. 0. 0. 0. 0. 0. 0. 1. 0. 1. 0. 0. 0.],4.0,best,1000,1000,100,0.9,0.5,0.9,0.5,0.9,5,0.81,1,4,,run_00,10
