iter,cost,risk,return,par,bw,move,X,Z,Q,pop_init,max_iter,pop_size,mem_size,mem_consider,par_min,par_max,bw_min,bw_max,sigma,lambda,port_n,k,seed,tag,local_search
1,0.010874701577224099,0.166198,0.0042384577341859735,0.504,0.894725436791504,-5.163643951060063,[0.         0.         0.         0.         0.01542932 0.         0.         0.         0.         0.         0.         0.         0.         0.         0.         0.         0.01181237 0.92901868 0.         0.01181237 0.01798999 0.         0.         0.         0.         0.         0.         0.01393727 0.         0.         0.        ],[0. 0. 0. 0. 1. 0. 0. 0. 0. 0. 0. 0. 0. 0. 0. 0. 1. 1. 0. 1. 1. 0. 0. 0. 0. 0. 0. 1. 0. 0. 0.],6.0,best,100,1000,100,0.9,0.5,0.9,0.5,0.9,5,0.37,1,6,,problem_solving,10
2,0.010874701577224099,0.166198,0.0042384577341859735,0.508,0.8894817858241639,1.2649961916682666,[0.         0.         0.         0.         0.01542932 0.         0.         0.         0.         0.         0.         0.         0.         0.         0.         0.         0.01181237 0.92901868 0.         0.01181237 0.01798999 0.         0.         0.         0.         0.         0.         0.01393727 0.         0.         0.        ],[0. 0. 0. 0. 1. 0. 0. 0. 0. 0. 0. 0. 0. 0. 0. 0. 1. 1. 0. 1. 1. 0. 0. 0. 0. 0. 0. 1. 0. 0. 0.],6.0,best,100,1000,100,0.9,0.5,0.9,0.5,0.9,5,0.37,1,6,,problem_solving,10
3,0.010840835887010547,0.164208,0.0036841541802413837,0.512,0.8842688659329022,-0.8434545655201411,[0.         0.         0.         0.         0.         0.         0.         0.         0.         0.         0.         0.         0.         0.         0.01173431 0.         0.         0.0535241  0.         0.         0.         0.         0.         0.         0.         0.87503872 0.         0.         0.01182988 0.03613869 0.01173431],[0. 0. 0. 0. 0. 0. 0. 0. 0. 0. 0. 0. 0. 0. 1. 0. 0. 1. 0. 0. 0. 0. 0. 0. 0. 1. 0. 0. 1. 1. 1.],6.0,best,100,1000,100,0.9,0.5,0.9,0.5,0.9,5,0.37,1,6,,problem_solving,10
4,0.010840835887010547,0.164208,0.0036841541802413837,0.516,0.879086497014382,-8.144451957658394,[0.         0.         0.         0.         0.         0.         0.         0.         0.         0.         0.         0.         0.         0.         0.01173431 0.         0.         0.0535241  0.         0.         0.         0.         0.         0.         0.         0.87503872 0.         0.         0.01182988 0.03613869 0.01173431],[0. 0. 0. 0. 0. 0. 0. 0. 0. 0. 0. 0. 0. 0. 1. 0. 0. 1. 0. 0. 0. 0. 0. 0. 0. 1. 0. 0. 1. 1. 1.],6.0,best,100,1000,100,0.9,0.5,0.9,0.5,0.9,5,0.37,1,6,,problem_solving,10
5,0.010840835887010547,0.164208,0.0036841541802413837,0.52,0.8739345000207845,-2.6387390151510246,[0.         0.         0.         0.         0.         0.         0.         0.         0.         0.         0.         0.         0.         0.         0.01173431 0.         0.         0.0535241  0.         0.         0.         0.         0.         0.         0.         0.87503872 0.         0.         0.01182988 0.03613869 0.01173431],[0. 0. 0. 0. 0. 0. 0. 0. 0. 0. 0. 0. 0. 0. 1. 0. 0. 1. 0. 0. 0. 0. 0. 0. 0. 1. 0. 0. 1. 1. 1.],6.0,best,100,1000,100,0.9,0.5,0.9,0.5,0.9,5,0.37,1,6,,problem_solving,10
6,0.010840835887010547,0.164208,0.0036841541802413837,0.524,0.8688126969536234,6.1911859357747145,[0.         0.         0.         0.         0.         0.         0.         0.         0.         0.         0.         0.         0.         0.         0.01173431 0.         0.         0.0535241  0.         0.         0.         0.         0.         0.         0.         0.87503872 0.         0.         0.01182988 0.03613869 0.01173431],[0. 0. 0. 0. 0. 0. 0. 0. 0. 0. 0. 0. 0. 0. 1. 0. 0. 1. 0. 0. 0. 0. 0. 0. 0. 1. 0. 0. 1. 1. 1.],6.0,best,100,1000,100,0.9,0.5,0.9,0.5,0.9,5,0.37,1,6,,problem_solving,10
7,0.010840835887010547,0.164208,0.0036841541802413837,0.528,0.8637209108575947,-1.1968344286253634,[0.         0.         0.         0.         0.         0.         0.         0.         0.         0.         0.         0.         0.         0.         0.01173431 0.         0.         0.0535241  0.         0.         0.         0.         0.         0.         0.         0.87503872 0.         0.         0.01182988 0.03613869 0.01173431],[0. 0. 0. 0. 0. 0. 0. 0. 0. 0. 0. 0. 0. 0. 1. 0. 0. 1. 0. 0. 0. 0. 0. 0. 0. 1. 0. 0. 1. 1. 1.],6.0,best,100,1000,100,0.9,0.5,0.9,0.5,0.9,5,0.37,1,6,,problem_solving,10
8,0.010840835887010547,0.164208,0.0036841541802413837,0.532,0.8586589658144633,-3.0781517410553563,[0.         0.         0.         0.         0.         0.         0.         0.         0.         0.         0.         0.         0.         0.         0.01173431 0.         0.         0.0535241  0.         0.         0.         0.         0.         0.         0.         0.87503872 0.         0.         0.01182988 0.03613869 0.01173431],[0. 0. 0. 0. 0. 0. 0. 0. 0. 0. 0. 0. 0. 0. 1. 0. 0. 1. 0. 0. 0. 0. 0. 0. 0. 1. 0. 0. 1. 1. 1.],6.0,best,100,1000,100,0.9,0.5,0.9,0.5,0.9,5,0.37,1,6,,problem_solving,10
9,0.0038453602415359283,0.165214,0.004886782338238456,0.536,0.8536266869369854,0.4464267154959616,[0.         0.         0.         0.         0.01240947 0.         0.         0.         0.93475546 0.01240947 0.         0.         0.01240947 0.         0.         0.         0.         0.         0.01560668 0.         0.         0.         0.         0.         0.         0.         0.         0.01240947 0.         0.         0.        ],[0. 0. 0. 0. 1. 0. 0. 0. 1. 1. 0. 0. 1. 0. 0. 0. 0. 0. 1. 0. 0. 0. 0. 0. 0. 0. 0. 1. 0. 0. 0.],6.0,best,100,1000,100,0.9,0.5,0.9,0.5,0.9,5,0.37,1,6,,problem_solving,10
10,0.0038453602415359283,0.165214,0.004886782338238456,0.54,0.8486239003628652,-1.9479849515450358,[0.         0.         0.         0.         0.01240947 0.         0.         0.         0.93475546 0.01240947 0.         0.         0.01240947 0.         0.         0.         0.         0.         0.01560668 0.         0.         0.         0.         0.         0.         0.         0.         0.01240947 0.         0.         0.        ],[0. 0. 0. 0. 1. 0. 0. 0. 1. 1. 0. 0. 1. 0. 0. 0. 0. 0. 1. 0. 0. 0. 0. 0. 0. 0. 0. 1. 0. 0. 0.],6.0,best,100,1000,100,0.9,0.5,0.9,0.5,0.9,5,0.37,1,6,,problem_solving,10
11,0.0038453602415359283,0.165214,0.004886782338238456,0.544,0.8436504332487491,-5.438615811195344,[0.         0.         0.         0.         0.01240947 0.         0.         0.         0.93475546 0.01240947 0.         0.         0.01240947 0.         0.         0.         0.         0.         0.01560668 0.         0.         0.         0.         0.         0.         0.         0.         0.01240947 0.         0.         0.        ],[0. 0. 0. 0. 1. 0. 0. 0. 1. 1. 0. 0. 1. 0. 0. 0. 0. 0. 1. 0. 0. 0. 0. 0. 0. 0. 0. 1. 0. 0. 0.],6.0,best,100,1000,100,0.9,0.5,0.9,0.5,0.9,5,0.37,1,6,,problem_solving,10
12,0.0038453602415359283,0.165214,0.004886782338238456,0.548,0.838706113764254,3.9876846692904895,[0.         0.         0.         0.         0.01240947 0.         0.         0.         0.93475546 0.01240947 0.         0.         0.01240947 0.         0.         0.         0.         0.         0.01560668 0.         0.         0.         0.         0.         0.         0.         0.         0.01240947 0.         0.         0.        ],[0. 0. 0. 0. 1. 0. 0. 0. 1. 1. 0. 0. 1. 0. 0. 0. 0. 0. 1. 0. 0. 0. 0. 0. 0. 0. 0. 1. 0. 0. 0.],6.0,best,100,1000,100,0.9,0.5,0.9,0.5,0.9,5,0.37,1,6,,problem_solving,10
13,0.0038453602415359283,0.165214,0.004886782338238456,0.552,0.83379077108603,9.734174256243747,[0.         0.         0.         0.         0.01240947 0.         0.         0.         0.93475546 0.01240947 0.         0.         0.01240947 0.         0.         0.         0.         0.         0.01560668 0.         0.         0.         0.         0.         0.         0.         0.         0.01240947 0.         0.         0.        ],[0. 0. 0. 0. 1. 0. 0. 0. 1. 1. 0. 0. 1. 0. 0. 0. 0. 0. 1. 0. 0. 0. 0. 0. 0. 0. 0. 1. 0. 0. 0.],6.0,best,100,1000,100,0.9,0.5,0.9,0.5,0.9,5,0.37,1,6,,problem_solving,10
14,0.0038453602415359283,0.165214,0.004886782338238456,0.556,0.828904235391859,2.428355260503579,[0.         0.         0.         0.         0.01240947 0.         0.         0.         0.93475546 0.01240947 0.         0.         0.01240947 0.         0.         0.         0.         0.         0.01560668 0.         0.         0.         0.         0.         0.         0.         0.         0.01240947 0.         0.         0.        ],[0. 0. 0. 0. 1. 0. 0. 0. 1. 1. 0. 0. 1. 0. 0. 0. 0. 0. 1. 0. 0. 0. 0. 0. 0. 0. 0. 1. 0. 0. 0.],6.0,best,100,1000,100,0.9,0.5,0.9,0.5,0.9,5,0.37,1,6,,problem_solving,10
15,0.0037326439389260904,0.162441,0.0037702253775606298,0.56,0.8240463378547873,-1.483474562406719,[0.         0.         0.         0.         0.01109316 0.         0.         0.         0.94293906 0.01252637 0.         0.0112551  0.         0.01109316 0.         0.01109316 0.         0.         0.         0.         0.         0.         0.         0.         0.         0.         0.         0.         0.         0.         0.        ],[0. 0. 0. 0. 1. 0. 0. 0. 1. 1. 0. 1. 0. 1. 0. 1. 0. 0. 0. 0. 0. 0. 0. 0. 0. 0. 0. 0. 0. 0. 0.],6.0,best,100,1000,100,0.9,0.5,0.9,0.5,0.9,5,0.37,1,6,,problem_solving,10
16,0.0037326439389260904,0.162441,0.0037702253775606298,0.5640000000000001,0.8192169106372932,-2.382543339993291,[0.         0.         0.         0.         0.01109316 0.         0.         0.         0.94293906 0.01252637 0.         0.0112551  0.         0.01109316 0.         0.01109316 0.         0.         0.         0.         0.         0.         0.         0.         0.         0.         0.         0.         0.         0.         0.        ],[0. 0. 0. 0. 1. 0. 0. 0. 1. 1. 0. 1. 0. 1. 0. 1. 0. 0. 0. 0. 0. 0. 0. 0. 0. 0. 0. 0. 0. 0. 0.],6.0,best,100,1000,100,0.9,0.5,0.9,0.5,0.9,5,0.37,1,6,,problem_solving,10
17,0.0037326439389260904,0.162441,0.0037702253775606298,0.5680000000000001,0.8144157868854872,1.8475024146416912,[0.         0.         0.         0.         0.01109316 0.         0.         0.         0.94293906 0.01252637 0.         0.0112551  0.         0.01109316 0.         0.01109316 0.         0.         0.         0.         0.         0.         0.         0.         0.         0.         0.         0.         0.         0.         0.        ],[0. 0. 0. 0. 1. 0. 0. 0. 1. 1. 0. 1. 0. 1. 0. 1. 0. 0. 0. 0. 0. 0. 0. 0. 0. 0. 0. 0. 0. 0. 0.],6.0,best,100,1000,100,0.9,0.5,0.9,0.5,0.9,5,0.37,1,6,,problem_solving,10
18,0.002503522437745603,0.159427,0.0030239586133520135,0.5720000000000001,0.8096428007233489,0.4389536667779776,[0.         0.         0.         0.         0.91720721 0.         0.         0.         0.         0.         0.         0.         0.         0.         0.         0.         0.01872925 0.01779396 0.01591924 0.         0.         0.         0.         0.         0.         0.01443109 0.         0.01591924 0.         0.         0.        ],[0. 0. 0. 0. 1. 0. 0. 0. 0. 0. 0. 0. 0. 0. 0. 0. 1. 1. 1. 0. 0. 0. 0. 0. 0. 1. 0. 1. 0. 0. 0.],6.0,best,100,1000,100,0.9,0.5,0.9,0.5,0.9,5,0.37,1,6,,problem_solving,10
19,0.002503522437745603,0.159427,0.0030239586133520135,0.576,0.8048977872469943,-6.989000703497907,[0.         0.         0.         0.         0.91720721 0.         0.         0.         0.         0.         0.         0.         0.         0.         0.         0.         0.01872925 0.01779396 0.01591924 0.         0.         0.         0.         0.         0.         0.01443109 0.         0.01591924 0.         0.         0.        ],[0. 0. 0. 0. 1. 0. 0. 0. 0. 0. 0. 0. 0. 0. 0. 0. 1. 1. 1. 0. 0. 0. 0. 0. 0. 1. 0. 1. 0. 0. 0.],6.0,best,100,1000,100,0.9,0.5,0.9,0.5,0.9,5,0.37,1,6,,problem_solving,10
20,0.002503522437745603,0.159427,0.0030239586133520135,0.58,0.80018058251898,0.4656591742321411,[0.         0.         0.         0.         0.91720721 0.         0.         0.         0.         0.         0.         0.         0.         0.         0.         0.         0.01872925 0.01779396 0.01591924 0.         0.         0.         0.         0.         0.         0.01443109 0.         0.01591924 0.         0.         0.        ],[0. 0. 0. 0. 1. 0. 0. 0. 0. 0. 0. 0. 0. 0. 0. 0. 1. 1. 1. 0. 0. 0. 0. 0. 0. 1. 0. 1. 0. 0. 0.],6.0,best,100,1000,100,0.9,0.5,0.9,0.5,0.9,5,0.37,1,6,,problem_solving,10
21,0.002503522437745603,0.159427,0.0030239586133520135,0.584,0.7954910235626382,4.769327712964672,[0.         0.         0.         0.         0.91720721 0.         0.         0.         0.         0.         0.         0.         0.         0.         0.         0.         0.01872925 0.01779396 0.01591924 0.         0.         0.         0.         0.         0.         0.01443109 0.         0.01591924 0.         0.         0.        ],[0. 0. 0. 0. 1. 0. 0. 0. 0. 0. 0. 0. 0. 0. 0. 0. 1. 1. 1. 0. 0. 0. 0. 0. 0. 1. 0. 1. 0. 0. 0.],6.0,best,100,1000,100,0.9,0.5,0.9,0.5,0.9,5,0.37,1,6,,problem_solving,10
22,0.002503522437745603,0.159427,0.0030239586133520135,0.588,0.7908289483564468,1.9111186834767047,[0.         0.         0.         0.         0.91720721 0.         0.         0.         0.         0.         0.         0.         0.         0.         0.         0.         0.01872925 0.01779396 0.01591924 0.         0.         0.         0.         0.         0.         0.01443109 0.         0.01591924 0.         0.         0.        ],[0. 0. 0. 0. 1. 0. 0. 0. 0. 0. 0. 0. 0. 0. 0. 0. 1. 1. 1. 0. 0. 0. 0. 0. 0. 1. 0. 1. 0. 0. 0.],6.0,best,100,1000,100,0.9,0.5,0.9,0.5,0.9,5,0.37,1,6,,problem_solving,10
23,0.002503522437745603,0.159427,0.0030239586133520135,0.592,0.7861941958284306,-4.719312074699984,[0.         0.         0.         0.         0.91720721 0.         0.         0.         0.         0.         0.         0.         0.         0.         0.         0.         0.01872925 0.01779396 0.01591924 0.         0.         0.         0.         0.         0.         0.01443109 0.         0.01591924 0.         0.         0.        ],[0. 0. 0. 0. 1. 0. 0. 0. 0. 0. 0. 0. 0. 0. 0. 0. 1. 1. 1. 0. 0. 0. 0. 0. 0. 1. 0. 1. 0. 0. 0.],6.0,best,100,1000,100,0.9,0.5,0.9,0.5,0.9,5,0.37,1,6,,problem_solving,10
24,0.002503522437745603,0.159427,0.0030239586133520135,0.596,0.7815866058505976,1.2820170020916455,[0.         0.         0.         0.         0.91720721 0.         0.         0.         0.         0.         0.         0.         0.         0.         0.         0.         0.01872925 0.01779396 0.01591924 0.         0.         0.         0.         0.         0.         0.01443109 0.         0.01591924 0.         0.         0.        ],[0. 0. 0. 0. 1. 0. 0. 0. 0. 0. 0. 0. 0. 0. 0. 0. 1. 1. 1. 0. 0. 0. 0. 0. 0. 1. 0. 1. 0. 0. 0.],6.0,best,100,1000,100,0.9,0.5,0.9,0.5,0.9,5,0.37,1,6,,problem_solving,10
25,0.002503522437745603,0.159427,0.0030239586133520135,0.6,0.7770060192334055,3.8526733760064436,[0.         0.         0.         0.         0.91720721 0.         0.         0.         0.         0.         0.         0.         0.         0.         0.         0.         0.01872925 0.01779396 0.01591924 0.         0.         0.         0.         0.         0.         0.01443109 0.         0.01591924 0.         0.         0.        ],[0. 0. 0. 0. 1. 0. 0. 0. 0. 0. 0. 0. 0. 0. 0. 0. 1. 1. 1. 0. 0. 0. 0. 0. 0. 1. 0. 1. 0. 0. 0.],6.0,best,100,1000,100,0.9,0.5,0.9,0.5,0.9,5,0.37,1,6,,problem_solving,10
26,0.002503522437745603,0.159427,0.0030239586133520135,0.604,0.7724522777202626,3.071600905704847,[0.         0.         0.         0.         0.91720721 0.         0.         0.         0.         0.         0.         0.         0.         0.         0.         0.         0.01872925 0.01779396 0.01591924 0.         0.         0.         0.         0.         0.         0.01443109 0.         0.01591924 0.         0.         0.        ],[0. 0. 0. 0. 1. 0. 0. 0. 0. 0. 0. 0. 0. 0. 0. 0. 1. 1. 1. 0. 0. 0. 0. 0. 0. 1. 0. 1. 0. 0. 0.],6.0,best,100,1000,100,0.9,0.5,0.9,0.5,0.9,5,0.37,1,6,,problem_solving,10
27,0.002503522437745603,0.159427,0.0030239586133520135,0.608,0.7679252239820602,-0.001274773367660243,[0.         0.         0.         0.         0.91720721 0.         0.         0.         0.         0.         0.         0.         0.         0.         0.         0.         0.01872925 0.01779396 0.01591924 0.         0.         0.         0.         0.         0.         0.01443109 0.         0.01591924 0.         0.         0.        ],[0. 0. 0. 0. 1. 0. 0. 0. 0. 0. 0. 0. 0. 0. 0. 0. 1. 1. 1. 0. 0. 0. 0. 0. 0. 1. 0. 1. 0. 0. 0.],6.0,best,100,1000,100,0.9,0.5,0.9,0.5,0.9,5,0.37,1,6,,problem_solving,10
28,0.002503522437745603,0.159427,0.0030239586133520135,0.612,0.7634247016117359,-1.0705206234541231,[0.         0.         0.         0.         0.91720721 0.         0.         0.         0.         0.         0.         0.         0.         0.         0.         0.         0.01872925 0.01779396 0.01591924 0.         0.         0.         0.         0.         0.         0.01443109 0.         0.01591924 0.         0.         0.        ],[0. 0. 0. 0. 1. 0. 0. 0. 0. 0. 0. 0. 0. 0. 0. 0. 1. 1. 1. 0. 0. 0. 0. 0. 0. 1. 0. 1. 0. 0. 0.],6.0,best,100,1000,100,0.9,0.5,0.9,0.5,0.9,5,0.37,1,6,,problem_solving,10
29,0.002503522437745603,0.159427,0.0030239586133520135,0.616,0.758950555118871,1.6904365577524172,[0.         0.         0.         0.         0.91720721 0.         0.         0.         0.         0.         0.         0.         0.         0.         0.         0.         0.01872925 0.01779396 0.01591924 0.         0.         0.         0.         0.         0.         0.01443109 0.         0.01591924 0.         0.         0.        ],[0. 0. 0. 0. 1. 0. 0. 0. 0. 0. 0. 0. 0. 0. 0. 0. 1. 1. 1. 0. 0. 0. 0. 0. 0. 1. 0. 1. 0. 0. 0.],6.0,best,100,1000,100,0.9,0.5,0.9,0.5,0.9,5,0.37,1,6,,problem_solving,10
30,0.002503522437745603,0.159427,0.0030239586133520135,0.62,0.754502629924318,4.317783954407017,[0.         0.         0.         0.         0.91720721 0.         0.         0.         0.         0.         0.         0.         0.         0.         0.         0.         0.01872925 0.01779396 0.01591924 0.         0.         0.         0.         0.         0.         0.01443109 0.         0.01591924 0.         0.         0.        ],[0. 0. 0. 0. 1. 0. 0. 0. 0. 0. 0. 0. 0. 0. 0. 0. 1. 1. 1. 0. 0. 0. 0. 0. 0. 1. 0. 1. 0. 0. 0.],6.0,best,100,1000,100,0.9,0.5,0.9,0.5,0.9,5,0.37,1,6,,problem_solving,10
31,0.002503522437745603,0.159427,0.0030239586133520135,0.624,0.7500807723548599,-0.41022831169004814,[0.         0.         0.         0.         0.91720721 0.         0.         0.         0.         0.         0.         0.         0.         0.         0.         0.         0.01872925 0.01779396 0.01591924 0.         0.         0.         0.         0.         0.         0.01443109 0.         0.01591924 0.         0.         0.        ],[0. 0. 0. 0. 1. 0. 0. 0. 0. 0. 0. 0. 0. 0. 0. 0. 1. 1. 1. 0. 0. 0. 0. 0. 0. 1. 0. 1. 0. 0. 0.],6.0,best,100,1000,100,0.9,0.5,0.9,0.5,0.9,5,0.37,1,6,,problem_solving,10
32,0.002503522437745603,0.159427,0.0030239586133520135,0.628,0.7456848296379007,-2.1065846542377202,[0.         0.         0.         0.         0.91720721 0.         0.         0.         0.         0.         0.         0.         0.         0.         0.         0.         0.01872925 0.01779396 0.01591924 0.         0.         0.         0.         0.         0.         0.01443109 0.         0.01591924 0.         0.         0.        ],[0. 0. 0. 0. 1. 0. 0. 0. 0. 0. 0. 0. 0. 0. 0. 0. 1. 1. 1. 0. 0. 0. 0. 0. 0. 1. 0. 1. 0. 0. 0.],6.0,best,100,1000,100,0.9,0.5,0.9,0.5,0.9,5,0.37,1,6,,problem_solving,10
33,0.002503522437745603,0.159427,0.0030239586133520135,0.632,0.7413146498961878,1.3071734825597725,[0.         0.         0.         0.         0.91720721 0.         0.         0.         0.         0.         0.         0.         0.         0.         0.         0.         0.01872925 0.01779396 0.01591924 0.         0.         0.         0.         0.         0.         0.01443109 0.         0.01591924 0.         0.         0.        ],[0. 0. 0. 0. 1. 0. 0. 0. 0. 0. 0. 0. 0. 0. 0. 0. 1. 1. 1. 0. 0. 0. 0. 0. 0. 1. 0. 1. 0. 0. 0.],6.0,best,100,1000,100,0.9,0.5,0.9,0.5,0.9,5,0.37,1,6,,problem_solving,10
34,0.002503522437745603,0.159427,0.0030239586133520135,0.636,0.7369700821425638,-0.16779539634183957,[0.         0.         0.         0.         0.91720721 0.         0.         0.         0.         0.         0.         0.         0.         0.         0.         0.         0.01872925 0.01779396 0.01591924 0.         0.         0.         0.         0.         0.         0.01443109 0.         0.01591924 0.         0.         0.        ],[0. 0. 0. 0. 1. 0. 0. 0. 0. 0. 0. 0. 0. 0. 0. 0. 1. 1. 1. 0. 0. 0. 0. 0. 0. 1. 0. 1. 0. 0. 0.],6.0,best,100,1000,100,0.9,0.5,0.9,0.5,0.9,5,0.37,1,6,,problem_solving,10
35,0.002503522437745603,0.159427,0.0030239586133520135,0.64,0.7326509762747511,1.6889464398814935,[0.         0.         0.         0.         0.91720721 0.         0.         0.         0.         0.         0.         0.         0.         0.         0.         0.         0.01872925 0.01779396 0.01591924 0.         0.         0.         0.         0.         0.         0.01443109 0.         0.01591924 0.         0.         0.        ],[0. 0. 0. 0. 1. 0. 0. 0. 0. 0. 0. 0. 0. 0. 0. 0. 1. 1. 1. 0. 0. 0. 0. 0. 0. 1. 0. 1. 0. 0. 0.],6.0,best,100,1000,100,0.9,0.5,0.9,0.5,0.9,5,0.37,1,6,,problem_solving,10
36,0.002503522437745603,0.159427,0.0030239586133520135,0.644,0.7283571830701648,0.44961296455859306,[0.         0.         0.         0.         0.91720721 0.         0.         0.         0.         0.         0.         0.         0.         0.         0.         0.         0.01872925 0.01779396 0.01591924 0.         0.         0.         0.         0.         0.         0.01443109 0.         0.01591924 0.         0.         0.        ],[0. 0. 0. 0. 1. 0. 0. 0. 0. 0. 0. 0. 0. 0. 0. 0. 1. 1. 1. 0. 0. 0. 0. 0. 0. 1. 0. 1. 0. 0. 0.],6.0,best,100,1000,100,0.9,0.5,0.9,0.5,0.9,5,0.37,1,6,,problem_solving,10
37,0.002503522437745603,0.159427,0.0030239586133520135,0.648,0.7240885541807586,3.938621413766586,[0.         0.         0.         0.         0.91720721 0.         0.         0.         0.         0.         0.         0.         0.         0.         0.         0.         0.01872925 0.01779396 0.01591924 0.         0.         0.         0.         0.         0.         0.01443109 0.         0.01591924 0.         0.         0.        ],[0. 0. 0. 0. 1. 0. 0. 0. 0. 0. 0. 0. 0. 0. 0. 0. 1. 1. 1. 0. 0. 0. 0. 0. 0. 1. 0. 1. 0. 0. 0.],6.0,best,100,1000,100,0.9,0.5,0.9,0.5,0.9,5,0.37,1,6,,problem_solving,10
38,0.002503522437745603,0.159427,0.0030239586133520135,0.652,0.7198449421278975,-2.4261161960374102,[0.         0.         0.         0.         0.91720721 0.         0.         0.         0.         0.         0.         0.         0.         0.         0.         0.         0.01872925 0.01779396 0.01591924 0.         0.         0.         0.         0.         0.         0.01443109 0.         0.01591924 0.         0.         0.        ],[0. 0. 0. 0. 1. 0. 0. 0. 0. 0. 0. 0. 0. 0. 0. 0. 1. 1. 1. 0. 0. 0. 0. 0. 0. 1. 0. 1. 0. 0. 0.],6.0,best,100,1000,100,0.9,0.5,0.9,0.5,0.9,5,0.37,1,6,,problem_solving,10
39,0.002503522437745603,0.159427,0.0030239586133520135,0.656,0.7156262002972644,-3.6279367132611298,[0.         0.         0.         0.         0.91720721 0.         0.         0.         0.         0.         0.         0.         0.         0.         0.         0.         0.01872925 0.01779396 0.01591924 0.         0.         0.         0.         0.         0.         0.01443109 0.         0.01591924 0.         0.         0.        ],[0. 0. 0. 0. 1. 0. 0. 0. 0. 0. 0. 0. 0. 0. 0. 0. 1. 1. 1. 0. 0. 0. 0. 0. 0. 1. 0. 1. 0. 0. 0.],6.0,best,100,1000,100,0.9,0.5,0.9,0.5,0.9,5,0.37,1,6,,problem_solving,10
40,0.002503522437745603,0.159427,0.0030239586133520135,0.66,0.7114321829337936,-0.327184562096046,[0.         0.         0.         0.         0.91720721 0.         0.         0.         0.         0.         0.         0.         0.         0.         0.         0.         0.01872925 0.01779396 0.01591924 0.         0.         0.         0.         0.         0.         0.01443109 0.         0.01591924 0.         0.         0.        ],[0. 0. 0. 0. 1. 0. 0. 0. 0. 0. 0. 0. 0. 0. 0. 0. 1. 1. 1. 0. 0. 0. 0. 0. 0. 1. 0. 1. 0. 0. 0.],6.0,best,100,1000,100,0.9,0.5,0.9,0.5,0.9,5,0.37,1,6,,problem_solving,10
41,0.002503522437745603,0.159427,0.0030239586133520135,0.664,0.707262745136635,0.0366468429252095,[0.         0.         0.         0.         0.91720721 0.         0.         0.         0.         0.         0.         0.         0.         0.         0.         0.         0.01872925 0.01779396 0.01591924 0.         0.         0.         0.         0.         0.         0.01443109 0.         0.01591924 0.         0.         0.        ],[0. 0. 0. 0. 1. 0. 0. 0. 0. 0. 0. 0. 0. 0. 0. 0. 1. 1. 1. 0. 0. 0. 0. 0. 0. 1. 0. 1. 0. 0. 0.],6.0,best,100,1000,100,0.9,0.5,0.9,0.5,0.9,5,0.37,1,6,,problem_solving,10
42,0.002503522437745603,0.159427,0.0030239586133520135,0.668,0.7031177428541489,1.318306399953961,[0.         0.         0.         0.         0.91720721 0.         0.         0.         0.         0.         0.         0.         0.         0.         0.         0.         0.01872925 0.01779396 0.01591924 0.         0.         0.         0.         0.         0.         0.01443109 0.         0.01591924 0.         0.         0.        ],[0. 0. 0. 0. 1. 0. 0. 0. 0. 0. 0. 0. 0. 0. 0. 0. 1. 1. 1. 0. 0. 0. 0. 0. 0. 1. 0. 1. 0. 0. 0.],6.0,best,100,1000,100,0.9,0.5,0.9,0.5,0.9,5,0.37,1,6,,problem_solving,10
43,0.002503522437745603,0.159427,0.0030239586133520135,0.672,0.6989970328789274,-0.44676210453391874,[0.         0.         0.         0.         0.91720721 0.         0.         0.         0.         0.         0.         0.         0.         0.         0.         0.         0.01872925 0.01779396 0.01591924 0.         0.         0.         0.         0.         0.         0.01443109 0.         0.01591924 0.         0.         0.        ],[0. 0. 0. 0. 1. 0. 0. 0. 0. 0. 0. 0. 0. 0. 0. 0. 1. 1. 1. 0. 0. 0. 0. 0. 0. 1. 0. 1. 0. 0. 0.],6.0,best,100,1000,100,0.9,0.5,0.9,0.5,0.9,5,0.37,1,6,,problem_solving,10
44,0.002503522437745603,0.159427,0.0030239586133520135,0.6759999999999999,0.6949004728428485,-0.3418218556984619,[0.         0.         0.         0.         0.91720721 0.         0.         0.         0.         0.         0.         0.         0.         0.         0.         0.         0.01872925 0.01779396 0.01591924 0.         0.         0.         0.         0.         0.         0.01443109 0.         0.01591924 0.         0.         0.        ],[0. 0. 0. 0. 1. 0. 0. 0. 0. 0. 0. 0. 0. 0. 0. 0. 1. 1. 1. 0. 0. 0. 0. 0. 0. 1. 0. 1. 0. 0. 0.],6.0,best,100,1000,100,0.9,0.5,0.9,0.5,0.9,5,0.37,1,6,,problem_solving,10
45,0.002503522437745603,0.159427,0.0030239586133520135,0.6799999999999999,0.6908279212121557,2.527165475408204,[0.         0.         0.         0.         0.91720721 0.         0.         0.         0.         0.         0.         0.         0.         0.         0.         0.         0.01872925 0.01779396 0.01591924 0.         0.         0.         0.         0.         0.         0.01443109 0.         0.01591924 0.         0.         0.        ],[0. 0. 0. 0. 1. 0. 0. 0. 0. 0. 0. 0. 0. 0. 0. 0. 1. 1. 1. 0. 0. 0. 0. 0. 0. 1. 0. 1. 0. 0. 0.],6.0,best,100,1000,100,0.9,0.5,0.9,0.5,0.9,5,0.37,1,6,,problem_solving,10
46,0.002503522437745603,0.159427,0.0030239586133520135,0.6839999999999999,0.6867792372825696,2.565019335928657,[0.         0.         0.         0.         0.91720721 0.         0.         0.         0.         0.         0.         0.         0.         0.         0.         0.         0.01872925 0.01779396 0.01591924 0.         0.         0.         0.         0.         0.         0.01443109 0.         0.01591924 0.         0.         0.        ],[0. 0. 0. 0. 1. 0. 0. 0. 0. 0. 0. 0. 0. 0. 0. 0. 1. 1. 1. 0. 0. 0. 0. 0. 0. 1. 0. 1. 0. 0. 0.],6.0,best,100,1000,100,0.9,0.5,0.9,0.5,0.9,5,0.37,1,6,,problem_solving,10
47,0.002503522437745603,0.159427,0.0030239586133520135,0.688,0.6827542811744257,-2.0707917640764415,[0.         0.         0.         0.         0.91720721 0.         0.         0.         0.         0.         0.         0.         0.         0.         0.         0.         0.01872925 0.01779396 0.01591924 0.         0.         0.         0.         0.         0.         0.01443109 0.         0.01591924 0.         0.         0.        ],[0. 0. 0. 0. 1. 0. 0. 0. 0. 0. 0. 0. 0. 0. 0. 0. 1. 1. 1. 0. 0. 0. 0. 0. 0. 1. 0. 1. 0. 0. 0.],6.0,best,100,1000,100,0.9,0.5,0.9,0.5,0.9,5,0.37,1,6,,problem_solving,10
48,0.002503522437745603,0.159427,0.0030239586133520135,0.692,0.6787529138278414,2.8036394087669247,[0.         0.         0.         0.         0.91720721 0.         0.         0.         0.         0.         0.         0.         0.         0.         0.         0.         0.01872925 0.01779396 0.01591924 0.         0.         0.         0.         0.         0.         0.01443109 0.         0.01591924 0.         0.         0.        ],[0. 0. 0. 0. 1. 0. 0. 0. 0. 0. 0. 0. 0. 0. 0. 0. 1. 1. 1. 0. 0. 0. 0. 0. 0. 1. 0. 1. 0. 0. 0.],6.0,best,100,1000,100,0.9,0.5,0.9,0.5,0.9,5,0.37,1,6,,problem_solving,10
49,0.002503522437745603,0.159427,0.0030239586133520135,0.696,0.6747749969979128,-0.37868526538500724,[0.         0.         0.         0.         0.91720721 0.         0.         0.         0.         0.         0.         0.         0.         0.         0.         0.         0.01872925 0.01779396 0.01591924 0.         0.         0.         0.         0.         0.         0.01443109 0.         0.01591924 0.         0.         0.        ],[0. 0. 0. 0. 1. 0. 0. 0. 0. 0. 0. 0. 0. 0. 0. 0. 1. 1. 1. 0. 0. 0. 0. 0. 0. 1. 0. 1. 0. 0. 0.],6.0,best,100,1000,100,0.9,0.5,0.9,0.5,0.9,5,0.37,1,6,,problem_solving,10
50,0.002503522437745603,0.159427,0.0030239586133520135,0.7,0.6708203932499369,-0.7627897743284319,[0.         0.         0.         0.         0.91720721 0.         0.         0.         0.         0.         0.         0.         0.         0.         0.         0.         0.01872925 0.01779396 0.01591924 0.         0.         0.         0.         0.         0.         0.01443109 0.         0.01591924 0.         0.         0.        ],[0. 0. 0. 0. 1. 0. 0. 0. 0. 0. 0. 0. 0. 0. 0. 0. 1. 1. 1. 0. 0. 0. 0. 0. 0. 1. 0. 1. 0. 0. 0.],6.0,best,100,1000,100,0.9,0.5,0.9,0.5,0.9,5,0.37,1,6,,problem_solving,10
51,0.002503522437745603,0.159427,0.0030239586133520135,0.704,0.6668889659546647,-2.4489504823645323,[0.         0.         0.         0.         0.91720721 0.         0.         0.         0.         0.         0.         0.         0.         0.         0.         0.         0.01872925 0.01779396 0.01591924 0.         0.         0.         0.         0.         0.         0.01443109 0.         0.01591924 0.         0.         0.        ],[0. 0. 0. 0. 1. 0. 0. 0. 0. 0. 0. 0. 0. 0. 0. 0. 1. 1. 1. 0. 0. 0. 0. 0. 0. 1. 0. 1. 0. 0. 0.],6.0,best,100,1000,100,0.9,0.5,0.9,0.5,0.9,5,0.37,1,6,,problem_solving,10
52,0.002503522437745603,0.159427,0.0030239586133520135,0.708,0.6629805792835798,1.0324447380074795,[0.         0.         0.         0.         0.91720721 0.         0.         0.         0.         0.         0.         0.         0.         0.         0.         0.         0.01872925 0.01779396 0.01591924 0.         0.         0.         0.         0.         0.         0.01443109 0.         0.01591924 0.         0.         0.        ],[0. 0. 0. 0. 1. 0. 0. 0. 0. 0. 0. 0. 0. 0. 0. 0. 1. 1. 1. 0. 0. 0. 0. 0. 0. 1. 0. 1. 0. 0. 0.],6.0,best,100,1000,100,0.9,0.5,0.9,0.5,0.9,5,0.37,1,6,,problem_solving,10
53,0.002503522437745603,0.159427,0.0030239586133520135,0.712,0.6590950982042058,5.388371786530198,[0.         0.         0.         0.         0.91720721 0.         0.         0.         0.         0.         0.         0.         0.         0.         0.         0.         0.01872925 0.01779396 0.01591924 0.         0.         0.         0.         0.         0.         0.01443109 0.         0.01591924 0.         0.         0.        ],[0. 0. 0. 0. 1. 0. 0. 0. 0. 0. 0. 0. 0. 0. 0. 0. 1. 1. 1. 0. 0. 0. 0. 0. 0. 1. 0. 1. 0. 0. 0.],6.0,best,100,1000,100,0.9,0.5,0.9,0.5,0.9,5,0.37,1,6,,problem_solving,10
54,0.002503522437745603,0.159427,0.0030239586133520135,0.716,0.6552323884754414,0.32383547952397607,[0.         0.         0.         0.         0.91720721 0.         0.         0.         0.         0.         0.         0.         0.         0.         0.         0.         0.01872925 0.01779396 0.01591924 0.         0.         0.         0.         0.         0.         0.01443109 0.         0.01591924 0.         0.         0.        ],[0. 0. 0. 0. 1. 0. 0. 0. 0. 0. 0. 0. 0. 0. 0. 0. 1. 1. 1. 0. 0. 0. 0. 0. 0. 1. 0. 1. 0. 0. 0.],6.0,best,100,1000,100,0.9,0.5,0.9,0.5,0.9,5,0.37,1,6,,problem_solving,10
55,0.002503522437745603,0.159427,0.0030239586133520135,0.72,0.651392316642922,2.1876459793554948,[0.         0.         0.         0.         0.91720721 0.         0.         0.         0.         0.         0.         0.         0.         0.         0.         0.         0.01872925 0.01779396 0.01591924 0.         0.         0.         0.         0.         0.         0.01443109 0.         0.01591924 0.         0.         0.        ],[0. 0. 0. 0. 1. 0. 0. 0. 0. 0. 0. 0. 0. 0. 0. 0. 1. 1. 1. 0. 0. 0. 0. 0. 0. 1. 0. 1. 0. 0. 0.],6.0,best,100,1000,100,0.9,0.5,0.9,0.5,0.9,5,0.37,1,6,,problem_solving,10
56,0.002503522437745603,0.159427,0.0030239586133520135,0.724,0.6475747500344088,-1.4341220109971748,[0.         0.         0.         0.         0.91720721 0.         0.         0.         0.         0.         0.         0.         0.         0.         0.         0.         0.01872925 0.01779396 0.01591924 0.         0.         0.         0.         0.         0.         0.01443109 0.         0.01591924 0.         0.         0.        ],[0. 0. 0. 0. 1. 0. 0. 0. 0. 0. 0. 0. 0. 0. 0. 0. 1. 1. 1. 0. 0. 0. 0. 0. 0. 1. 0. 1. 0. 0. 0.],6.0,best,100,1000,100,0.9,0.5,0.9,0.5,0.9,5,0.37,1,6,,problem_solving,10
57,0.002503522437745603,0.159427,0.0030239586133520135,0.728,0.6437795567552059,-3.9105072789497597,[0.         0.         0.         0.         0.91720721 0.         0.         0.         0.         0.         0.         0.         0.         0.         0.         0.         0.01872925 0.01779396 0.01591924 0.         0.         0.         0.         0.         0.         0.01443109 0.         0.01591924 0.         0.         0.        ],[0. 0. 0. 0. 1. 0. 0. 0. 0. 0. 0. 0. 0. 0. 0. 0. 1. 1. 1. 0. 0. 0. 0. 0. 0. 1. 0. 1. 0. 0. 0.],6.0,best,100,1000,100,0.9,0.5,0.9,0.5,0.9,5,0.37,1,6,,problem_solving,10
58,0.002503522437745603,0.159427,0.0030239586133520135,0.732,0.6400066056836028,-1.9069958748421862,[0.         0.         0.         0.         0.91720721 0.         0.         0.         0.         0.         0.         0.         0.         0.         0.         0.         0.01872925 0.01779396 0.01591924 0.         0.         0.         0.         0.         0.         0.01443109 0.         0.01591924 0.         0.         0.        ],[0. 0. 0. 0. 1. 0. 0. 0. 0. 0. 0. 0. 0. 0. 0. 0. 1. 1. 1. 0. 0. 0. 0. 0. 0. 1. 0. 1. 0. 0. 0.],6.0,best,100,1000,100,0.9,0.5,0.9,0.5,0.9,5,0.37,1,6,,problem_solving,10
59,0.002503522437745603,0.159427,0.0030239586133520135,0.736,0.6362557664663436,-3.8241693827310206,[0.         0.         0.         0.         0.91720721 0.         0.         0.         0.         0.         0.         0.         0.         0.         0.         0.         0.01872925 0.01779396 0.01591924 0.         0.         0.         0.         0.         0.         0.01443109 0.         0.01591924 0.         0.         0.        ],[0. 0. 0. 0. 1. 0. 0. 0. 0. 0. 0. 0. 0. 0. 0. 0. 1. 1. 1. 0. 0. 0. 0. 0. 0. 1. 0. 1. 0. 0. 0.],6.0,best,100,1000,100,0.9,0.5,0.9,0.5,0.9,5,0.37,1,6,,problem_solving,10
60,0.002503522437745603,0.159427,0.0030239586133520135,0.74,0.6325269095141249,-2.947715622827866,[0.         0.         0.         0.         0.91720721 0.         0.         0.         0.         0.         0.         0.         0.         0.         0.         0.         0.01872925 0.01779396 0.01591924 0.         0.         0.         0.         0.         0.         0.01443109 0.         0.01591924 0.         0.         0.        ],[0. 0. 0. 0. 1. 0. 0. 0. 0. 0. 0. 0. 0. 0. 0. 0. 1. 1. 1. 0. 0. 0. 0. 0. 0. 1. 0. 1. 0. 0. 0.],6.0,best,100,1000,100,0.9,0.5,0.9,0.5,0.9,5,0.37,1,6,,problem_solving,10
61,0.002503522437745603,0.159427,0.0030239586133520135,0.744,0.6288199059971172,2.5813234047844285,[0.         0.         0.         0.         0.91720721 0.         0.         0.         0.         0.         0.         0.         0.         0.         0.         0.         0.01872925 0.01779396 0.01591924 0.         0.         0.         0.         0.         0.         0.01443109 0.         0.01591924 0.         0.         0.        ],[0. 0. 0. 0. 1. 0. 0. 0. 0. 0. 0. 0. 0. 0. 0. 0. 1. 1. 1. 0. 0. 0. 0. 0. 0. 1. 0. 1. 0. 0. 0.],6.0,best,100,1000,100,0.9,0.5,0.9,0.5,0.9,5,0.37,1,6,,problem_solving,10
62,0.002503522437745603,0.159427,0.0030239586133520135,0.748,0.6251346278405147,-1.8251294400428928,[0.         0.         0.         0.         0.91720721 0.         0.         0.         0.         0.         0.         0.         0.         0.         0.         0.         0.01872925 0.01779396 0.01591924 0.         0.         0.         0.         0.         0.         0.01443109 0.         0.01591924 0.         0.         0.        ],[0. 0. 0. 0. 1. 0. 0. 0. 0. 0. 0. 0. 0. 0. 0. 0. 1. 1. 1. 0. 0. 0. 0. 0. 0. 1. 0. 1. 0. 0. 0.],6.0,best,100,1000,100,0.9,0.5,0.9,0.5,0.9,5,0.37,1,6,,problem_solving,10
63,0.0007050271611665762,0.147661,0.0043351072430732294,0.752,0.6214709477201097,-0.2510534515536944,[0.         0.         0.         0.         0.91778595 0.         0.         0.         0.         0.         0.         0.         0.         0.         0.         0.         0.02446054 0.         0.         0.         0.         0.         0.         0.01495109 0.         0.01426747 0.         0.01426747 0.         0.         0.01426747],[0. 0. 0. 0. 1. 0. 0. 0. 0. 0. 0. 0. 0. 0. 0. 0. 1. 0. 0. 0. 0. 0. 0. 1. 0. 1. 0. 1. 0. 0. 1.],6.0,best,100,1000,100,0.9,0.5,0.9,0.5,0.9,5,0.37,1,6,,problem_solving,10
64,0.0007050271611665762,0.147661,0.0043351072430732294,0.756,0.6178287390578946,1.9794444445333106,[0.         0.         0.         0.         0.91778595 0.         0.         0.         0.         0.         0.         0.         0.         0.         0.         0.         0.02446054 0.         0.         0.         0.         0.         0.         0.01495109 0.         0.01426747 0.         0.01426747 0.         0.         0.01426747],[0. 0. 0. 0. 1. 0. 0. 0. 0. 0. 0. 0. 0. 0. 0. 0. 1. 0. 0. 0. 0. 0. 0. 1. 0. 1. 0. 1. 0. 0. 1.],6.0,best,100,1000,100,0.9,0.5,0.9,0.5,0.9,5,0.37,1,6,,problem_solving,10
65,0.0007050271611665762,0.147661,0.0043351072430732294,0.76,0.6142078760176876,0.16807660494850382,[0.         0.         0.         0.         0.91778595 0.         0.         0.         0.         0.         0.         0.         0.         0.         0.         0.         0.02446054 0.         0.         0.         0.         0.         0.         0.01495109 0.         0.01426747 0.         0.01426747 0.         0.         0.01426747],[0. 0. 0. 0. 1. 0. 0. 0. 0. 0. 0. 0. 0. 0. 0. 0. 1. 0. 0. 0. 0. 0. 0. 1. 0. 1. 0. 1. 0. 0. 1.],6.0,best,100,1000,100,0.9,0.5,0.9,0.5,0.9,5,0.37,1,6,,problem_solving,10
66,0.0007050271611665762,0.147661,0.0043351072430732294,0.764,0.6106082335007861,-0.22910432335572137,[0.         0.         0.         0.         0.91778595 0.         0.         0.         0.         0.         0.         0.         0.         0.         0.         0.         0.02446054 0.         0.         0.         0.         0.         0.         0.01495109 0.         0.01426747 0.         0.01426747 0.         0.         0.01426747],[0. 0. 0. 0. 1. 0. 0. 0. 0. 0. 0. 0. 0. 0. 0. 0. 1. 0. 0. 0. 0. 0. 0. 1. 0. 1. 0. 1. 0. 0. 1.],6.0,best,100,1000,100,0.9,0.5,0.9,0.5,0.9,5,0.37,1,6,,problem_solving,10
67,0.0007050271611665762,0.147661,0.0043351072430732294,0.768,0.6070296871416437,-0.03148635493468188,[0.         0.         0.         0.         0.91778595 0.         0.         0.         0.         0.         0.         0.         0.         0.         0.         0.         0.02446054 0.         0.         0.         0.         0.         0.         0.01495109 0.         0.01426747 0.         0.01426747 0.         0.         0.01426747],[0. 0. 0. 0. 1. 0. 0. 0. 0. 0. 0. 0. 0. 0. 0. 0. 1. 0. 0. 0. 0. 0. 0. 1. 0. 1. 0. 1. 0. 0. 1.],6.0,best,100,1000,100,0.9,0.5,0.9,0.5,0.9,5,0.37,1,6,,problem_solving,10
68,0.0007050271611665762,0.147661,0.0043351072430732294,0.772,0.6034721133035746,-2.4262183170219473,[0.         0.         0.         0.         0.91778595 0.         0.         0.         0.         0.         0.         0.         0.         0.         0.         0.         0.02446054 0.         0.         0.         0.         0.         0.         0.01495109 0.         0.01426747 0.         0.01426747 0.         0.         0.01426747],[0. 0. 0. 0. 1. 0. 0. 0. 0. 0. 0. 0. 0. 0. 0. 0. 1. 0. 0. 0. 0. 0. 0. 1. 0. 1. 0. 1. 0. 0. 1.],6.0,best,100,1000,100,0.9,0.5,0.9,0.5,0.9,5,0.37,1,6,,problem_solving,10
69,0.0007050271611665762,0.147661,0.0043351072430732294,0.776,0.5999353890744809,-1.7146940638517674,[0.         0.         0.         0.         0.91778595 0.         0.         0.         0.         0.         0.         0.         0.         0.         0.         0.         0.02446054 0.         0.         0.         0.         0.         0.         0.01495109 0.         0.01426747 0.         0.01426747 0.         0.         0.01426747],[0. 0. 0. 0. 1. 0. 0. 0. 0. 0. 0. 0. 0. 0. 0. 0. 1. 0. 0. 0. 0. 0. 0. 1. 0. 1. 0. 1. 0. 0. 1.],6.0,best,100,1000,100,0.9,0.5,0.9,0.5,0.9,5,0.37,1,6,,problem_solving,10
70,0.0007050271611665762,0.147661,0.0043351072430732294,0.78,0.5964193922626064,0.19999695946941098,[0.         0.         0.         0.         0.91778595 0.         0.         0.         0.         0.         0.         0.         0.         0.         0.         0.         0.02446054 0.         0.         0.         0.         0.         0.         0.01495109 0.         0.01426747 0.         0.01426747 0.         0.         0.01426747],[0. 0. 0. 0. 1. 0. 0. 0. 0. 0. 0. 0. 0. 0. 0. 0. 1. 0. 0. 0. 0. 0. 0. 1. 0. 1. 0. 1. 0. 0. 1.],6.0,best,100,1000,100,0.9,0.5,0.9,0.5,0.9,5,0.37,1,6,,problem_solving,10
71,0.0007050271611665762,0.147661,0.0043351072430732294,0.784,0.5929240013923155,-2.654546281710084,[0.         0.         0.         0.         0.91778595 0.         0.         0.         0.         0.         0.         0.         0.         0.         0.         0.         0.02446054 0.         0.         0.         0.         0.         0.         0.01495109 0.         0.01426747 0.         0.01426747 0.         0.         0.01426747],[0. 0. 0. 0. 1. 0. 0. 0. 0. 0. 0. 0. 0. 0. 0. 0. 1. 0. 0. 0. 0. 0. 0. 1. 0. 1. 0. 1. 0. 0. 1.],6.0,best,100,1000,100,0.9,0.5,0.9,0.5,0.9,5,0.37,1,6,,problem_solving,10
72,0.0007050271611665762,0.147661,0.0043351072430732294,0.788,0.5894490956998952,0.39169234229399486,[0.         0.         0.         0.         0.91778595 0.         0.         0.         0.         0.         0.         0.         0.         0.         0.         0.         0.02446054 0.         0.         0.         0.         0.         0.         0.01495109 0.         0.01426747 0.         0.01426747 0.         0.         0.01426747],[0. 0. 0. 0. 1. 0. 0. 0. 0. 0. 0. 0. 0. 0. 0. 0. 1. 0. 0. 0. 0. 0. 0. 1. 0. 1. 0. 1. 0. 0. 1.],6.0,best,100,1000,100,0.9,0.5,0.9,0.5,0.9,5,0.37,1,6,,problem_solving,10
73,0.0007050271611665762,0.147661,0.0043351072430732294,0.792,0.5859945551293841,-3.539212165961325,[0.         0.         0.         0.         0.91778595 0.         0.         0.         0.         0.         0.         0.         0.         0.         0.         0.         0.02446054 0.         0.         0.         0.         0.         0.         0.01495109 0.         0.01426747 0.         0.01426747 0.         0.         0.01426747],[0. 0. 0. 0. 1. 0. 0. 0. 0. 0. 0. 0. 0. 0. 0. 0. 1. 0. 0. 0. 0. 0. 0. 1. 0. 1. 0. 1. 0. 0. 1.],6.0,best,100,1000,100,0.9,0.5,0.9,0.5,0.9,5,0.37,1,6,,problem_solving,10
74,0.0007050271611665762,0.147661,0.0043351072430732294,0.796,0.5825602603284237,-1.2453416631546943,[0.         0.         0.         0.         0.91778595 0.         0.         0.         0.         0.         0.         0.         0.         0.         0.         0.         0.02446054 0.         0.         0.         0.         0.         0.         0.01495109 0.         0.01426747 0.         0.01426747 0.         0.         0.01426747],[0. 0. 0. 0. 1. 0. 0. 0. 0. 0. 0. 0. 0. 0. 0. 0. 1. 0. 0. 0. 0. 0. 0. 1. 0. 1. 0. 1. 0. 0. 1.],6.0,best,100,1000,100,0.9,0.5,0.9,0.5,0.9,5,0.37,1,6,,problem_solving,10
75,0.0007050271611665762,0.147661,0.0043351072430732294,0.8,0.5791460926441345,1.6440818684296794,[0.         0.         0.         0.         0.91778595 0.         0.         0.         0.         0.         0.         0.         0.         0.         0.         0.         0.02446054 0.         0.         0.         0.         0.         0.         0.01495109 0.         0.01426747 0.         0.01426747 0.         0.         0.01426747],[0. 0. 0. 0. 1. 0. 0. 0. 0. 0. 0. 0. 0. 0. 0. 0. 1. 0. 0. 0. 0. 0. 0. 1. 0. 1. 0. 1. 0. 0. 1.],6.0,best,100,1000,100,0.9,0.5,0.9,0.5,0.9,5,0.37,1,6,,problem_solving,10
76,0.0007050271611665762,0.147661,0.0043351072430732294,0.804,0.5757519341190179,-3.6443728243167564,[0.         0.         0.         0.         0.91778595 0.         0.         0.         0.         0.         0.         0.         0.         0.         0.         0.         0.02446054 0.         0.         0.         0.         0.         0.         0.01495109 0.         0.01426747 0.         0.01426747 0.         0.         0.01426747],[0. 0. 0. 0. 1. 0. 0. 0. 0. 0. 0. 0. 0. 0. 0. 0. 1. 0. 0. 0. 0. 0. 0. 1. 0. 1. 0. 1. 0. 0. 1.],6.0,best,100,1000,100,0.9,0.5,0.9,0.5,0.9,5,0.37,1,6,,problem_solving,10
77,0.0007050271611665762,0.147661,0.0043351072430732294,0.808,0.5723776674868795,-3.1721781423249182,[0.         0.         0.         0.         0.91778595 0.         0.         0.         0.         0.         0.         0.         0.         0.         0.         0.         0.02446054 0.         0.         0.         0.         0.         0.         0.01495109 0.         0.01426747 0.         0.01426747 0.         0.         0.01426747],[0. 0. 0. 0. 1. 0. 0. 0. 0. 0. 0. 0. 0. 0. 0. 0. 1. 0. 0. 0. 0. 0. 0. 1. 0. 1. 0. 1. 0. 0. 1.],6.0,best,100,1000,100,0.9,0.5,0.9,0.5,0.9,5,0.37,1,6,,problem_solving,10
78,0.0007050271611665762,0.147661,0.0043351072430732294,0.812,0.5690231761687783,-4.5589025218502135,[0.         0.         0.         0.         0.91778595 0.         0.         0.         0.         0.         0.         0.         0.         0.         0.         0.         0.02446054 0.         0.         0.         0.         0.         0.         0.01495109 0.         0.01426747 0.         0.01426747 0.         0.         0.01426747],[0. 0. 0. 0. 1. 0. 0. 0. 0. 0. 0. 0. 0. 0. 0. 0. 1. 0. 0. 0. 0. 0. 0. 1. 0. 1. 0. 1. 0. 0. 1.],6.0,best,100,1000,100,0.9,0.5,0.9,0.5,0.9,5,0.37,1,6,,problem_solving,10
79,0.0007050271611665762,0.147661,0.0043351072430732294,0.8160000000000001,0.5656883442689988,2.1569423576535303,[0.         0.         0.         0.         0.91778595 0.         0.         0.         0.         0.         0.         0.         0.         0.         0.         0.         0.02446054 0.         0.         0.         0.         0.         0.         0.01495109 0.         0.01426747 0.         0.01426747 0.         0.         0.01426747],[0. 0. 0. 0. 1. 0. 0. 0. 0. 0. 0. 0. 0. 0. 0. 0. 1. 0. 0. 0. 0. 0. 0. 1. 0. 1. 0. 1. 0. 0. 1.],6.0,best,100,1000,100,0.9,0.5,0.9,0.5,0.9,5,0.37,1,6,,problem_solving,10
80,0.0007050271611665762,0.147661,0.0043351072430732294,0.8200000000000001,0.5623730565710474,2.5931014742615717,[0.         0.         0.         0.         0.91778595 0.         0.         0.         0.         0.         0.         0.         0.         0.         0.         0.         0.02446054 0.         0.         0.         0.         0.         0.         0.01495109 0.         0.01426747 0.         0.01426747 0.         0.         0.01426747],[0. 0. 0. 0. 1. 0. 0. 0. 0. 0. 0. 0. 0. 0. 0. 0. 1. 0. 0. 0. 0. 0. 0. 1. 0. 1. 0. 1. 0. 0. 1.],6.0,best,100,1000,100,0.9,0.5,0.9,0.5,0.9,5,0.37,1,6,,problem_solving,10
81,0.0007050271611665762,0.147661,0.0043351072430732294,0.8240000000000001,0.5590771985336705,0.05205042875708919,[0.         0.         0.         0.         0.91778595 0.         0.         0.         0.         0.         0.         0.         0.         0.         0.         0.         0.02446054 0.         0.         0.         0.         0.         0.         0.01495109 0.         0.01426747 0.         0.01426747 0.         0.         0.01426747],[0. 0. 0. 0. 1. 0. 0. 0. 0. 0. 0. 0. 0. 0. 0. 0. 1. 0. 0. 0. 0. 0. 0. 1. 0. 1. 0. 1. 0. 0. 1.],6.0,best,100,1000,100,0.9,0.5,0.9,0.5,0.9,5,0.37,1,6,,problem_solving,10
82,0.0007050271611665762,0.147661,0.0043351072430732294,0.8280000000000001,0.5558006562868987,1.879144632361281,[0.         0.         0.         0.         0.91778595 0.         0.         0.         0.         0.         0.         0.         0.         0.         0.         0.         0.02446054 0.         0.         0.         0.         0.         0.         0.01495109 0.         0.01426747 0.         0.01426747 0.         0.         0.01426747],[0. 0. 0. 0. 1. 0. 0. 0. 0. 0. 0. 0. 0. 0. 0. 0. 1. 0. 0. 0. 0. 0. 0. 1. 0. 1. 0. 1. 0. 0. 1.],6.0,best,100,1000,100,0.9,0.5,0.9,0.5,0.9,5,0.37,1,6,,problem_solving,10
83,0.0007050271611665762,0.147661,0.0043351072430732294,0.8320000000000001,0.5525433166281111,-1.5238262094351627,[0.         0.         0.         0.         0.91778595 0.         0.         0.         0.         0.         0.         0.         0.         0.         0.         0.         0.02446054 0.         0.         0.         0.         0.         0.         0.01495109 0.         0.01426747 0.         0.01426747 0.         0.         0.01426747],[0. 0. 0. 0. 1. 0. 0. 0. 0. 0. 0. 0. 0. 0. 0. 0. 1. 0. 0. 0. 0. 0. 0. 1. 0. 1. 0. 1. 0. 0. 1.],6.0,best,100,1000,100,0.9,0.5,0.9,0.5,0.9,5,0.37,1,6,,problem_solving,10
84,0.0007050271611665762,0.147661,0.0043351072430732294,0.8360000000000001,0.5493050670181254,-0.8734341622633252,[0.         0.         0.         0.         0.91778595 0.         0.         0.         0.         0.         0.         0.         0.         0.         0.         0.         0.02446054 0.         0.         0.         0.         0.         0.         0.01495109 0.         0.01426747 0.         0.01426747 0.         0.         0.01426747],[0. 0. 0. 0. 1. 0. 0. 0. 0. 0. 0. 0. 0. 0. 0. 0. 1. 0. 0. 0. 0. 0. 0. 1. 0. 1. 0. 1. 0. 0. 1.],6.0,best,100,1000,100,0.9,0.5,0.9,0.5,0.9,5,0.37,1,6,,problem_solving,10
85,0.0007050271611665762,0.147661,0.0043351072430732294,0.8400000000000001,0.5460857955773096,1.7146962850169514,[0.         0.         0.         0.         0.91778595 0.         0.         0.         0.         0.         0.         0.         0.         0.         0.         0.         0.02446054 0.         0.         0.         0.         0.         0.         0.01495109 0.         0.01426747 0.         0.01426747 0.         0.         0.01426747],[0. 0. 0. 0. 1. 0. 0. 0. 0. 0. 0. 0. 0. 0. 0. 0. 1. 0. 0. 0. 0. 0. 0. 1. 0. 1. 0. 1. 0. 0. 1.],6.0,best,100,1000,100,0.9,0.5,0.9,0.5,0.9,5,0.37,1,6,,problem_solving,10
86,0.0007050271611665762,0.147661,0.0043351072430732294,0.8440000000000001,0.542885391081716,2.408091851943498,[0.         0.         0.         0.         0.91778595 0.         0.         0.         0.         0.         0.         0.         0.         0.         0.         0.         0.02446054 0.         0.         0.         0.         0.         0.         0.01495109 0.         0.01426747 0.         0.01426747 0.         0.         0.01426747],[0. 0. 0. 0. 1. 0. 0. 0. 0. 0. 0. 0. 0. 0. 0. 0. 1. 0. 0. 0. 0. 0. 0. 1. 0. 1. 0. 1. 0. 0. 1.],6.0,best,100,1000,100,0.9,0.5,0.9,0.5,0.9,5,0.37,1,6,,problem_solving,10
87,0.0007050271611665762,0.147661,0.0043351072430732294,0.8480000000000001,0.5397037429592386,4.029010037388215,[0.         0.         0.         0.         0.91778595 0.         0.         0.         0.         0.         0.         0.         0.         0.         0.         0.         0.02446054 0.         0.         0.         0.         0.         0.         0.01495109 0.         0.01426747 0.         0.01426747 0.         0.         0.01426747],[0. 0. 0. 0. 1. 0. 0. 0. 0. 0. 0. 0. 0. 0. 0. 0. 1. 0. 0. 0. 0. 0. 0. 1. 0. 1. 0. 1. 0. 0. 1.],6.0,best,100,1000,100,0.9,0.5,0.9,0.5,0.9,5,0.37,1,6,,problem_solving,10
88,0.0007050271611665762,0.147661,0.0043351072430732294,0.852,0.5365407412857937,-0.8294543498676357,[0.         0.         0.         0.         0.91778595 0.         0.         0.         0.         0.         0.         0.         0.         0.         0.         0.         0.02446054 0.         0.         0.         0.         0.         0.         0.01495109 0.         0.01426747 0.         0.01426747 0.         0.         0.01426747],[0. 0. 0. 0. 1. 0. 0. 0. 0. 0. 0. 0. 0. 0. 0. 0. 1. 0. 0. 0. 0. 0. 0. 1. 0. 1. 0. 1. 0. 0. 1.],6.0,best,100,1000,100,0.9,0.5,0.9,0.5,0.9,5,0.37,1,6,,problem_solving,10
89,0.0007050271611665762,0.147661,0.0043351072430732294,0.856,0.5333962767815211,-0.0063973148917706975,[0.         0.         0.         0.         0.91778595 0.         0.         0.         0.         0.         0.         0.         0.         0.         0.         0.         0.02446054 0.         0.         0.         0.         0.         0.         0.01495109 0.         0.01426747 0.         0.01426747 0.         0.         0.01426747],[0. 0. 0. 0. 1. 0. 0. 0. 0. 0. 0. 0. 0. 0. 0. 0. 1. 0. 0. 0. 0. 0. 0. 1. 0. 1. 0. 1. 0. 0. 1.],6.0,best,100,1000,100,0.9,0.5,0.9,0.5,0.9,5,0.37,1,6,,problem_solving,10
90,0.0007050271611665762,0.147661,0.0043351072430732294,0.86,0.5302702408070095,0.06553444662143108,[0.         0.         0.         0.         0.91778595 0.         0.         0.         0.         0.         0.         0.         0.         0.         0.         0.         0.02446054 0.         0.         0.         0.         0.         0.         0.01495109 0.         0.01426747 0.         0.01426747 0.         0.         0.01426747],[0. 0. 0. 0. 1. 0. 0. 0. 0. 0. 0. 0. 0. 0. 0. 0. 1. 0. 0. 0. 0. 0. 0. 1. 0. 1. 0. 1. 0. 0. 1.],6.0,best,100,1000,100,0.9,0.5,0.9,0.5,0.9,5,0.37,1,6,,problem_solving,10
91,0.0007050271611665762,0.147661,0.0043351072430732294,0.864,0.5271625253595416,1.7810493772753317,[0.         0.         0.         0.         0.91778595 0.         0.         0.         0.         0.         0.         0.         0.         0.         0.         0.         0.02446054 0.         0.         0.         0.         0.         0.         0.01495109 0.         0.01426747 0.         0.01426747 0.         0.         0.01426747],[0. 0. 0. 0. 1. 0. 0. 0. 0. 0. 0. 0. 0. 0. 0. 0. 1. 0. 0. 0. 0. 0. 0. 1. 0. 1. 0. 1. 0. 0. 1.],6.0,best,100,1000,100,0.9,0.5,0.9,0.5,0.9,5,0.37,1,6,,problem_solving,10
92,0.0007050271611665762,0.147661,0.0043351072430732294,0.868,0.5240730230693645,3.330629348090391,[0.         0.         0.         0.         0.91778595 0.         0.         0.         0.         0.         0.         0.         0.         0.         0.         0.         0.02446054 0.         0.         0.         0.         0.         0.         0.01495109 0.         0.01426747 0.         0.01426747 0.         0.         0.01426747],[0. 0. 0. 0. 1. 0. 0. 0. 0. 0. 0. 0. 0. 0. 0. 0. 1. 0. 0. 0. 0. 0. 0. 1. 0. 1. 0. 1. 0. 0. 1.],6.0,best,100,1000,100,0.9,0.5,0.9,0.5,0.9,5,0.37,1,6,,problem_solving,10
93,0.0007050271611665762,0.147661,0.0043351072430732294,0.872,0.5210016271959791,-3.6567439488415476,[0.         0.         0.         0.         0.91778595 0.         0.         0.         0.         0.         0.         0.         0.         0.         0.         0.         0.02446054 0.         0.         0.         0.         0.         0.         0.01495109 0.         0.01426747 0.         0.01426747 0.         0.         0.01426747],[0. 0. 0. 0. 1. 0. 0. 0. 0. 0. 0. 0. 0. 0. 0. 0. 1. 0. 0. 0. 0. 0. 0. 1. 0. 1. 0. 1. 0. 0. 1.],6.0,best,100,1000,100,0.9,0.5,0.9,0.5,0.9,5,0.37,1,6,,problem_solving,10
94,0.0007050271611665762,0.147661,0.0043351072430732294,0.876,0.5179482316244518,3.0139150426324606,[0.         0.         0.         0.         0.91778595 0.         0.         0.         0.         0.         0.         0.         0.         0.         0.         0.         0.02446054 0.         0.         0.         0.         0.         0.         0.01495109 0.         0.01426747 0.         0.01426747 0.         0.         0.01426747],[0. 0. 0. 0. 1. 0. 0. 0. 0. 0. 0. 0. 0. 0. 0. 0. 1. 0. 0. 0. 0. 0. 0. 1. 0. 1. 0. 1. 0. 0. 1.],6.0,best,100,1000,100,0.9,0.5,0.9,0.5,0.9,5,0.37,1,6,,problem_solving,10
95,0.0007050271611665762,0.147661,0.0043351072430732294,0.88,0.5149127308617497,5.355960212200539,[0.         0.         0.         0.         0.91778595 0.         0.         0.         0.         0.         0.         0.         0.         0.         0.         0.         0.02446054 0.         0.         0.         0.         0.         0.         0.01495109 0.         0.01426747 0.         0.01426747 0.         0.         0.01426747],[0. 0. 0. 0. 1. 0. 0. 0. 0. 0. 0. 0. 0. 0. 0. 0. 1. 0. 0. 0. 0. 0. 0. 1. 0. 1. 0. 1. 0. 0. 1.],6.0,best,100,1000,100,0.9,0.5,0.9,0.5,0.9,5,0.37,1,6,,problem_solving,10
96,0.0007050271611665762,0.147661,0.0043351072430732294,0.884,0.5118950200330946,-2.550661906098888,[0.         0.         0.         0.         0.91778595 0.         0.         0.         0.         0.         0.         0.         0.         0.         0.         0.         0.02446054 0.         0.         0.         0.         0.         0.         0.01495109 0.         0.01426747 0.         0.01426747 0.         0.         0.01426747],[0. 0. 0. 0. 1. 0. 0. 0. 0. 0. 0. 0. 0. 0. 0. 0. 1. 0. 0. 0. 0. 0. 0. 1. 0. 1. 0. 1. 0. 0. 1.],6.0,best,100,1000,100,0.9,0.5,0.9,0.5,0.9,5,0.37,1,6,,problem_solving,10
97,0.0007050271611665762,0.147661,0.0043351072430732294,0.888,0.5088949948783402,0.45569915874693356,[0.         0.         0.         0.         0.91778595 0.         0.         0.         0.         0.         0.         0.         0.         0.         0.         0.         0.02446054 0.         0.         0.         0.         0.         0.         0.01495109 0.         0.01426747 0.         0.01426747 0.         0.         0.01426747],[0. 0. 0. 0. 1. 0. 0. 0. 0. 0. 0. 0. 0. 0. 0. 0. 1. 0. 0. 0. 0. 0. 0. 1. 0. 1. 0. 1. 0. 0. 1.],6.0,best,100,1000,100,0.9,0.5,0.9,0.5,0.9,5,0.37,1,6,,problem_solving,10
98,0.0007050271611665762,0.147661,0.0043351072430732294,0.892,0.5059125517483702,0.3430187065289501,[0.         0.         0.         0.         0.91778595 0.         0.         0.         0.         0.         0.         0.         0.         0.         0.         0.         0.02446054 0.         0.         0.         0.         0.         0.         0.01495109 0.         0.01426747 0.         0.01426747 0.         0.         0.01426747],[0. 0. 0. 0. 1. 0. 0. 0. 0. 0. 0. 0. 0. 0. 0. 0. 1. 0. 0. 0. 0. 0. 0. 1. 0. 1. 0. 1. 0. 0. 1.],6.0,best,100,1000,100,0.9,0.5,0.9,0.5,0.9,5,0.37,1,6,,problem_solving,10
99,0.0007050271611665762,0.147661,0.0043351072430732294,0.896,0.5029475876015165,1.3139680966455032,[0.         0.         0.         0.         0.91778595 0.         0.         0.         0.         0.         0.         0.         0.         0.         0.         0.         0.02446054 0.         0.         0.         0.         0.         0.         0.01495109 0.         0.01426747 0.         0.01426747 0.         0.         0.01426747],[0. 0. 0. 0. 1. 0. 0. 0. 0. 0. 0. 0. 0. 0. 0. 0. 1. 0. 0. 0. 0. 0. 0. 1. 0. 1. 0. 1. 0. 0. 1.],6.0,best,100,1000,100,0.9,0.5,0.9,0.5,0.9,5,0.37,1,6,,problem_solving,10
