iter,cost,risk,return,par,bw,move,X,Z,Q,pop_init,max_iter,pop_size,mem_size,mem_consider,par_min,par_max,bw_min,bw_max,sigma,lambda,port_n,k,seed,tag,local_search
1,-0.0020070662786217785,0.196744,0.005137436210910825,0.5004,0.8994711474430547,1.8513634769116263,[0.01424096 0.         0.         0.         0.87168282 0.         0.01548321 0.         0.         0.         0.         0.01530733 0.         0.         0.         0.         0.01494946 0.         0.         0.         0.         0.01525933 0.03883594 0.         0.         0.         0.01424096 0.         0.         0.         0.        ],[1. 0. 0. 0. 1. 0. 1. 0. 0. 0. 0. 1. 0. 0. 0. 0. 1. 0. 0. 0. 0. 1. 1. 0. 0. 0. 1. 0. 0. 0. 0.],8.0,best,1000,1000,100,0.9,0.5,0.9,0.5,0.9,5,0.12,1,8,,run_07,10
10,-0.003378365705752856,0.184841,0.0039545597028150066,0.504,0.894725436791504,1.8251712613351656,[0.         0.         0.         0.01625114 0.8404413  0.         0.         0.         0.         0.         0.         0.         0.01119271 0.0111621  0.         0.         0.         0.         0.0111621  0.         0.01340581 0.         0.         0.         0.         0.03068534 0.         0.         0.06569949 0.         0.        ],[0. 0. 0. 1. 1. 0. 0. 0. 0. 0. 0. 0. 1. 1. 0. 0. 0. 0. 1. 0. 1. 0. 0. 0. 0. 1. 0. 0. 1. 0. 0.],8.0,best,1000,1000,100,0.9,0.5,0.9,0.5,0.9,5,0.12,1,8,,run_07,10
20,-0.005664777436959017,0.182495,0.00377858004042081,0.508,0.8894817858241639,-1.0883676744673743,[0.         0.         0.         0.         0.90805643 0.         0.         0.         0.01939299 0.01201326 0.         0.         0.         0.         0.         0.01264926 0.01201326 0.         0.         0.         0.         0.         0.         0.01243597 0.01171942 0.         0.         0.         0.         0.         0.01171942],[0. 0. 0. 0. 1. 0. 0. 0. 1. 1. 0. 0. 0. 0. 0. 1. 1. 0. 0. 0. 0. 0. 0. 1. 1. 0. 0. 0. 0. 0. 1.],8.0,best,1000,1000,100,0.9,0.5,0.9,0.5,0.9,5,0.12,1,8,,run_07,10
30,-0.005664777436959017,0.182495,0.00377858004042081,0.512,0.8842688659329022,-9.608708351079496,[0.         0.         0.         0.         0.90805643 0.         0.         0.         0.01939299 0.01201326 0.         0.         0.         0.         0.         0.01264926 0.01201326 0.         0.         0.         0.         0.         0.         0.01243597 0.01171942 0.         0.         0.         0.         0.         0.01171942],[0. 0. 0. 0. 1. 0. 0. 0. 1. 1. 0. 0. 0. 0. 0. 1. 1. 0. 0. 0. 0. 0. 0. 1. 1. 0. 0. 0. 0. 0. 1.],8.0,best,1000,1000,100,0.9,0.5,0.9,0.5,0.9,5,0.12,1,8,,run_07,10
40,-0.005664777436959017,0.182495,0.00377858004042081,0.516,0.879086497014382,-1.8524899942287556,[0.         0.         0.         0.         0.90805643 0.         0.         0.         0.01939299 0.01201326 0.         0.         0.         0.         0.         0.01264926 0.01201326 0.         0.         0.         0.         0.         0.         0.01243597 0.01171942 0.         0.         0.         0.         0.         0.01171942],[0. 0. 0. 0. 1. 0. 0. 0. 1. 1. 0. 0. 0. 0. 0. 1. 1. 0. 0. 0. 0. 0. 0. 1. 1. 0. 0. 0. 0. 0. 1.],8.0,best,1000,1000,100,0.9,0.5,0.9,0.5,0.9,5,0.12,1,8,,run_07,10
50,-0.005664777436959017,0.182495,0.00377858004042081,0.52,0.8739345000207845,0.036668127063901816,[0.         0.         0.         0.         0.90805643 0.         0.         0.         0.01939299 0.01201326 0.         0.         0.         0.         0.         0.01264926 0.01201326 0.         0.         0.         0.         0.         0.         0.01243597 0.01171942 0.         0.         0.         0.         0.         0.01171942],[0. 0. 0. 0. 1. 0. 0. 0. 1. 1. 0. 0. 0. 0. 0. 1. 1. 0. 0. 0. 0. 0. 0. 1. 1. 0. 0. 0. 0. 0. 1.],8.0,best,1000,1000,100,0.9,0.5,0.9,0.5,0.9,5,0.12,1,8,,run_07,10
60,-0.005664777436959017,0.182495,0.00377858004042081,0.524,0.8688126969536234,2.2118521230921777,[0.         0.         0.         0.         0.90805643 0.         0.         0.         0.01939299 0.01201326 0.         0.         0.         0.         0.         0.01264926 0.01201326 0.         0.         0.         0.         0.         0.         0.01243597 0.01171942 0.         0.         0.         0.         0.         0.01171942],[0. 0. 0. 0. 1. 0. 0. 0. 1. 1. 0. 0. 0. 0. 0. 1. 1. 0. 0. 0. 0. 0. 0. 1. 1. 0. 0. 0. 0. 0. 1.],8.0,best,1000,1000,100,0.9,0.5,0.9,0.5,0.9,5,0.12,1,8,,run_07,10
70,-0.005664777436959017,0.182495,0.00377858004042081,0.528,0.8637209108575947,5.105888426436733,[0.         0.         0.         0.         0.90805643 0.         0.         0.         0.01939299 0.01201326 0.         0.         0.         0.         0.         0.01264926 0.01201326 0.         0.         0.         0.         0.         0.         0.01243597 0.01171942 0.         0.         0.         0.         0.         0.01171942],[0. 0. 0. 0. 1. 0. 0. 0. 1. 1. 0. 0. 0. 0. 0. 1. 1. 0. 0. 0. 0. 0. 0. 1. 1. 0. 0. 0. 0. 0. 1.],8.0,best,1000,1000,100,0.9,0.5,0.9,0.5,0.9,5,0.12,1,8,,run_07,10
80,-0.005664777436959017,0.182495,0.00377858004042081,0.532,0.8586589658144633,-3.3864585675249503,[0.         0.         0.         0.         0.90805643 0.         0.         0.         0.01939299 0.01201326 0.         0.         0.         0.         0.         0.01264926 0.01201326 0.         0.         0.         0.         0.         0.         0.01243597 0.01171942 0.         0.         0.         0.         0.         0.01171942],[0. 0. 0. 0. 1. 0. 0. 0. 1. 1. 0. 0. 0. 0. 0. 1. 1. 0. 0. 0. 0. 0. 0. 1. 1. 0. 0. 0. 0. 0. 1.],8.0,best,1000,1000,100,0.9,0.5,0.9,0.5,0.9,5,0.12,1,8,,run_07,10
90,-0.005664777436959017,0.182495,0.00377858004042081,0.536,0.8536266869369854,-4.1892003615434055,[0.         0.         0.         0.         0.90805643 0.         0.         0.         0.01939299 0.01201326 0.         0.         0.         0.         0.         0.01264926 0.01201326 0.         0.         0.         0.         0.         0.         0.01243597 0.01171942 0.         0.         0.         0.         0.         0.01171942],[0. 0. 0. 0. 1. 0. 0. 0. 1. 1. 0. 0. 0. 0. 0. 1. 1. 0. 0. 0. 0. 0. 0. 1. 1. 0. 0. 0. 0. 0. 1.],8.0,best,1000,1000,100,0.9,0.5,0.9,0.5,0.9,5,0.12,1,8,,run_07,10
100,-0.005664777436959017,0.182495,0.00377858004042081,0.54,0.8486239003628652,1.4894419825618155,[0.         0.         0.         0.         0.90805643 0.         0.         0.         0.01939299 0.01201326 0.         0.         0.         0.         0.         0.01264926 0.01201326 0.         0.         0.         0.         0.         0.         0.01243597 0.01171942 0.         0.         0.         0.         0.         0.01171942],[0. 0. 0. 0. 1. 0. 0. 0. 1. 1. 0. 0. 0. 0. 0. 1. 1. 0. 0. 0. 0. 0. 0. 1. 1. 0. 0. 0. 0. 0. 1.],8.0,best,1000,1000,100,0.9,0.5,0.9,0.5,0.9,5,0.12,1,8,,run_07,10
110,-0.005664777436959017,0.182495,0.00377858004042081,0.544,0.8436504332487491,-2.4933329079596254,[0.         0.         0.         0.         0.90805643 0.         0.         0.         0.01939299 0.01201326 0.         0.         0.         0.         0.         0.01264926 0.01201326 0.         0.         0.         0.         0.         0.         0.01243597 0.01171942 0.         0.         0.         0.         0.         0.01171942],[0. 0. 0. 0. 1. 0. 0. 0. 1. 1. 0. 0. 0. 0. 0. 1. 1. 0. 0. 0. 0. 0. 0. 1. 1. 0. 0. 0. 0. 0. 1.],8.0,best,1000,1000,100,0.9,0.5,0.9,0.5,0.9,5,0.12,1,8,,run_07,10
120,-0.005664777436959017,0.182495,0.00377858004042081,0.548,0.8387061137642541,4.268758466206477,[0.         0.         0.         0.         0.90805643 0.         0.         0.         0.01939299 0.01201326 0.         0.         0.         0.         0.         0.01264926 0.01201326 0.         0.         0.         0.         0.         0.         0.01243597 0.01171942 0.         0.         0.         0.         0.         0.01171942],[0. 0. 0. 0. 1. 0. 0. 0. 1. 1. 0. 0. 0. 0. 0. 1. 1. 0. 0. 0. 0. 0. 0. 1. 1. 0. 0. 0. 0. 0. 1.],8.0,best,1000,1000,100,0.9,0.5,0.9,0.5,0.9,5,0.12,1,8,,run_07,10
130,-0.005664777436959017,0.182495,0.00377858004042081,0.552,0.83379077108603,0.6651478093844946,[0.         0.         0.         0.         0.90805643 0.         0.         0.         0.01939299 0.01201326 0.         0.         0.         0.         0.         0.01264926 0.01201326 0.         0.         0.         0.         0.         0.         0.01243597 0.01171942 0.         0.         0.         0.         0.         0.01171942],[0. 0. 0. 0. 1. 0. 0. 0. 1. 1. 0. 0. 0. 0. 0. 1. 1. 0. 0. 0. 0. 0. 0. 1. 1. 0. 0. 0. 0. 0. 1.],8.0,best,1000,1000,100,0.9,0.5,0.9,0.5,0.9,5,0.12,1,8,,run_07,10
140,-0.005664777436959017,0.182495,0.00377858004042081,0.556,0.828904235391859,0.6200534279250168,[0.         0.         0.         0.         0.90805643 0.         0.         0.         0.01939299 0.01201326 0.         0.         0.         0.         0.         0.01264926 0.01201326 0.         0.         0.         0.         0.         0.         0.01243597 0.01171942 0.         0.         0.         0.         0.         0.01171942],[0. 0. 0. 0. 1. 0. 0. 0. 1. 1. 0. 0. 0. 0. 0. 1. 1. 0. 0. 0. 0. 0. 0. 1. 1. 0. 0. 0. 0. 0. 1.],8.0,best,1000,1000,100,0.9,0.5,0.9,0.5,0.9,5,0.12,1,8,,run_07,10
150,-0.005664777436959017,0.182495,0.00377858004042081,0.56,0.8240463378547874,3.24449824280836,[0.         0.         0.         0.         0.90805643 0.         0.         0.         0.01939299 0.01201326 0.         0.         0.         0.         0.         0.01264926 0.01201326 0.         0.         0.         0.         0.         0.         0.01243597 0.01171942 0.         0.         0.         0.         0.         0.01171942],[0. 0. 0. 0. 1. 0. 0. 0. 1. 1. 0. 0. 0. 0. 0. 1. 1. 0. 0. 0. 0. 0. 0. 1. 1. 0. 0. 0. 0. 0. 1.],8.0,best,1000,1000,100,0.9,0.5,0.9,0.5,0.9,5,0.12,1,8,,run_07,10
160,-0.005664777436959017,0.182495,0.00377858004042081,0.5640000000000001,0.8192169106372932,-0.7367743924138076,[0.         0.         0.         0.         0.90805643 0.         0.         0.         0.01939299 0.01201326 0.         0.         0.         0.         0.         0.01264926 0.01201326 0.         0.         0.         0.         0.         0.         0.01243597 0.01171942 0.         0.         0.         0.         0.         0.01171942],[0. 0. 0. 0. 1. 0. 0. 0. 1. 1. 0. 0. 0. 0. 0. 1. 1. 0. 0. 0. 0. 0. 0. 1. 1. 0. 0. 0. 0. 0. 1.],8.0,best,1000,1000,100,0.9,0.5,0.9,0.5,0.9,5,0.12,1,8,,run_07,10
170,-0.005664777436959017,0.182495,0.00377858004042081,0.5680000000000001,0.8144157868854872,-4.827209337230533,[0.         0.         0.         0.         0.90805643 0.         0.         0.         0.01939299 0.01201326 0.         0.         0.         0.         0.         0.01264926 0.01201326 0.         0.         0.         0.         0.         0.         0.01243597 0.01171942 0.         0.         0.         0.         0.         0.01171942],[0. 0. 0. 0. 1. 0. 0. 0. 1. 1. 0. 0. 0. 0. 0. 1. 1. 0. 0. 0. 0. 0. 0. 1. 1. 0. 0. 0. 0. 0. 1.],8.0,best,1000,1000,100,0.9,0.5,0.9,0.5,0.9,5,0.12,1,8,,run_07,10
180,-0.005856464649475133,0.183388,0.004409834275454059,0.5720000000000001,0.8096428007233489,-2.805291474087378,[0.         0.         0.         0.         0.89704554 0.         0.         0.         0.         0.         0.01548255 0.         0.         0.01276142 0.01569302 0.         0.         0.         0.         0.         0.         0.01574702 0.         0.         0.         0.01525452 0.         0.01525452 0.01276142 0.         0.        ],[0. 0. 0. 0. 1. 0. 0. 0. 0. 0. 1. 0. 0. 1. 1. 0. 0. 0. 0. 0. 0. 1. 0. 0. 0. 1. 0. 1. 1. 0. 0.],8.0,best,1000,1000,100,0.9,0.5,0.9,0.5,0.9,5,0.12,1,8,,run_07,10
190,-0.005856464649475133,0.183388,0.004409834275454059,0.576,0.8048977872469943,1.0508037765170795,[0.         0.         0.         0.         0.89704554 0.         0.         0.         0.         0.         0.01548255 0.         0.         0.01276142 0.01569302 0.         0.         0.         0.         0.         0.         0.01574702 0.         0.         0.         0.01525452 0.         0.01525452 0.01276142 0.         0.        ],[0. 0. 0. 0. 1. 0. 0. 0. 0. 0. 1. 0. 0. 1. 1. 0. 0. 0. 0. 0. 0. 1. 0. 0. 0. 1. 0. 1. 1. 0. 0.],8.0,best,1000,1000,100,0.9,0.5,0.9,0.5,0.9,5,0.12,1,8,,run_07,10
200,-0.005856464649475133,0.183388,0.004409834275454059,0.58,0.80018058251898,-0.6065578779553304,[0.         0.         0.         0.         0.89704554 0.         0.         0.         0.         0.         0.01548255 0.         0.         0.01276142 0.01569302 0.         0.         0.         0.         0.         0.         0.01574702 0.         0.         0.         0.01525452 0.         0.01525452 0.01276142 0.         0.        ],[0. 0. 0. 0. 1. 0. 0. 0. 0. 0. 1. 0. 0. 1. 1. 0. 0. 0. 0. 0. 0. 1. 0. 0. 0. 1. 0. 1. 1. 0. 0.],8.0,best,1000,1000,100,0.9,0.5,0.9,0.5,0.9,5,0.12,1,8,,run_07,10
210,-0.005856464649475133,0.183388,0.004409834275454059,0.584,0.7954910235626383,2.2519004288438955,[0.         0.         0.         0.         0.89704554 0.         0.         0.         0.         0.         0.01548255 0.         0.         0.01276142 0.01569302 0.         0.         0.         0.         0.         0.         0.01574702 0.         0.         0.         0.01525452 0.         0.01525452 0.01276142 0.         0.        ],[0. 0. 0. 0. 1. 0. 0. 0. 0. 0. 1. 0. 0. 1. 1. 0. 0. 0. 0. 0. 0. 1. 0. 0. 0. 1. 0. 1. 1. 0. 0.],8.0,best,1000,1000,100,0.9,0.5,0.9,0.5,0.9,5,0.12,1,8,,run_07,10
220,-0.005856464649475133,0.183388,0.004409834275454059,0.588,0.7908289483564468,2.991553956024175,[0.         0.         0.         0.         0.89704554 0.         0.         0.         0.         0.         0.01548255 0.         0.         0.01276142 0.01569302 0.         0.         0.         0.         0.         0.         0.01574702 0.         0.         0.         0.01525452 0.         0.01525452 0.01276142 0.         0.        ],[0. 0. 0. 0. 1. 0. 0. 0. 0. 0. 1. 0. 0. 1. 1. 0. 0. 0. 0. 0. 0. 1. 0. 0. 0. 1. 0. 1. 1. 0. 0.],8.0,best,1000,1000,100,0.9,0.5,0.9,0.5,0.9,5,0.12,1,8,,run_07,10
230,-0.005856464649475133,0.183388,0.004409834275454059,0.592,0.7861941958284306,5.844681172172926,[0.         0.         0.         0.         0.89704554 0.         0.         0.         0.         0.         0.01548255 0.         0.         0.01276142 0.01569302 0.         0.         0.         0.         0.         0.         0.01574702 0.         0.         0.         0.01525452 0.         0.01525452 0.01276142 0.         0.        ],[0. 0. 0. 0. 1. 0. 0. 0. 0. 0. 1. 0. 0. 1. 1. 0. 0. 0. 0. 0. 0. 1. 0. 0. 0. 1. 0. 1. 1. 0. 0.],8.0,best,1000,1000,100,0.9,0.5,0.9,0.5,0.9,5,0.12,1,8,,run_07,10
240,-0.005856464649475133,0.183388,0.004409834275454059,0.596,0.7815866058505976,8.346784486148564,[0.         0.         0.         0.         0.89704554 0.         0.         0.         0.         0.         0.01548255 0.         0.         0.01276142 0.01569302 0.         0.         0.         0.         0.         0.         0.01574702 0.         0.         0.         0.01525452 0.         0.01525452 0.01276142 0.         0.        ],[0. 0. 0. 0. 1. 0. 0. 0. 0. 0. 1. 0. 0. 1. 1. 0. 0. 0. 0. 0. 0. 1. 0. 0. 0. 1. 0. 1. 1. 0. 0.],8.0,best,1000,1000,100,0.9,0.5,0.9,0.5,0.9,5,0.12,1,8,,run_07,10
250,-0.005856464649475133,0.183388,0.004409834275454059,0.6,0.7770060192334055,-4.366270394364099,[0.         0.         0.         0.         0.89704554 0.         0.         0.         0.         0.         0.01548255 0.         0.         0.01276142 0.01569302 0.         0.         0.         0.         0.         0.         0.01574702 0.         0.         0.         0.01525452 0.         0.01525452 0.01276142 0.         0.        ],[0. 0. 0. 0. 1. 0. 0. 0. 0. 0. 1. 0. 0. 1. 1. 0. 0. 0. 0. 0. 0. 1. 0. 0. 0. 1. 0. 1. 1. 0. 0.],8.0,best,1000,1000,100,0.9,0.5,0.9,0.5,0.9,5,0.12,1,8,,run_07,10
260,-0.005856464649475133,0.183388,0.004409834275454059,0.604,0.7724522777202627,-2.989082227544479,[0.         0.         0.         0.         0.89704554 0.         0.         0.         0.         0.         0.01548255 0.         0.         0.01276142 0.01569302 0.         0.         0.         0.         0.         0.         0.01574702 0.         0.         0.         0.01525452 0.         0.01525452 0.01276142 0.         0.        ],[0. 0. 0. 0. 1. 0. 0. 0. 0. 0. 1. 0. 0. 1. 1. 0. 0. 0. 0. 0. 0. 1. 0. 0. 0. 1. 0. 1. 1. 0. 0.],8.0,best,1000,1000,100,0.9,0.5,0.9,0.5,0.9,5,0.12,1,8,,run_07,10
270,-0.005856464649475133,0.183388,0.004409834275454059,0.608,0.7679252239820602,-3.7206507086017253,[0.         0.         0.         0.         0.89704554 0.         0.         0.         0.         0.         0.01548255 0.         0.         0.01276142 0.01569302 0.         0.         0.         0.         0.         0.         0.01574702 0.         0.         0.         0.01525452 0.         0.01525452 0.01276142 0.         0.        ],[0. 0. 0. 0. 1. 0. 0. 0. 0. 0. 1. 0. 0. 1. 1. 0. 0. 0. 0. 0. 0. 1. 0. 0. 0. 1. 0. 1. 1. 0. 0.],8.0,best,1000,1000,100,0.9,0.5,0.9,0.5,0.9,5,0.12,1,8,,run_07,10
280,-0.005856464649475133,0.183388,0.004409834275454059,0.612,0.7634247016117359,0.6593066689156929,[0.         0.         0.         0.         0.89704554 0.         0.         0.         0.         0.         0.01548255 0.         0.         0.01276142 0.01569302 0.         0.         0.         0.         0.         0.         0.01574702 0.         0.         0.         0.01525452 0.         0.01525452 0.01276142 0.         0.        ],[0. 0. 0. 0. 1. 0. 0. 0. 0. 0. 1. 0. 0. 1. 1. 0. 0. 0. 0. 0. 0. 1. 0. 0. 0. 1. 0. 1. 1. 0. 0.],8.0,best,1000,1000,100,0.9,0.5,0.9,0.5,0.9,5,0.12,1,8,,run_07,10
290,-0.005856464649475133,0.183388,0.004409834275454059,0.616,0.758950555118871,4.136704917008947,[0.         0.         0.         0.         0.89704554 0.         0.         0.         0.         0.         0.01548255 0.         0.         0.01276142 0.01569302 0.         0.         0.         0.         0.         0.         0.01574702 0.         0.         0.         0.01525452 0.         0.01525452 0.01276142 0.         0.        ],[0. 0. 0. 0. 1. 0. 0. 0. 0. 0. 1. 0. 0. 1. 1. 0. 0. 0. 0. 0. 0. 1. 0. 0. 0. 1. 0. 1. 1. 0. 0.],8.0,best,1000,1000,100,0.9,0.5,0.9,0.5,0.9,5,0.12,1,8,,run_07,10
300,-0.005856464649475133,0.183388,0.004409834275454059,0.62,0.754502629924318,3.1673953464723756,[0.         0.         0.         0.         0.89704554 0.         0.         0.         0.         0.         0.01548255 0.         0.         0.01276142 0.01569302 0.         0.         0.         0.         0.         0.         0.01574702 0.         0.         0.         0.01525452 0.         0.01525452 0.01276142 0.         0.        ],[0. 0. 0. 0. 1. 0. 0. 0. 0. 0. 1. 0. 0. 1. 1. 0. 0. 0. 0. 0. 0. 1. 0. 0. 0. 1. 0. 1. 1. 0. 0.],8.0,best,1000,1000,100,0.9,0.5,0.9,0.5,0.9,5,0.12,1,8,,run_07,10
310,-0.005856464649475133,0.183388,0.004409834275454059,0.624,0.7500807723548599,-0.06311326461993677,[0.         0.         0.         0.         0.89704554 0.         0.         0.         0.         0.         0.01548255 0.         0.         0.01276142 0.01569302 0.         0.         0.         0.         0.         0.         0.01574702 0.         0.         0.         0.01525452 0.         0.01525452 0.01276142 0.         0.        ],[0. 0. 0. 0. 1. 0. 0. 0. 0. 0. 1. 0. 0. 1. 1. 0. 0. 0. 0. 0. 0. 1. 0. 0. 0. 1. 0. 1. 1. 0. 0.],8.0,best,1000,1000,100,0.9,0.5,0.9,0.5,0.9,5,0.12,1,8,,run_07,10
320,-0.005856464649475133,0.183388,0.004409834275454059,0.628,0.7456848296379008,-0.7638115196893669,[0.         0.         0.         0.         0.89704554 0.         0.         0.         0.         0.         0.01548255 0.         0.         0.01276142 0.01569302 0.         0.         0.         0.         0.         0.         0.01574702 0.         0.         0.         0.01525452 0.         0.01525452 0.01276142 0.         0.        ],[0. 0. 0. 0. 1. 0. 0. 0. 0. 0. 1. 0. 0. 1. 1. 0. 0. 0. 0. 0. 0. 1. 0. 0. 0. 1. 0. 1. 1. 0. 0.],8.0,best,1000,1000,100,0.9,0.5,0.9,0.5,0.9,5,0.12,1,8,,run_07,10
330,-0.005856464649475133,0.183388,0.004409834275454059,0.632,0.7413146498961878,-3.345954986379248,[0.         0.         0.         0.         0.89704554 0.         0.         0.         0.         0.         0.01548255 0.         0.         0.01276142 0.01569302 0.         0.         0.         0.         0.         0.         0.01574702 0.         0.         0.         0.01525452 0.         0.01525452 0.01276142 0.         0.        ],[0. 0. 0. 0. 1. 0. 0. 0. 0. 0. 1. 0. 0. 1. 1. 0. 0. 0. 0. 0. 0. 1. 0. 0. 0. 1. 0. 1. 1. 0. 0.],8.0,best,1000,1000,100,0.9,0.5,0.9,0.5,0.9,5,0.12,1,8,,run_07,10
340,-0.005856464649475133,0.183388,0.004409834275454059,0.636,0.7369700821425638,-1.0354860528241474,[0.         0.         0.         0.         0.89704554 0.         0.         0.         0.         0.         0.01548255 0.         0.         0.01276142 0.01569302 0.         0.         0.         0.         0.         0.         0.01574702 0.         0.         0.         0.01525452 0.         0.01525452 0.01276142 0.         0.        ],[0. 0. 0. 0. 1. 0. 0. 0. 0. 0. 1. 0. 0. 1. 1. 0. 0. 0. 0. 0. 0. 1. 0. 0. 0. 1. 0. 1. 1. 0. 0.],8.0,best,1000,1000,100,0.9,0.5,0.9,0.5,0.9,5,0.12,1,8,,run_07,10
350,-0.005856464649475133,0.183388,0.004409834275454059,0.64,0.7326509762747511,-2.360150312530858,[0.         0.         0.         0.         0.89704554 0.         0.         0.         0.         0.         0.01548255 0.         0.         0.01276142 0.01569302 0.         0.         0.         0.         0.         0.         0.01574702 0.         0.         0.         0.01525452 0.         0.01525452 0.01276142 0.         0.        ],[0. 0. 0. 0. 1. 0. 0. 0. 0. 0. 1. 0. 0. 1. 1. 0. 0. 0. 0. 0. 0. 1. 0. 0. 0. 1. 0. 1. 1. 0. 0.],8.0,best,1000,1000,100,0.9,0.5,0.9,0.5,0.9,5,0.12,1,8,,run_07,10
360,-0.005856464649475133,0.183388,0.004409834275454059,0.644,0.7283571830701648,2.423094489501423,[0.         0.         0.         0.         0.89704554 0.         0.         0.         0.         0.         0.01548255 0.         0.         0.01276142 0.01569302 0.         0.         0.         0.         0.         0.         0.01574702 0.         0.         0.         0.01525452 0.         0.01525452 0.01276142 0.         0.        ],[0. 0. 0. 0. 1. 0. 0. 0. 0. 0. 1. 0. 0. 1. 1. 0. 0. 0. 0. 0. 0. 1. 0. 0. 0. 1. 0. 1. 1. 0. 0.],8.0,best,1000,1000,100,0.9,0.5,0.9,0.5,0.9,5,0.12,1,8,,run_07,10
370,-0.005856464649475133,0.183388,0.004409834275454059,0.648,0.7240885541807586,-1.2203355332051389,[0.         0.         0.         0.         0.89704554 0.         0.         0.         0.         0.         0.01548255 0.         0.         0.01276142 0.01569302 0.         0.         0.         0.         0.         0.         0.01574702 0.         0.         0.         0.01525452 0.         0.01525452 0.01276142 0.         0.        ],[0. 0. 0. 0. 1. 0. 0. 0. 0. 0. 1. 0. 0. 1. 1. 0. 0. 0. 0. 0. 0. 1. 0. 0. 0. 1. 0. 1. 1. 0. 0.],8.0,best,1000,1000,100,0.9,0.5,0.9,0.5,0.9,5,0.12,1,8,,run_07,10
380,-0.005856464649475133,0.183388,0.004409834275454059,0.652,0.7198449421278975,-0.4920580353189518,[0.         0.         0.         0.         0.89704554 0.         0.         0.         0.         0.         0.01548255 0.         0.         0.01276142 0.01569302 0.         0.         0.         0.         0.         0.         0.01574702 0.         0.         0.         0.01525452 0.         0.01525452 0.01276142 0.         0.        ],[0. 0. 0. 0. 1. 0. 0. 0. 0. 0. 1. 0. 0. 1. 1. 0. 0. 0. 0. 0. 0. 1. 0. 0. 0. 1. 0. 1. 1. 0. 0.],8.0,best,1000,1000,100,0.9,0.5,0.9,0.5,0.9,5,0.12,1,8,,run_07,10
390,-0.005856464649475133,0.183388,0.004409834275454059,0.656,0.7156262002972644,2.0915399587970196,[0.         0.         0.         0.         0.89704554 0.         0.         0.         0.         0.         0.01548255 0.         0.         0.01276142 0.01569302 0.         0.         0.         0.         0.         0.         0.01574702 0.         0.         0.         0.01525452 0.         0.01525452 0.01276142 0.         0.        ],[0. 0. 0. 0. 1. 0. 0. 0. 0. 0. 1. 0. 0. 1. 1. 0. 0. 0. 0. 0. 0. 1. 0. 0. 0. 1. 0. 1. 1. 0. 0.],8.0,best,1000,1000,100,0.9,0.5,0.9,0.5,0.9,5,0.12,1,8,,run_07,10
400,-0.005856464649475133,0.183388,0.004409834275454059,0.66,0.7114321829337936,-2.085365033606091,[0.         0.         0.         0.         0.89704554 0.         0.         0.         0.         0.         0.01548255 0.         0.         0.01276142 0.01569302 0.         0.         0.         0.         0.         0.         0.01574702 0.         0.         0.         0.01525452 0.         0.01525452 0.01276142 0.         0.        ],[0. 0. 0. 0. 1. 0. 0. 0. 0. 0. 1. 0. 0. 1. 1. 0. 0. 0. 0. 0. 0. 1. 0. 0. 0. 1. 0. 1. 1. 0. 0.],8.0,best,1000,1000,100,0.9,0.5,0.9,0.5,0.9,5,0.12,1,8,,run_07,10
410,-0.005856464649475133,0.183388,0.004409834275454059,0.664,0.7072627451366351,3.7017887303958705,[0.         0.         0.         0.         0.89704554 0.         0.         0.         0.         0.         0.01548255 0.         0.         0.01276142 0.01569302 0.         0.         0.         0.         0.         0.         0.01574702 0.         0.         0.         0.01525452 0.         0.01525452 0.01276142 0.         0.        ],[0. 0. 0. 0. 1. 0. 0. 0. 0. 0. 1. 0. 0. 1. 1. 0. 0. 0. 0. 0. 0. 1. 0. 0. 0. 1. 0. 1. 1. 0. 0.],8.0,best,1000,1000,100,0.9,0.5,0.9,0.5,0.9,5,0.12,1,8,,run_07,10
420,-0.005856464649475133,0.183388,0.004409834275454059,0.668,0.7031177428541489,-0.5733944526759149,[0.         0.         0.         0.         0.89704554 0.         0.         0.         0.         0.         0.01548255 0.         0.         0.01276142 0.01569302 0.         0.         0.         0.         0.         0.         0.01574702 0.         0.         0.         0.01525452 0.         0.01525452 0.01276142 0.         0.        ],[0. 0. 0. 0. 1. 0. 0. 0. 0. 0. 1. 0. 0. 1. 1. 0. 0. 0. 0. 0. 0. 1. 0. 0. 0. 1. 0. 1. 1. 0. 0.],8.0,best,1000,1000,100,0.9,0.5,0.9,0.5,0.9,5,0.12,1,8,,run_07,10
430,-0.005856464649475133,0.183388,0.004409834275454059,0.672,0.6989970328789274,1.515531686758864,[0.         0.         0.         0.         0.89704554 0.         0.         0.         0.         0.         0.01548255 0.         0.         0.01276142 0.01569302 0.         0.         0.         0.         0.         0.         0.01574702 0.         0.         0.         0.01525452 0.         0.01525452 0.01276142 0.         0.        ],[0. 0. 0. 0. 1. 0. 0. 0. 0. 0. 1. 0. 0. 1. 1. 0. 0. 0. 0. 0. 0. 1. 0. 0. 0. 1. 0. 1. 1. 0. 0.],8.0,best,1000,1000,100,0.9,0.5,0.9,0.5,0.9,5,0.12,1,8,,run_07,10
440,-0.005856464649475133,0.183388,0.004409834275454059,0.676,0.6949004728428485,-2.739886892893811,[0.         0.         0.         0.         0.89704554 0.         0.         0.         0.         0.         0.01548255 0.         0.         0.01276142 0.01569302 0.         0.         0.         0.         0.         0.         0.01574702 0.         0.         0.         0.01525452 0.         0.01525452 0.01276142 0.         0.        ],[0. 0. 0. 0. 1. 0. 0. 0. 0. 0. 1. 0. 0. 1. 1. 0. 0. 0. 0. 0. 0. 1. 0. 0. 0. 1. 0. 1. 1. 0. 0.],8.0,best,1000,1000,100,0.9,0.5,0.9,0.5,0.9,5,0.12,1,8,,run_07,10
450,-0.005856464649475133,0.183388,0.004409834275454059,0.68,0.6908279212121557,1.6655165949138149,[0.         0.         0.         0.         0.89704554 0.         0.         0.         0.         0.         0.01548255 0.         0.         0.01276142 0.01569302 0.         0.         0.         0.         0.         0.         0.01574702 0.         0.         0.         0.01525452 0.         0.01525452 0.01276142 0.         0.        ],[0. 0. 0. 0. 1. 0. 0. 0. 0. 0. 1. 0. 0. 1. 1. 0. 0. 0. 0. 0. 0. 1. 0. 0. 0. 1. 0. 1. 1. 0. 0.],8.0,best,1000,1000,100,0.9,0.5,0.9,0.5,0.9,5,0.12,1,8,,run_07,10
460,-0.005856464649475133,0.183388,0.004409834275454059,0.6839999999999999,0.6867792372825697,4.916990897184924,[0.         0.         0.         0.         0.89704554 0.         0.         0.         0.         0.         0.01548255 0.         0.         0.01276142 0.01569302 0.         0.         0.         0.         0.         0.         0.01574702 0.         0.         0.         0.01525452 0.         0.01525452 0.01276142 0.         0.        ],[0. 0. 0. 0. 1. 0. 0. 0. 0. 0. 1. 0. 0. 1. 1. 0. 0. 0. 0. 0. 0. 1. 0. 0. 0. 1. 0. 1. 1. 0. 0.],8.0,best,1000,1000,100,0.9,0.5,0.9,0.5,0.9,5,0.12,1,8,,run_07,10
470,-0.005856464649475133,0.183388,0.004409834275454059,0.688,0.6827542811744257,-4.900744929375025,[0.         0.         0.         0.         0.89704554 0.         0.         0.         0.         0.         0.01548255 0.         0.         0.01276142 0.01569302 0.         0.         0.         0.         0.         0.         0.01574702 0.         0.         0.         0.01525452 0.         0.01525452 0.01276142 0.         0.        ],[0. 0. 0. 0. 1. 0. 0. 0. 0. 0. 1. 0. 0. 1. 1. 0. 0. 0. 0. 0. 0. 1. 0. 0. 0. 1. 0. 1. 1. 0. 0.],8.0,best,1000,1000,100,0.9,0.5,0.9,0.5,0.9,5,0.12,1,8,,run_07,10
480,-0.005856464649475133,0.183388,0.004409834275454059,0.692,0.6787529138278415,-0.48519674848031785,[0.         0.         0.         0.         0.89704554 0.         0.         0.         0.         0.         0.01548255 0.         0.         0.01276142 0.01569302 0.         0.         0.         0.         0.         0.         0.01574702 0.         0.         0.         0.01525452 0.         0.01525452 0.01276142 0.         0.        ],[0. 0. 0. 0. 1. 0. 0. 0. 0. 0. 1. 0. 0. 1. 1. 0. 0. 0. 0. 0. 0. 1. 0. 0. 0. 1. 0. 1. 1. 0. 0.],8.0,best,1000,1000,100,0.9,0.5,0.9,0.5,0.9,5,0.12,1,8,,run_07,10
490,-0.005856464649475133,0.183388,0.004409834275454059,0.696,0.6747749969979128,0.8086024354683164,[0.         0.         0.         0.         0.89704554 0.         0.         0.         0.         0.         0.01548255 0.         0.         0.01276142 0.01569302 0.         0.         0.         0.         0.         0.         0.01574702 0.         0.         0.         0.01525452 0.         0.01525452 0.01276142 0.         0.        ],[0. 0. 0. 0. 1. 0. 0. 0. 0. 0. 1. 0. 0. 1. 1. 0. 0. 0. 0. 0. 0. 1. 0. 0. 0. 1. 0. 1. 1. 0. 0.],8.0,best,1000,1000,100,0.9,0.5,0.9,0.5,0.9,5,0.12,1,8,,run_07,10
500,-0.005856464649475133,0.183388,0.004409834275454059,0.7,0.6708203932499369,-2.1600246326479535,[0.         0.         0.         0.         0.89704554 0.         0.         0.         0.         0.         0.01548255 0.         0.         0.01276142 0.01569302 0.         0.         0.         0.         0.         0.         0.01574702 0.         0.         0.         0.01525452 0.         0.01525452 0.01276142 0.         0.        ],[0. 0. 0. 0. 1. 0. 0. 0. 0. 0. 1. 0. 0. 1. 1. 0. 0. 0. 0. 0. 0. 1. 0. 0. 0. 1. 0. 1. 1. 0. 0.],8.0,best,1000,1000,100,0.9,0.5,0.9,0.5,0.9,5,0.12,1,8,,run_07,10
510,-0.006377071224713019,0.184439,0.004064870415797327,0.704,0.6668889659546647,-2.7528469482710007,[0.         0.         0.         0.         0.915073   0.         0.         0.         0.         0.01137917 0.         0.         0.         0.         0.         0.         0.01229436 0.01224595 0.         0.01137917 0.         0.         0.         0.         0.         0.01137917 0.         0.01417049 0.01207867 0.         0.        ],[0. 0. 0. 0. 1. 0. 0. 0. 0. 1. 0. 0. 0. 0. 0. 0. 1. 1. 0. 1. 0. 0. 0. 0. 0. 1. 0. 1. 1. 0. 0.],8.0,best,1000,1000,100,0.9,0.5,0.9,0.5,0.9,5,0.12,1,8,,run_07,10
520,-0.006377071224713019,0.184439,0.004064870415797327,0.708,0.6629805792835798,3.7730223985383398,[0.         0.         0.         0.         0.915073   0.         0.         0.         0.         0.01137917 0.         0.         0.         0.         0.         0.         0.01229436 0.01224595 0.         0.01137917 0.         0.         0.         0.         0.         0.01137917 0.         0.01417049 0.01207867 0.         0.        ],[0. 0. 0. 0. 1. 0. 0. 0. 0. 1. 0. 0. 0. 0. 0. 0. 1. 1. 0. 1. 0. 0. 0. 0. 0. 1. 0. 1. 1. 0. 0.],8.0,best,1000,1000,100,0.9,0.5,0.9,0.5,0.9,5,0.12,1,8,,run_07,10
530,-0.006377071224713019,0.184439,0.004064870415797327,0.712,0.6590950982042059,4.034269935627109,[0.         0.         0.         0.         0.915073   0.         0.         0.         0.         0.01137917 0.         0.         0.         0.         0.         0.         0.01229436 0.01224595 0.         0.01137917 0.         0.         0.         0.         0.         0.01137917 0.         0.01417049 0.01207867 0.         0.        ],[0. 0. 0. 0. 1. 0. 0. 0. 0. 1. 0. 0. 0. 0. 0. 0. 1. 1. 0. 1. 0. 0. 0. 0. 0. 1. 0. 1. 1. 0. 0.],8.0,best,1000,1000,100,0.9,0.5,0.9,0.5,0.9,5,0.12,1,8,,run_07,10
540,-0.006377071224713019,0.184439,0.004064870415797327,0.716,0.6552323884754414,-2.5039820535489032,[0.         0.         0.         0.         0.915073   0.         0.         0.         0.         0.01137917 0.         0.         0.         0.         0.         0.         0.01229436 0.01224595 0.         0.01137917 0.         0.         0.         0.         0.         0.01137917 0.         0.01417049 0.01207867 0.         0.        ],[0. 0. 0. 0. 1. 0. 0. 0. 0. 1. 0. 0. 0. 0. 0. 0. 1. 1. 0. 1. 0. 0. 0. 0. 0. 1. 0. 1. 1. 0. 0.],8.0,best,1000,1000,100,0.9,0.5,0.9,0.5,0.9,5,0.12,1,8,,run_07,10
550,-0.006377071224713019,0.184439,0.004064870415797327,0.72,0.651392316642922,1.2773047100307626,[0.         0.         0.         0.         0.915073   0.         0.         0.         0.         0.01137917 0.         0.         0.         0.         0.         0.         0.01229436 0.01224595 0.         0.01137917 0.         0.         0.         0.         0.         0.01137917 0.         0.01417049 0.01207867 0.         0.        ],[0. 0. 0. 0. 1. 0. 0. 0. 0. 1. 0. 0. 0. 0. 0. 0. 1. 1. 0. 1. 0. 0. 0. 0. 0. 1. 0. 1. 1. 0. 0.],8.0,best,1000,1000,100,0.9,0.5,0.9,0.5,0.9,5,0.12,1,8,,run_07,10
560,-0.006377071224713019,0.184439,0.004064870415797327,0.724,0.6475747500344088,-4.367263098439086,[0.         0.         0.         0.         0.915073   0.         0.         0.         0.         0.01137917 0.         0.         0.         0.         0.         0.         0.01229436 0.01224595 0.         0.01137917 0.         0.         0.         0.         0.         0.01137917 0.         0.01417049 0.01207867 0.         0.        ],[0. 0. 0. 0. 1. 0. 0. 0. 0. 1. 0. 0. 0. 0. 0. 0. 1. 1. 0. 1. 0. 0. 0. 0. 0. 1. 0. 1. 1. 0. 0.],8.0,best,1000,1000,100,0.9,0.5,0.9,0.5,0.9,5,0.12,1,8,,run_07,10
570,-0.006377071224713019,0.184439,0.004064870415797327,0.728,0.643779556755206,6.085692796150733,[0.         0.         0.         0.         0.915073   0.         0.         0.         0.         0.01137917 0.         0.         0.         0.         0.         0.         0.01229436 0.01224595 0.         0.01137917 0.         0.         0.         0.         0.         0.01137917 0.         0.01417049 0.01207867 0.         0.        ],[0. 0. 0. 0. 1. 0. 0. 0. 0. 1. 0. 0. 0. 0. 0. 0. 1. 1. 0. 1. 0. 0. 0. 0. 0. 1. 0. 1. 1. 0. 0.],8.0,best,1000,1000,100,0.9,0.5,0.9,0.5,0.9,5,0.12,1,8,,run_07,10
580,-0.006377071224713019,0.184439,0.004064870415797327,0.732,0.6400066056836028,7.9472151789023755,[0.         0.         0.         0.         0.915073   0.         0.         0.         0.         0.01137917 0.         0.         0.         0.         0.         0.         0.01229436 0.01224595 0.         0.01137917 0.         0.         0.         0.         0.         0.01137917 0.         0.01417049 0.01207867 0.         0.        ],[0. 0. 0. 0. 1. 0. 0. 0. 0. 1. 0. 0. 0. 0. 0. 0. 1. 1. 0. 1. 0. 0. 0. 0. 0. 1. 0. 1. 1. 0. 0.],8.0,best,1000,1000,100,0.9,0.5,0.9,0.5,0.9,5,0.12,1,8,,run_07,10
590,-0.006377071224713019,0.184439,0.004064870415797327,0.736,0.6362557664663436,2.471343154222958,[0.         0.         0.         0.         0.915073   0.         0.         0.         0.         0.01137917 0.         0.         0.         0.         0.         0.         0.01229436 0.01224595 0.         0.01137917 0.         0.         0.         0.         0.         0.01137917 0.         0.01417049 0.01207867 0.         0.        ],[0. 0. 0. 0. 1. 0. 0. 0. 0. 1. 0. 0. 0. 0. 0. 0. 1. 1. 0. 1. 0. 0. 0. 0. 0. 1. 0. 1. 1. 0. 0.],8.0,best,1000,1000,100,0.9,0.5,0.9,0.5,0.9,5,0.12,1,8,,run_07,10
600,-0.006377071224713019,0.184439,0.004064870415797327,0.74,0.632526909514125,-1.9214425691374124,[0.         0.         0.         0.         0.915073   0.         0.         0.         0.         0.01137917 0.         0.         0.         0.         0.         0.         0.01229436 0.01224595 0.         0.01137917 0.         0.         0.         0.         0.         0.01137917 0.         0.01417049 0.01207867 0.         0.        ],[0. 0. 0. 0. 1. 0. 0. 0. 0. 1. 0. 0. 0. 0. 0. 0. 1. 1. 0. 1. 0. 0. 0. 0. 0. 1. 0. 1. 1. 0. 0.],8.0,best,1000,1000,100,0.9,0.5,0.9,0.5,0.9,5,0.12,1,8,,run_07,10
610,-0.006377071224713019,0.184439,0.004064870415797327,0.744,0.6288199059971173,-3.4422193740325944,[0.         0.         0.         0.         0.915073   0.         0.         0.         0.         0.01137917 0.         0.         0.         0.         0.         0.         0.01229436 0.01224595 0.         0.01137917 0.         0.         0.         0.         0.         0.01137917 0.         0.01417049 0.01207867 0.         0.        ],[0. 0. 0. 0. 1. 0. 0. 0. 0. 1. 0. 0. 0. 0. 0. 0. 1. 1. 0. 1. 0. 0. 0. 0. 0. 1. 0. 1. 1. 0. 0.],8.0,best,1000,1000,100,0.9,0.5,0.9,0.5,0.9,5,0.12,1,8,,run_07,10
620,-0.006377071224713019,0.184439,0.004064870415797327,0.748,0.6251346278405147,-2.858610769384652,[0.         0.         0.         0.         0.915073   0.         0.         0.         0.         0.01137917 0.         0.         0.         0.         0.         0.         0.01229436 0.01224595 0.         0.01137917 0.         0.         0.         0.         0.         0.01137917 0.         0.01417049 0.01207867 0.         0.        ],[0. 0. 0. 0. 1. 0. 0. 0. 0. 1. 0. 0. 0. 0. 0. 0. 1. 1. 0. 1. 0. 0. 0. 0. 0. 1. 0. 1. 1. 0. 0.],8.0,best,1000,1000,100,0.9,0.5,0.9,0.5,0.9,5,0.12,1,8,,run_07,10
630,-0.006377071224713019,0.184439,0.004064870415797327,0.752,0.6214709477201097,2.4587296425177856,[0.         0.         0.         0.         0.915073   0.         0.         0.         0.         0.01137917 0.         0.         0.         0.         0.         0.         0.01229436 0.01224595 0.         0.01137917 0.         0.         0.         0.         0.         0.01137917 0.         0.01417049 0.01207867 0.         0.        ],[0. 0. 0. 0. 1. 0. 0. 0. 0. 1. 0. 0. 0. 0. 0. 0. 1. 1. 0. 1. 0. 0. 0. 0. 0. 1. 0. 1. 1. 0. 0.],8.0,best,1000,1000,100,0.9,0.5,0.9,0.5,0.9,5,0.12,1,8,,run_07,10
640,-0.006377071224713019,0.184439,0.004064870415797327,0.756,0.6178287390578946,2.629823278386968,[0.         0.         0.         0.         0.915073   0.         0.         0.         0.         0.01137917 0.         0.         0.         0.         0.         0.         0.01229436 0.01224595 0.         0.01137917 0.         0.         0.         0.         0.         0.01137917 0.         0.01417049 0.01207867 0.         0.        ],[0. 0. 0. 0. 1. 0. 0. 0. 0. 1. 0. 0. 0. 0. 0. 0. 1. 1. 0. 1. 0. 0. 0. 0. 0. 1. 0. 1. 1. 0. 0.],8.0,best,1000,1000,100,0.9,0.5,0.9,0.5,0.9,5,0.12,1,8,,run_07,10
650,-0.006377071224713019,0.184439,0.004064870415797327,0.76,0.6142078760176877,-7.578472804043316,[0.         0.         0.         0.         0.915073   0.         0.         0.         0.         0.01137917 0.         0.         0.         0.         0.         0.         0.01229436 0.01224595 0.         0.01137917 0.         0.         0.         0.         0.         0.01137917 0.         0.01417049 0.01207867 0.         0.        ],[0. 0. 0. 0. 1. 0. 0. 0. 0. 1. 0. 0. 0. 0. 0. 0. 1. 1. 0. 1. 0. 0. 0. 0. 0. 1. 0. 1. 1. 0. 0.],8.0,best,1000,1000,100,0.9,0.5,0.9,0.5,0.9,5,0.12,1,8,,run_07,10
660,-0.006377071224713019,0.184439,0.004064870415797327,0.764,0.6106082335007861,0.5057596941203996,[0.         0.         0.         0.         0.915073   0.         0.         0.         0.         0.01137917 0.         0.         0.         0.         0.         0.         0.01229436 0.01224595 0.         0.01137917 0.         0.         0.         0.         0.         0.01137917 0.         0.01417049 0.01207867 0.         0.        ],[0. 0. 0. 0. 1. 0. 0. 0. 0. 1. 0. 0. 0. 0. 0. 0. 1. 1. 0. 1. 0. 0. 0. 0. 0. 1. 0. 1. 1. 0. 0.],8.0,best,1000,1000,100,0.9,0.5,0.9,0.5,0.9,5,0.12,1,8,,run_07,10
670,-0.006377071224713019,0.184439,0.004064870415797327,0.768,0.6070296871416437,-3.5410269904282163,[0.         0.         0.         0.         0.915073   0.         0.         0.         0.         0.01137917 0.         0.         0.         0.         0.         0.         0.01229436 0.01224595 0.         0.01137917 0.         0.         0.         0.         0.         0.01137917 0.         0.01417049 0.01207867 0.         0.        ],[0. 0. 0. 0. 1. 0. 0. 0. 0. 1. 0. 0. 0. 0. 0. 0. 1. 1. 0. 1. 0. 0. 0. 0. 0. 1. 0. 1. 1. 0. 0.],8.0,best,1000,1000,100,0.9,0.5,0.9,0.5,0.9,5,0.12,1,8,,run_07,10
680,-0.006377071224713019,0.184439,0.004064870415797327,0.772,0.6034721133035746,-1.9659058868781085,[0.         0.         0.         0.         0.915073   0.         0.         0.         0.         0.01137917 0.         0.         0.         0.         0.         0.         0.01229436 0.01224595 0.         0.01137917 0.         0.         0.         0.         0.         0.01137917 0.         0.01417049 0.01207867 0.         0.        ],[0. 0. 0. 0. 1. 0. 0. 0. 0. 1. 0. 0. 0. 0. 0. 0. 1. 1. 0. 1. 0. 0. 0. 0. 0. 1. 0. 1. 1. 0. 0.],8.0,best,1000,1000,100,0.9,0.5,0.9,0.5,0.9,5,0.12,1,8,,run_07,10
690,-0.006377071224713019,0.184439,0.004064870415797327,0.776,0.5999353890744809,5.047907378006376,[0.         0.         0.         0.         0.915073   0.         0.         0.         0.         0.01137917 0.         0.         0.         0.         0.         0.         0.01229436 0.01224595 0.         0.01137917 0.         0.         0.         0.         0.         0.01137917 0.         0.01417049 0.01207867 0.         0.        ],[0. 0. 0. 0. 1. 0. 0. 0. 0. 1. 0. 0. 0. 0. 0. 0. 1. 1. 0. 1. 0. 0. 0. 0. 0. 1. 0. 1. 1. 0. 0.],8.0,best,1000,1000,100,0.9,0.5,0.9,0.5,0.9,5,0.12,1,8,,run_07,10
700,-0.006377071224713019,0.184439,0.004064870415797327,0.78,0.5964193922626065,-0.3747731419155649,[0.         0.         0.         0.         0.915073   0.         0.         0.         0.         0.01137917 0.         0.         0.         0.         0.         0.         0.01229436 0.01224595 0.         0.01137917 0.         0.         0.         0.         0.         0.01137917 0.         0.01417049 0.01207867 0.         0.        ],[0. 0. 0. 0. 1. 0. 0. 0. 0. 1. 0. 0. 0. 0. 0. 0. 1. 1. 0. 1. 0. 0. 0. 0. 0. 1. 0. 1. 1. 0. 0.],8.0,best,1000,1000,100,0.9,0.5,0.9,0.5,0.9,5,0.12,1,8,,run_07,10
710,-0.006377071224713019,0.184439,0.004064870415797327,0.784,0.5929240013923155,-0.8398980694001179,[0.         0.         0.         0.         0.915073   0.         0.         0.         0.         0.01137917 0.         0.         0.         0.         0.         0.         0.01229436 0.01224595 0.         0.01137917 0.         0.         0.         0.         0.         0.01137917 0.         0.01417049 0.01207867 0.         0.        ],[0. 0. 0. 0. 1. 0. 0. 0. 0. 1. 0. 0. 0. 0. 0. 0. 1. 1. 0. 1. 0. 0. 0. 0. 0. 1. 0. 1. 1. 0. 0.],8.0,best,1000,1000,100,0.9,0.5,0.9,0.5,0.9,5,0.12,1,8,,run_07,10
720,-0.006377071224713019,0.184439,0.004064870415797327,0.788,0.5894490956998952,3.1938964240633103,[0.         0.         0.         0.         0.915073   0.         0.         0.         0.         0.01137917 0.         0.         0.         0.         0.         0.         0.01229436 0.01224595 0.         0.01137917 0.         0.         0.         0.         0.         0.01137917 0.         0.01417049 0.01207867 0.         0.        ],[0. 0. 0. 0. 1. 0. 0. 0. 0. 1. 0. 0. 0. 0. 0. 0. 1. 1. 0. 1. 0. 0. 0. 0. 0. 1. 0. 1. 1. 0. 0.],8.0,best,1000,1000,100,0.9,0.5,0.9,0.5,0.9,5,0.12,1,8,,run_07,10
730,-0.006377071224713019,0.184439,0.004064870415797327,0.792,0.5859945551293843,-1.4696640559845455,[0.         0.         0.         0.         0.915073   0.         0.         0.         0.         0.01137917 0.         0.         0.         0.         0.         0.         0.01229436 0.01224595 0.         0.01137917 0.         0.         0.         0.         0.         0.01137917 0.         0.01417049 0.01207867 0.         0.        ],[0. 0. 0. 0. 1. 0. 0. 0. 0. 1. 0. 0. 0. 0. 0. 0. 1. 1. 0. 1. 0. 0. 0. 0. 0. 1. 0. 1. 1. 0. 0.],8.0,best,1000,1000,100,0.9,0.5,0.9,0.5,0.9,5,0.12,1,8,,run_07,10
740,-0.006377071224713019,0.184439,0.004064870415797327,0.796,0.5825602603284237,-2.5124376724754054,[0.         0.         0.         0.         0.915073   0.         0.         0.         0.         0.01137917 0.         0.         0.         0.         0.         0.         0.01229436 0.01224595 0.         0.01137917 0.         0.         0.         0.         0.         0.01137917 0.         0.01417049 0.01207867 0.         0.        ],[0. 0. 0. 0. 1. 0. 0. 0. 0. 1. 0. 0. 0. 0. 0. 0. 1. 1. 0. 1. 0. 0. 0. 0. 0. 1. 0. 1. 1. 0. 0.],8.0,best,1000,1000,100,0.9,0.5,0.9,0.5,0.9,5,0.12,1,8,,run_07,10
750,-0.006377071224713019,0.184439,0.004064870415797327,0.8,0.5791460926441346,-0.8147878935801597,[0.         0.         0.         0.         0.915073   0.         0.         0.         0.         0.01137917 0.         0.         0.         0.         0.         0.         0.01229436 0.01224595 0.         0.01137917 0.         0.         0.         0.         0.         0.01137917 0.         0.01417049 0.01207867 0.         0.        ],[0. 0. 0. 0. 1. 0. 0. 0. 0. 1. 0. 0. 0. 0. 0. 0. 1. 1. 0. 1. 0. 0. 0. 0. 0. 1. 0. 1. 1. 0. 0.],8.0,best,1000,1000,100,0.9,0.5,0.9,0.5,0.9,5,0.12,1,8,,run_07,10
760,-0.006377071224713019,0.184439,0.004064870415797327,0.804,0.5757519341190179,3.0105473455883613,[0.         0.         0.         0.         0.915073   0.         0.         0.         0.         0.01137917 0.         0.         0.         0.         0.         0.         0.01229436 0.01224595 0.         0.01137917 0.         0.         0.         0.         0.         0.01137917 0.         0.01417049 0.01207867 0.         0.        ],[0. 0. 0. 0. 1. 0. 0. 0. 0. 1. 0. 0. 0. 0. 0. 0. 1. 1. 0. 1. 0. 0. 0. 0. 0. 1. 0. 1. 1. 0. 0.],8.0,best,1000,1000,100,0.9,0.5,0.9,0.5,0.9,5,0.12,1,8,,run_07,10
770,-0.006377071224713019,0.184439,0.004064870415797327,0.808,0.5723776674868795,0.26661341050934506,[0.         0.         0.         0.         0.915073   0.         0.         0.         0.         0.01137917 0.         0.         0.         0.         0.         0.         0.01229436 0.01224595 0.         0.01137917 0.         0.         0.         0.         0.         0.01137917 0.         0.01417049 0.01207867 0.         0.        ],[0. 0. 0. 0. 1. 0. 0. 0. 0. 1. 0. 0. 0. 0. 0. 0. 1. 1. 0. 1. 0. 0. 0. 0. 0. 1. 0. 1. 1. 0. 0.],8.0,best,1000,1000,100,0.9,0.5,0.9,0.5,0.9,5,0.12,1,8,,run_07,10
780,-0.006377071224713019,0.184439,0.004064870415797327,0.812,0.5690231761687783,3.2127212851486124,[0.         0.         0.         0.         0.915073   0.         0.         0.         0.         0.01137917 0.         0.         0.         0.         0.         0.         0.01229436 0.01224595 0.         0.01137917 0.         0.         0.         0.         0.         0.01137917 0.         0.01417049 0.01207867 0.         0.        ],[0. 0. 0. 0. 1. 0. 0. 0. 0. 1. 0. 0. 0. 0. 0. 0. 1. 1. 0. 1. 0. 0. 0. 0. 0. 1. 0. 1. 1. 0. 0.],8.0,best,1000,1000,100,0.9,0.5,0.9,0.5,0.9,5,0.12,1,8,,run_07,10
790,-0.006377071224713019,0.184439,0.004064870415797327,0.8160000000000001,0.5656883442689989,3.2876757498855103,[0.         0.         0.         0.         0.915073   0.         0.         0.         0.         0.01137917 0.         0.         0.         0.         0.         0.         0.01229436 0.01224595 0.         0.01137917 0.         0.         0.         0.         0.         0.01137917 0.         0.01417049 0.01207867 0.         0.        ],[0. 0. 0. 0. 1. 0. 0. 0. 0. 1. 0. 0. 0. 0. 0. 0. 1. 1. 0. 1. 0. 0. 0. 0. 0. 1. 0. 1. 1. 0. 0.],8.0,best,1000,1000,100,0.9,0.5,0.9,0.5,0.9,5,0.12,1,8,,run_07,10
800,-0.006377071224713019,0.184439,0.004064870415797327,0.8200000000000001,0.5623730565710474,0.4005786737910938,[0.         0.         0.         0.         0.915073   0.         0.         0.         0.         0.01137917 0.         0.         0.         0.         0.         0.         0.01229436 0.01224595 0.         0.01137917 0.         0.         0.         0.         0.         0.01137917 0.         0.01417049 0.01207867 0.         0.        ],[0. 0. 0. 0. 1. 0. 0. 0. 0. 1. 0. 0. 0. 0. 0. 0. 1. 1. 0. 1. 0. 0. 0. 0. 0. 1. 0. 1. 1. 0. 0.],8.0,best,1000,1000,100,0.9,0.5,0.9,0.5,0.9,5,0.12,1,8,,run_07,10
810,-0.006377071224713019,0.184439,0.004064870415797327,0.8240000000000001,0.5590771985336707,0.3867388713862797,[0.         0.         0.         0.         0.915073   0.         0.         0.         0.         0.01137917 0.         0.         0.         0.         0.         0.         0.01229436 0.01224595 0.         0.01137917 0.         0.         0.         0.         0.         0.01137917 0.         0.01417049 0.01207867 0.         0.        ],[0. 0. 0. 0. 1. 0. 0. 0. 0. 1. 0. 0. 0. 0. 0. 0. 1. 1. 0. 1. 0. 0. 0. 0. 0. 1. 0. 1. 1. 0. 0.],8.0,best,1000,1000,100,0.9,0.5,0.9,0.5,0.9,5,0.12,1,8,,run_07,10
820,-0.006377071224713019,0.184439,0.004064870415797327,0.8280000000000001,0.5558006562868987,0.7302787047784418,[0.         0.         0.         0.         0.915073   0.         0.         0.         0.         0.01137917 0.         0.         0.         0.         0.         0.         0.01229436 0.01224595 0.         0.01137917 0.         0.         0.         0.         0.         0.01137917 0.         0.01417049 0.01207867 0.         0.        ],[0. 0. 0. 0. 1. 0. 0. 0. 0. 1. 0. 0. 0. 0. 0. 0. 1. 1. 0. 1. 0. 0. 0. 0. 0. 1. 0. 1. 1. 0. 0.],8.0,best,1000,1000,100,0.9,0.5,0.9,0.5,0.9,5,0.12,1,8,,run_07,10
830,-0.006377071224713019,0.184439,0.004064870415797327,0.8320000000000001,0.5525433166281112,-1.9931728937885371,[0.         0.         0.         0.         0.915073   0.         0.         0.         0.         0.01137917 0.         0.         0.         0.         0.         0.         0.01229436 0.01224595 0.         0.01137917 0.         0.         0.         0.         0.         0.01137917 0.         0.01417049 0.01207867 0.         0.        ],[0. 0. 0. 0. 1. 0. 0. 0. 0. 1. 0. 0. 0. 0. 0. 0. 1. 1. 0. 1. 0. 0. 0. 0. 0. 1. 0. 1. 1. 0. 0.],8.0,best,1000,1000,100,0.9,0.5,0.9,0.5,0.9,5,0.12,1,8,,run_07,10
840,-0.006377071224713019,0.184439,0.004064870415797327,0.8360000000000001,0.5493050670181255,0.4100426635799071,[0.         0.         0.         0.         0.915073   0.         0.         0.         0.         0.01137917 0.         0.         0.         0.         0.         0.         0.01229436 0.01224595 0.         0.01137917 0.         0.         0.         0.         0.         0.01137917 0.         0.01417049 0.01207867 0.         0.        ],[0. 0. 0. 0. 1. 0. 0. 0. 0. 1. 0. 0. 0. 0. 0. 0. 1. 1. 0. 1. 0. 0. 0. 0. 0. 1. 0. 1. 1. 0. 0.],8.0,best,1000,1000,100,0.9,0.5,0.9,0.5,0.9,5,0.12,1,8,,run_07,10
850,-0.006377071224713019,0.184439,0.004064870415797327,0.8400000000000001,0.5460857955773097,-2.6766879980229246,[0.         0.         0.         0.         0.915073   0.         0.         0.         0.         0.01137917 0.         0.         0.         0.         0.         0.         0.01229436 0.01224595 0.         0.01137917 0.         0.         0.         0.         0.         0.01137917 0.         0.01417049 0.01207867 0.         0.        ],[0. 0. 0. 0. 1. 0. 0. 0. 0. 1. 0. 0. 0. 0. 0. 0. 1. 1. 0. 1. 0. 0. 0. 0. 0. 1. 0. 1. 1. 0. 0.],8.0,best,1000,1000,100,0.9,0.5,0.9,0.5,0.9,5,0.12,1,8,,run_07,10
860,-0.006377071224713019,0.184439,0.004064870415797327,0.8440000000000001,0.542885391081716,2.854620287835315,[0.         0.         0.         0.         0.915073   0.         0.         0.         0.         0.01137917 0.         0.         0.         0.         0.         0.         0.01229436 0.01224595 0.         0.01137917 0.         0.         0.         0.         0.         0.01137917 0.         0.01417049 0.01207867 0.         0.        ],[0. 0. 0. 0. 1. 0. 0. 0. 0. 1. 0. 0. 0. 0. 0. 0. 1. 1. 0. 1. 0. 0. 0. 0. 0. 1. 0. 1. 1. 0. 0.],8.0,best,1000,1000,100,0.9,0.5,0.9,0.5,0.9,5,0.12,1,8,,run_07,10
870,-0.006377071224713019,0.184439,0.004064870415797327,0.8480000000000001,0.5397037429592386,-1.2380113569586984,[0.         0.         0.         0.         0.915073   0.         0.         0.         0.         0.01137917 0.         0.         0.         0.         0.         0.         0.01229436 0.01224595 0.         0.01137917 0.         0.         0.         0.         0.         0.01137917 0.         0.01417049 0.01207867 0.         0.        ],[0. 0. 0. 0. 1. 0. 0. 0. 0. 1. 0. 0. 0. 0. 0. 0. 1. 1. 0. 1. 0. 0. 0. 0. 0. 1. 0. 1. 1. 0. 0.],8.0,best,1000,1000,100,0.9,0.5,0.9,0.5,0.9,5,0.12,1,8,,run_07,10
880,-0.006377071224713019,0.184439,0.004064870415797327,0.8520000000000001,0.5365407412857937,-2.976568495234811,[0.         0.         0.         0.         0.915073   0.         0.         0.         0.         0.01137917 0.         0.         0.         0.         0.         0.         0.01229436 0.01224595 0.         0.01137917 0.         0.         0.         0.         0.         0.01137917 0.         0.01417049 0.01207867 0.         0.        ],[0. 0. 0. 0. 1. 0. 0. 0. 0. 1. 0. 0. 0. 0. 0. 0. 1. 1. 0. 1. 0. 0. 0. 0. 0. 1. 0. 1. 1. 0. 0.],8.0,best,1000,1000,100,0.9,0.5,0.9,0.5,0.9,5,0.12,1,8,,run_07,10
890,-0.006377071224713019,0.184439,0.004064870415797327,0.8560000000000001,0.5333962767815212,2.889709951838439,[0.         0.         0.         0.         0.915073   0.         0.         0.         0.         0.01137917 0.         0.         0.         0.         0.         0.         0.01229436 0.01224595 0.         0.01137917 0.         0.         0.         0.         0.         0.01137917 0.         0.01417049 0.01207867 0.         0.        ],[0. 0. 0. 0. 1. 0. 0. 0. 0. 1. 0. 0. 0. 0. 0. 0. 1. 1. 0. 1. 0. 0. 0. 0. 0. 1. 0. 1. 1. 0. 0.],8.0,best,1000,1000,100,0.9,0.5,0.9,0.5,0.9,5,0.12,1,8,,run_07,10
900,-0.006377071224713019,0.184439,0.004064870415797327,0.8600000000000001,0.5302702408070095,0.47567572278049947,[0.         0.         0.         0.         0.915073   0.         0.         0.         0.         0.01137917 0.         0.         0.         0.         0.         0.         0.01229436 0.01224595 0.         0.01137917 0.         0.         0.         0.         0.         0.01137917 0.         0.01417049 0.01207867 0.         0.        ],[0. 0. 0. 0. 1. 0. 0. 0. 0. 1. 0. 0. 0. 0. 0. 0. 1. 1. 0. 1. 0. 0. 0. 0. 0. 1. 0. 1. 1. 0. 0.],8.0,best,1000,1000,100,0.9,0.5,0.9,0.5,0.9,5,0.12,1,8,,run_07,10
910,-0.006377071224713019,0.184439,0.004064870415797327,0.864,0.5271625253595417,0.0463356329487588,[0.         0.         0.         0.         0.915073   0.         0.         0.         0.         0.01137917 0.         0.         0.         0.         0.         0.         0.01229436 0.01224595 0.         0.01137917 0.         0.         0.         0.         0.         0.01137917 0.         0.01417049 0.01207867 0.         0.        ],[0. 0. 0. 0. 1. 0. 0. 0. 0. 1. 0. 0. 0. 0. 0. 0. 1. 1. 0. 1. 0. 0. 0. 0. 0. 1. 0. 1. 1. 0. 0.],8.0,best,1000,1000,100,0.9,0.5,0.9,0.5,0.9,5,0.12,1,8,,run_07,10
920,-0.006377071224713019,0.184439,0.004064870415797327,0.868,0.5240730230693647,2.492404304342478,[0.         0.         0.         0.         0.915073   0.         0.         0.         0.         0.01137917 0.         0.         0.         0.         0.         0.         0.01229436 0.01224595 0.         0.01137917 0.         0.         0.         0.         0.         0.01137917 0.         0.01417049 0.01207867 0.         0.        ],[0. 0. 0. 0. 1. 0. 0. 0. 0. 1. 0. 0. 0. 0. 0. 0. 1. 1. 0. 1. 0. 0. 0. 0. 0. 1. 0. 1. 1. 0. 0.],8.0,best,1000,1000,100,0.9,0.5,0.9,0.5,0.9,5,0.12,1,8,,run_07,10
930,-0.006377071224713019,0.184439,0.004064870415797327,0.872,0.5210016271959792,-2.6151622531987093,[0.         0.         0.         0.         0.915073   0.         0.         0.         0.         0.01137917 0.         0.         0.         0.         0.         0.         0.01229436 0.01224595 0.         0.01137917 0.         0.         0.         0.         0.         0.01137917 0.         0.01417049 0.01207867 0.         0.        ],[0. 0. 0. 0. 1. 0. 0. 0. 0. 1. 0. 0. 0. 0. 0. 0. 1. 1. 0. 1. 0. 0. 0. 0. 0. 1. 0. 1. 1. 0. 0.],8.0,best,1000,1000,100,0.9,0.5,0.9,0.5,0.9,5,0.12,1,8,,run_07,10
940,-0.006377071224713019,0.184439,0.004064870415797327,0.876,0.5179482316244519,2.820851050108795,[0.         0.         0.         0.         0.915073   0.         0.         0.         0.         0.01137917 0.         0.         0.         0.         0.         0.         0.01229436 0.01224595 0.         0.01137917 0.         0.         0.         0.         0.         0.01137917 0.         0.01417049 0.01207867 0.         0.        ],[0. 0. 0. 0. 1. 0. 0. 0. 0. 1. 0. 0. 0. 0. 0. 0. 1. 1. 0. 1. 0. 0. 0. 0. 0. 1. 0. 1. 1. 0. 0.],8.0,best,1000,1000,100,0.9,0.5,0.9,0.5,0.9,5,0.12,1,8,,run_07,10
950,-0.006377071224713019,0.184439,0.004064870415797327,0.88,0.5149127308617497,0.21173193740355778,[0.         0.         0.         0.         0.915073   0.         0.         0.         0.         0.01137917 0.         0.         0.         0.         0.         0.         0.01229436 0.01224595 0.         0.01137917 0.         0.         0.         0.         0.         0.01137917 0.         0.01417049 0.01207867 0.         0.        ],[0. 0. 0. 0. 1. 0. 0. 0. 0. 1. 0. 0. 0. 0. 0. 0. 1. 1. 0. 1. 0. 0. 0. 0. 0. 1. 0. 1. 1. 0. 0.],8.0,best,1000,1000,100,0.9,0.5,0.9,0.5,0.9,5,0.12,1,8,,run_07,10
960,-0.006377071224713019,0.184439,0.004064870415797327,0.884,0.5118950200330946,0.6867464992771963,[0.         0.         0.         0.         0.915073   0.         0.         0.         0.         0.01137917 0.         0.         0.         0.         0.         0.         0.01229436 0.01224595 0.         0.01137917 0.         0.         0.         0.         0.         0.01137917 0.         0.01417049 0.01207867 0.         0.        ],[0. 0. 0. 0. 1. 0. 0. 0. 0. 1. 0. 0. 0. 0. 0. 0. 1. 1. 0. 1. 0. 0. 0. 0. 0. 1. 0. 1. 1. 0. 0.],8.0,best,1000,1000,100,0.9,0.5,0.9,0.5,0.9,5,0.12,1,8,,run_07,10
970,-0.006377071224713019,0.184439,0.004064870415797327,0.888,0.5088949948783402,2.1073987974295885,[0.         0.         0.         0.         0.915073   0.         0.         0.         0.         0.01137917 0.         0.         0.         0.         0.         0.         0.01229436 0.01224595 0.         0.01137917 0.         0.         0.         0.         0.         0.01137917 0.         0.01417049 0.01207867 0.         0.        ],[0. 0. 0. 0. 1. 0. 0. 0. 0. 1. 0. 0. 0. 0. 0. 0. 1. 1. 0. 1. 0. 0. 0. 0. 0. 1. 0. 1. 1. 0. 0.],8.0,best,1000,1000,100,0.9,0.5,0.9,0.5,0.9,5,0.12,1,8,,run_07,10
980,-0.006377071224713019,0.184439,0.004064870415797327,0.892,0.5059125517483702,-3.79595237115791,[0.         0.         0.         0.         0.915073   0.         0.         0.         0.         0.01137917 0.         0.         0.         0.         0.         0.         0.01229436 0.01224595 0.         0.01137917 0.         0.         0.         0.         0.         0.01137917 0.         0.01417049 0.01207867 0.         0.        ],[0. 0. 0. 0. 1. 0. 0. 0. 0. 1. 0. 0. 0. 0. 0. 0. 1. 1. 0. 1. 0. 0. 0. 0. 0. 1. 0. 1. 1. 0. 0.],8.0,best,1000,1000,100,0.9,0.5,0.9,0.5,0.9,5,0.12,1,8,,run_07,10
990,-0.006377071224713019,0.184439,0.004064870415797327,0.896,0.5029475876015165,0.8387807744592061,[0.         0.         0.         0.         0.915073   0.         0.         0.         0.         0.01137917 0.         0.         0.         0.         0.         0.         0.01229436 0.01224595 0.         0.01137917 0.         0.         0.         0.         0.         0.01137917 0.         0.01417049 0.01207867 0.         0.        ],[0. 0. 0. 0. 1. 0. 0. 0. 0. 1. 0. 0. 0. 0. 0. 0. 1. 1. 0. 1. 0. 0. 0. 0. 0. 1. 0. 1. 1. 0. 0.],8.0,best,1000,1000,100,0.9,0.5,0.9,0.5,0.9,5,0.12,1,8,,run_07,10
999,-0.006377071224713019,0.184439,0.004064870415797327,0.8996,0.5002939797226674,-2.800847640404949,[0.         0.         0.         0.         0.915073   0.         0.         0.         0.         0.01137917 0.         0.         0.         0.         0.         0.         0.01229436 0.01224595 0.         0.01137917 0.         0.         0.         0.         0.         0.01137917 0.         0.01417049 0.01207867 0.         0.        ],[0. 0. 0. 0. 1. 0. 0. 0. 0. 1. 0. 0. 0. 0. 0. 0. 1. 1. 0. 1. 0. 0. 0. 0. 0. 1. 0. 1. 1. 0. 0.],8.0,best,1000,1000,100,0.9,0.5,0.9,0.5,0.9,5,0.12,1,8,,run_07,10
