iter,cost,risk,return,par,bw,move,X,Z,Q,pop_init,max_iter,pop_size,mem_size,mem_consider,par_min,par_max,bw_min,bw_max,sigma,lambda,port_n,k,seed,tag,local_search
1,0.09020796154232098,0.18889,0.0036725886989984503,0.504,0.894725436791504,9.114751195820219,[0.01629438 0.         0.         0.         0.16093156 0.         0.         0.         0.16530243 0.         0.         0.01062631 0.         0.01125018 0.07326061 0.01507176 0.         0.         0.         0.         0.         0.         0.         0.         0.         0.02495193 0.         0.         0.         0.         0.52231084],[1. 0. 0. 0. 1. 0. 0. 0. 1. 0. 0. 1. 0. 1. 1. 1. 0. 0. 0. 0. 0. 0. 0. 0. 0. 1. 0. 0. 0. 0. 1.],9.0,best,100,1000,100,0.9,0.5,0.9,0.5,0.9,5,0.76,1,9,,problem_solving,10
2,0.04356817230937521,0.188413,0.003947655187359912,0.508,0.8894817858241639,-0.25569772104615607,[0.         0.         0.         0.         0.79967471 0.         0.         0.         0.         0.         0.         0.01492451 0.         0.         0.         0.         0.         0.         0.         0.09045456 0.01137167 0.         0.03474517 0.         0.01153871 0.01455798 0.         0.01119399 0.01153871 0.         0.        ],[0. 0. 0. 0. 1. 0. 0. 0. 0. 0. 0. 1. 0. 0. 0. 0. 0. 0. 0. 1. 1. 0. 1. 0. 1. 1. 0. 1. 1. 0. 0.],9.0,best,100,1000,100,0.9,0.5,0.9,0.5,0.9,5,0.76,1,9,,problem_solving,10
3,0.04356817230937521,0.188413,0.003947655187359912,0.512,0.8842688659329022,4.705966850548295,[0.         0.         0.         0.         0.79967471 0.         0.         0.         0.         0.         0.         0.01492451 0.         0.         0.         0.         0.         0.         0.         0.09045456 0.01137167 0.         0.03474517 0.         0.01153871 0.01455798 0.         0.01119399 0.01153871 0.         0.        ],[0. 0. 0. 0. 1. 0. 0. 0. 0. 0. 0. 1. 0. 0. 0. 0. 0. 0. 0. 1. 1. 0. 1. 0. 1. 1. 0. 1. 1. 0. 0.],9.0,best,100,1000,100,0.9,0.5,0.9,0.5,0.9,5,0.76,1,9,,problem_solving,10
4,0.04356817230937521,0.188413,0.003947655187359912,0.516,0.879086497014382,3.9704471093938376,[0.         0.         0.         0.         0.79967471 0.         0.         0.         0.         0.         0.         0.01492451 0.         0.         0.         0.         0.         0.         0.         0.09045456 0.01137167 0.         0.03474517 0.         0.01153871 0.01455798 0.         0.01119399 0.01153871 0.         0.        ],[0. 0. 0. 0. 1. 0. 0. 0. 0. 0. 0. 1. 0. 0. 0. 0. 0. 0. 0. 1. 1. 0. 1. 0. 1. 1. 0. 1. 1. 0. 0.],9.0,best,100,1000,100,0.9,0.5,0.9,0.5,0.9,5,0.76,1,9,,problem_solving,10
5,0.04356817230937521,0.188413,0.003947655187359912,0.52,0.8739345000207845,4.648041216701734,[0.         0.         0.         0.         0.79967471 0.         0.         0.         0.         0.         0.         0.01492451 0.         0.         0.         0.         0.         0.         0.         0.09045456 0.01137167 0.         0.03474517 0.         0.01153871 0.01455798 0.         0.01119399 0.01153871 0.         0.        ],[0. 0. 0. 0. 1. 0. 0. 0. 0. 0. 0. 1. 0. 0. 0. 0. 0. 0. 0. 1. 1. 0. 1. 0. 1. 1. 0. 1. 1. 0. 0.],9.0,best,100,1000,100,0.9,0.5,0.9,0.5,0.9,5,0.76,1,9,,problem_solving,10
6,0.03326220877242805,0.187833,0.003372155134105929,0.524,0.8688126969536234,1.5624542014144516,[0.         0.01719805 0.         0.         0.         0.         0.         0.01216877 0.85361078 0.         0.         0.         0.         0.         0.         0.         0.         0.01608133 0.01416025 0.         0.         0.02165678 0.         0.         0.         0.03160954 0.         0.01697822 0.         0.01653628 0.        ],[0. 1. 0. 0. 0. 0. 0. 1. 1. 0. 0. 0. 0. 0. 0. 0. 0. 1. 1. 0. 0. 1. 0. 0. 0. 1. 0. 1. 0. 1. 0.],9.0,best,100,1000,100,0.9,0.5,0.9,0.5,0.9,5,0.76,1,9,,problem_solving,10
7,0.03326220877242805,0.187833,0.003372155134105929,0.528,0.8637209108575947,-4.770720187948399,[0.         0.01719805 0.         0.         0.         0.         0.         0.01216877 0.85361078 0.         0.         0.         0.         0.         0.         0.         0.         0.01608133 0.01416025 0.         0.         0.02165678 0.         0.         0.         0.03160954 0.         0.01697822 0.         0.01653628 0.        ],[0. 1. 0. 0. 0. 0. 0. 1. 1. 0. 0. 0. 0. 0. 0. 0. 0. 1. 1. 0. 0. 1. 0. 0. 0. 1. 0. 1. 0. 1. 0.],9.0,best,100,1000,100,0.9,0.5,0.9,0.5,0.9,5,0.76,1,9,,problem_solving,10
8,0.03326220877242805,0.187833,0.003372155134105929,0.532,0.8586589658144633,-13.162974067839945,[0.         0.01719805 0.         0.         0.         0.         0.         0.01216877 0.85361078 0.         0.         0.         0.         0.         0.         0.         0.         0.01608133 0.01416025 0.         0.         0.02165678 0.         0.         0.         0.03160954 0.         0.01697822 0.         0.01653628 0.        ],[0. 1. 0. 0. 0. 0. 0. 1. 1. 0. 0. 0. 0. 0. 0. 0. 0. 1. 1. 0. 0. 1. 0. 0. 0. 1. 0. 1. 0. 1. 0.],9.0,best,100,1000,100,0.9,0.5,0.9,0.5,0.9,5,0.76,1,9,,problem_solving,10
9,0.03326220877242805,0.187833,0.003372155134105929,0.536,0.8536266869369854,1.9008459938772335,[0.         0.01719805 0.         0.         0.         0.         0.         0.01216877 0.85361078 0.         0.         0.         0.         0.         0.         0.         0.         0.01608133 0.01416025 0.         0.         0.02165678 0.         0.         0.         0.03160954 0.         0.01697822 0.         0.01653628 0.        ],[0. 1. 0. 0. 0. 0. 0. 1. 1. 0. 0. 0. 0. 0. 0. 0. 0. 1. 1. 0. 0. 1. 0. 0. 0. 1. 0. 1. 0. 1. 0.],9.0,best,100,1000,100,0.9,0.5,0.9,0.5,0.9,5,0.76,1,9,,problem_solving,10
10,0.03326220877242805,0.187833,0.003372155134105929,0.54,0.8486239003628652,-2.180786564419747,[0.         0.01719805 0.         0.         0.         0.         0.         0.01216877 0.85361078 0.         0.         0.         0.         0.         0.         0.         0.         0.01608133 0.01416025 0.         0.         0.02165678 0.         0.         0.         0.03160954 0.         0.01697822 0.         0.01653628 0.        ],[0. 1. 0. 0. 0. 0. 0. 1. 1. 0. 0. 0. 0. 0. 0. 0. 0. 1. 1. 0. 0. 1. 0. 0. 0. 1. 0. 1. 0. 1. 0.],9.0,best,100,1000,100,0.9,0.5,0.9,0.5,0.9,5,0.76,1,9,,problem_solving,10
11,0.03326220877242805,0.187833,0.003372155134105929,0.544,0.8436504332487491,-0.926560755407465,[0.         0.01719805 0.         0.         0.         0.         0.         0.01216877 0.85361078 0.         0.         0.         0.         0.         0.         0.         0.         0.01608133 0.01416025 0.         0.         0.02165678 0.         0.         0.         0.03160954 0.         0.01697822 0.         0.01653628 0.        ],[0. 1. 0. 0. 0. 0. 0. 1. 1. 0. 0. 0. 0. 0. 0. 0. 0. 1. 1. 0. 0. 1. 0. 0. 0. 1. 0. 1. 0. 1. 0.],9.0,best,100,1000,100,0.9,0.5,0.9,0.5,0.9,5,0.76,1,9,,problem_solving,10
12,0.02601887410276859,0.186539,0.005053174805924184,0.548,0.838706113764254,-0.6183016825744974,[0.         0.         0.         0.         0.88139937 0.         0.         0.01191798 0.         0.01191798 0.01225499 0.         0.         0.01191798 0.03415237 0.         0.         0.         0.         0.         0.         0.         0.         0.         0.         0.         0.0122105  0.         0.         0.01231084 0.01191798],[0. 0. 0. 0. 1. 0. 0. 1. 0. 1. 1. 0. 0. 1. 1. 0. 0. 0. 0. 0. 0. 0. 0. 0. 0. 0. 1. 0. 0. 1. 1.],9.0,best,100,1000,100,0.9,0.5,0.9,0.5,0.9,5,0.76,1,9,,problem_solving,10
13,0.02601887410276859,0.186539,0.005053174805924184,0.552,0.83379077108603,0.07332250757344688,[0.         0.         0.         0.         0.88139937 0.         0.         0.01191798 0.         0.01191798 0.01225499 0.         0.         0.01191798 0.03415237 0.         0.         0.         0.         0.         0.         0.         0.         0.         0.         0.         0.0122105  0.         0.         0.01231084 0.01191798],[0. 0. 0. 0. 1. 0. 0. 1. 0. 1. 1. 0. 0. 1. 1. 0. 0. 0. 0. 0. 0. 0. 0. 0. 0. 0. 1. 0. 0. 1. 1.],9.0,best,100,1000,100,0.9,0.5,0.9,0.5,0.9,5,0.76,1,9,,problem_solving,10
14,0.02601887410276859,0.186539,0.005053174805924184,0.556,0.828904235391859,-4.895095502411624,[0.         0.         0.         0.         0.88139937 0.         0.         0.01191798 0.         0.01191798 0.01225499 0.         0.         0.01191798 0.03415237 0.         0.         0.         0.         0.         0.         0.         0.         0.         0.         0.         0.0122105  0.         0.         0.01231084 0.01191798],[0. 0. 0. 0. 1. 0. 0. 1. 0. 1. 1. 0. 0. 1. 1. 0. 0. 0. 0. 0. 0. 0. 0. 0. 0. 0. 1. 0. 0. 1. 1.],9.0,best,100,1000,100,0.9,0.5,0.9,0.5,0.9,5,0.76,1,9,,problem_solving,10
15,0.02601887410276859,0.186539,0.005053174805924184,0.56,0.8240463378547873,4.335050195005981,[0.         0.         0.         0.         0.88139937 0.         0.         0.01191798 0.         0.01191798 0.01225499 0.         0.         0.01191798 0.03415237 0.         0.         0.         0.         0.         0.         0.         0.         0.         0.         0.         0.0122105  0.         0.         0.01231084 0.01191798],[0. 0. 0. 0. 1. 0. 0. 1. 0. 1. 1. 0. 0. 1. 1. 0. 0. 0. 0. 0. 0. 0. 0. 0. 0. 0. 1. 0. 0. 1. 1.],9.0,best,100,1000,100,0.9,0.5,0.9,0.5,0.9,5,0.76,1,9,,problem_solving,10
16,0.02601887410276859,0.186539,0.005053174805924184,0.5640000000000001,0.8192169106372932,15.375482318878111,[0.         0.         0.         0.         0.88139937 0.         0.         0.01191798 0.         0.01191798 0.01225499 0.         0.         0.01191798 0.03415237 0.         0.         0.         0.         0.         0.         0.         0.         0.         0.         0.         0.0122105  0.         0.         0.01231084 0.01191798],[0. 0. 0. 0. 1. 0. 0. 1. 0. 1. 1. 0. 0. 1. 1. 0. 0. 0. 0. 0. 0. 0. 0. 0. 0. 0. 1. 0. 0. 1. 1.],9.0,best,100,1000,100,0.9,0.5,0.9,0.5,0.9,5,0.76,1,9,,problem_solving,10
17,0.02601887410276859,0.186539,0.005053174805924184,0.5680000000000001,0.8144157868854872,-0.6342861781829703,[0.         0.         0.         0.         0.88139937 0.         0.         0.01191798 0.         0.01191798 0.01225499 0.         0.         0.01191798 0.03415237 0.         0.         0.         0.         0.         0.         0.         0.         0.         0.         0.         0.0122105  0.         0.         0.01231084 0.01191798],[0. 0. 0. 0. 1. 0. 0. 1. 0. 1. 1. 0. 0. 1. 1. 0. 0. 0. 0. 0. 0. 0. 0. 0. 0. 0. 1. 0. 0. 1. 1.],9.0,best,100,1000,100,0.9,0.5,0.9,0.5,0.9,5,0.76,1,9,,problem_solving,10
18,0.02601887410276859,0.186539,0.005053174805924184,0.5720000000000001,0.8096428007233489,0.7014406935478503,[0.         0.         0.         0.         0.88139937 0.         0.         0.01191798 0.         0.01191798 0.01225499 0.         0.         0.01191798 0.03415237 0.         0.         0.         0.         0.         0.         0.         0.         0.         0.         0.         0.0122105  0.         0.         0.01231084 0.01191798],[0. 0. 0. 0. 1. 0. 0. 1. 0. 1. 1. 0. 0. 1. 1. 0. 0. 0. 0. 0. 0. 0. 0. 0. 0. 0. 1. 0. 0. 1. 1.],9.0,best,100,1000,100,0.9,0.5,0.9,0.5,0.9,5,0.76,1,9,,problem_solving,10
19,0.01981613190307002,0.184367,0.005081383665298198,0.576,0.8048977872469943,-1.9686065308496024,[0.01251117 0.01327581 0.         0.         0.01251117 0.         0.         0.         0.01365148 0.         0.         0.         0.         0.         0.02247863 0.         0.         0.         0.         0.         0.01289097 0.         0.         0.         0.         0.88651055 0.         0.01365907 0.         0.01251117 0.        ],[1. 1. 0. 0. 1. 0. 0. 0. 1. 0. 0. 0. 0. 0. 1. 0. 0. 0. 0. 0. 1. 0. 0. 0. 0. 1. 0. 1. 0. 1. 0.],9.0,best,100,1000,100,0.9,0.5,0.9,0.5,0.9,5,0.76,1,9,,problem_solving,10
20,0.01981613190307002,0.184367,0.005081383665298198,0.58,0.80018058251898,6.744794663846379,[0.01251117 0.01327581 0.         0.         0.01251117 0.         0.         0.         0.01365148 0.         0.         0.         0.         0.         0.02247863 0.         0.         0.         0.         0.         0.01289097 0.         0.         0.         0.         0.88651055 0.         0.01365907 0.         0.01251117 0.        ],[1. 1. 0. 0. 1. 0. 0. 0. 1. 0. 0. 0. 0. 0. 1. 0. 0. 0. 0. 0. 1. 0. 0. 0. 0. 1. 0. 1. 0. 1. 0.],9.0,best,100,1000,100,0.9,0.5,0.9,0.5,0.9,5,0.76,1,9,,problem_solving,10
21,0.01981613190307002,0.184367,0.005081383665298198,0.584,0.7954910235626382,-1.4131864045699487,[0.01251117 0.01327581 0.         0.         0.01251117 0.         0.         0.         0.01365148 0.         0.         0.         0.         0.         0.02247863 0.         0.         0.         0.         0.         0.01289097 0.         0.         0.         0.         0.88651055 0.         0.01365907 0.         0.01251117 0.        ],[1. 1. 0. 0. 1. 0. 0. 0. 1. 0. 0. 0. 0. 0. 1. 0. 0. 0. 0. 0. 1. 0. 0. 0. 0. 1. 0. 1. 0. 1. 0.],9.0,best,100,1000,100,0.9,0.5,0.9,0.5,0.9,5,0.76,1,9,,problem_solving,10
22,0.01981613190307002,0.184367,0.005081383665298198,0.588,0.7908289483564468,-4.1220483105439945,[0.01251117 0.01327581 0.         0.         0.01251117 0.         0.         0.         0.01365148 0.         0.         0.         0.         0.         0.02247863 0.         0.         0.         0.         0.         0.01289097 0.         0.         0.         0.         0.88651055 0.         0.01365907 0.         0.01251117 0.        ],[1. 1. 0. 0. 1. 0. 0. 0. 1. 0. 0. 0. 0. 0. 1. 0. 0. 0. 0. 0. 1. 0. 0. 0. 0. 1. 0. 1. 0. 1. 0.],9.0,best,100,1000,100,0.9,0.5,0.9,0.5,0.9,5,0.76,1,9,,problem_solving,10
23,0.01981613190307002,0.184367,0.005081383665298198,0.592,0.7861941958284306,-1.5762797611907557,[0.01251117 0.01327581 0.         0.         0.01251117 0.         0.         0.         0.01365148 0.         0.         0.         0.         0.         0.02247863 0.         0.         0.         0.         0.         0.01289097 0.         0.         0.         0.         0.88651055 0.         0.01365907 0.         0.01251117 0.        ],[1. 1. 0. 0. 1. 0. 0. 0. 1. 0. 0. 0. 0. 0. 1. 0. 0. 0. 0. 0. 1. 0. 0. 0. 0. 1. 0. 1. 0. 1. 0.],9.0,best,100,1000,100,0.9,0.5,0.9,0.5,0.9,5,0.76,1,9,,problem_solving,10
24,0.01981613190307002,0.184367,0.005081383665298198,0.596,0.7815866058505976,-0.97735531143148,[0.01251117 0.01327581 0.         0.         0.01251117 0.         0.         0.         0.01365148 0.         0.         0.         0.         0.         0.02247863 0.         0.         0.         0.         0.         0.01289097 0.         0.         0.         0.         0.88651055 0.         0.01365907 0.         0.01251117 0.        ],[1. 1. 0. 0. 1. 0. 0. 0. 1. 0. 0. 0. 0. 0. 1. 0. 0. 0. 0. 0. 1. 0. 0. 0. 0. 1. 0. 1. 0. 1. 0.],9.0,best,100,1000,100,0.9,0.5,0.9,0.5,0.9,5,0.76,1,9,,problem_solving,10
25,0.01981613190307002,0.184367,0.005081383665298198,0.6,0.7770060192334055,-0.4683774137454133,[0.01251117 0.01327581 0.         0.         0.01251117 0.         0.         0.         0.01365148 0.         0.         0.         0.         0.         0.02247863 0.         0.         0.         0.         0.         0.01289097 0.         0.         0.         0.         0.88651055 0.         0.01365907 0.         0.01251117 0.        ],[1. 1. 0. 0. 1. 0. 0. 0. 1. 0. 0. 0. 0. 0. 1. 0. 0. 0. 0. 0. 1. 0. 0. 0. 0. 1. 0. 1. 0. 1. 0.],9.0,best,100,1000,100,0.9,0.5,0.9,0.5,0.9,5,0.76,1,9,,problem_solving,10
26,0.01981613190307002,0.184367,0.005081383665298198,0.604,0.7724522777202626,-1.6492558140346054,[0.01251117 0.01327581 0.         0.         0.01251117 0.         0.         0.         0.01365148 0.         0.         0.         0.         0.         0.02247863 0.         0.         0.         0.         0.         0.01289097 0.         0.         0.         0.         0.88651055 0.         0.01365907 0.         0.01251117 0.        ],[1. 1. 0. 0. 1. 0. 0. 0. 1. 0. 0. 0. 0. 0. 1. 0. 0. 0. 0. 0. 1. 0. 0. 0. 0. 1. 0. 1. 0. 1. 0.],9.0,best,100,1000,100,0.9,0.5,0.9,0.5,0.9,5,0.76,1,9,,problem_solving,10
27,0.01981613190307002,0.184367,0.005081383665298198,0.608,0.7679252239820602,3.132388866285167,[0.01251117 0.01327581 0.         0.         0.01251117 0.         0.         0.         0.01365148 0.         0.         0.         0.         0.         0.02247863 0.         0.         0.         0.         0.         0.01289097 0.         0.         0.         0.         0.88651055 0.         0.01365907 0.         0.01251117 0.        ],[1. 1. 0. 0. 1. 0. 0. 0. 1. 0. 0. 0. 0. 0. 1. 0. 0. 0. 0. 0. 1. 0. 0. 0. 0. 1. 0. 1. 0. 1. 0.],9.0,best,100,1000,100,0.9,0.5,0.9,0.5,0.9,5,0.76,1,9,,problem_solving,10
28,0.01981613190307002,0.184367,0.005081383665298198,0.612,0.7634247016117359,2.5153224377998114,[0.01251117 0.01327581 0.         0.         0.01251117 0.         0.         0.         0.01365148 0.         0.         0.         0.         0.         0.02247863 0.         0.         0.         0.         0.         0.01289097 0.         0.         0.         0.         0.88651055 0.         0.01365907 0.         0.01251117 0.        ],[1. 1. 0. 0. 1. 0. 0. 0. 1. 0. 0. 0. 0. 0. 1. 0. 0. 0. 0. 0. 1. 0. 0. 0. 0. 1. 0. 1. 0. 1. 0.],9.0,best,100,1000,100,0.9,0.5,0.9,0.5,0.9,5,0.76,1,9,,problem_solving,10
29,0.01981613190307002,0.184367,0.005081383665298198,0.616,0.758950555118871,-1.7147823428046525,[0.01251117 0.01327581 0.         0.         0.01251117 0.         0.         0.         0.01365148 0.         0.         0.         0.         0.         0.02247863 0.         0.         0.         0.         0.         0.01289097 0.         0.         0.         0.         0.88651055 0.         0.01365907 0.         0.01251117 0.        ],[1. 1. 0. 0. 1. 0. 0. 0. 1. 0. 0. 0. 0. 0. 1. 0. 0. 0. 0. 0. 1. 0. 0. 0. 0. 1. 0. 1. 0. 1. 0.],9.0,best,100,1000,100,0.9,0.5,0.9,0.5,0.9,5,0.76,1,9,,problem_solving,10
30,0.01981613190307002,0.184367,0.005081383665298198,0.62,0.754502629924318,-2.7728073506486948,[0.01251117 0.01327581 0.         0.         0.01251117 0.         0.         0.         0.01365148 0.         0.         0.         0.         0.         0.02247863 0.         0.         0.         0.         0.         0.01289097 0.         0.         0.         0.         0.88651055 0.         0.01365907 0.         0.01251117 0.        ],[1. 1. 0. 0. 1. 0. 0. 0. 1. 0. 0. 0. 0. 0. 1. 0. 0. 0. 0. 0. 1. 0. 0. 0. 0. 1. 0. 1. 0. 1. 0.],9.0,best,100,1000,100,0.9,0.5,0.9,0.5,0.9,5,0.76,1,9,,problem_solving,10
31,0.01981613190307002,0.184367,0.005081383665298198,0.624,0.7500807723548599,-0.35907448612921533,[0.01251117 0.01327581 0.         0.         0.01251117 0.         0.         0.         0.01365148 0.         0.         0.         0.         0.         0.02247863 0.         0.         0.         0.         0.         0.01289097 0.         0.         0.         0.         0.88651055 0.         0.01365907 0.         0.01251117 0.        ],[1. 1. 0. 0. 1. 0. 0. 0. 1. 0. 0. 0. 0. 0. 1. 0. 0. 0. 0. 0. 1. 0. 0. 0. 0. 1. 0. 1. 0. 1. 0.],9.0,best,100,1000,100,0.9,0.5,0.9,0.5,0.9,5,0.76,1,9,,problem_solving,10
32,0.01981613190307002,0.184367,0.005081383665298198,0.628,0.7456848296379007,0.8971237724058663,[0.01251117 0.01327581 0.         0.         0.01251117 0.         0.         0.         0.01365148 0.         0.         0.         0.         0.         0.02247863 0.         0.         0.         0.         0.         0.01289097 0.         0.         0.         0.         0.88651055 0.         0.01365907 0.         0.01251117 0.        ],[1. 1. 0. 0. 1. 0. 0. 0. 1. 0. 0. 0. 0. 0. 1. 0. 0. 0. 0. 0. 1. 0. 0. 0. 0. 1. 0. 1. 0. 1. 0.],9.0,best,100,1000,100,0.9,0.5,0.9,0.5,0.9,5,0.76,1,9,,problem_solving,10
33,0.01981613190307002,0.184367,0.005081383665298198,0.632,0.7413146498961878,6.768506310074614,[0.01251117 0.01327581 0.         0.         0.01251117 0.         0.         0.         0.01365148 0.         0.         0.         0.         0.         0.02247863 0.         0.         0.         0.         0.         0.01289097 0.         0.         0.         0.         0.88651055 0.         0.01365907 0.         0.01251117 0.        ],[1. 1. 0. 0. 1. 0. 0. 0. 1. 0. 0. 0. 0. 0. 1. 0. 0. 0. 0. 0. 1. 0. 0. 0. 0. 1. 0. 1. 0. 1. 0.],9.0,best,100,1000,100,0.9,0.5,0.9,0.5,0.9,5,0.76,1,9,,problem_solving,10
34,0.01981613190307002,0.184367,0.005081383665298198,0.636,0.7369700821425638,4.015792953485693,[0.01251117 0.01327581 0.         0.         0.01251117 0.         0.         0.         0.01365148 0.         0.         0.         0.         0.         0.02247863 0.         0.         0.         0.         0.         0.01289097 0.         0.         0.         0.         0.88651055 0.         0.01365907 0.         0.01251117 0.        ],[1. 1. 0. 0. 1. 0. 0. 0. 1. 0. 0. 0. 0. 0. 1. 0. 0. 0. 0. 0. 1. 0. 0. 0. 0. 1. 0. 1. 0. 1. 0.],9.0,best,100,1000,100,0.9,0.5,0.9,0.5,0.9,5,0.76,1,9,,problem_solving,10
35,0.01981613190307002,0.184367,0.005081383665298198,0.64,0.7326509762747511,-1.7544062656513868,[0.01251117 0.01327581 0.         0.         0.01251117 0.         0.         0.         0.01365148 0.         0.         0.         0.         0.         0.02247863 0.         0.         0.         0.         0.         0.01289097 0.         0.         0.         0.         0.88651055 0.         0.01365907 0.         0.01251117 0.        ],[1. 1. 0. 0. 1. 0. 0. 0. 1. 0. 0. 0. 0. 0. 1. 0. 0. 0. 0. 0. 1. 0. 0. 0. 0. 1. 0. 1. 0. 1. 0.],9.0,best,100,1000,100,0.9,0.5,0.9,0.5,0.9,5,0.76,1,9,,problem_solving,10
36,0.01827677021226745,0.180356,0.004691825080259827,0.644,0.7283571830701648,-1.5354605589903945,[0.01149787 0.         0.         0.         0.8997227  0.         0.         0.         0.         0.         0.         0.         0.01820527 0.         0.         0.01149787 0.01149787 0.         0.         0.         0.01149787 0.         0.         0.         0.         0.01149787 0.         0.01149787 0.         0.         0.01308481],[1. 0. 0. 0. 1. 0. 0. 0. 0. 0. 0. 0. 1. 0. 0. 1. 1. 0. 0. 0. 1. 0. 0. 0. 0. 1. 0. 1. 0. 0. 1.],9.0,best,100,1000,100,0.9,0.5,0.9,0.5,0.9,5,0.76,1,9,,problem_solving,10
37,0.01827677021226745,0.180356,0.004691825080259827,0.648,0.7240885541807586,-0.15748590571706506,[0.01149787 0.         0.         0.         0.8997227  0.         0.         0.         0.         0.         0.         0.         0.01820527 0.         0.         0.01149787 0.01149787 0.         0.         0.         0.01149787 0.         0.         0.         0.         0.01149787 0.         0.01149787 0.         0.         0.01308481],[1. 0. 0. 0. 1. 0. 0. 0. 0. 0. 0. 0. 1. 0. 0. 1. 1. 0. 0. 0. 1. 0. 0. 0. 0. 1. 0. 1. 0. 0. 1.],9.0,best,100,1000,100,0.9,0.5,0.9,0.5,0.9,5,0.76,1,9,,problem_solving,10
38,0.01827677021226745,0.180356,0.004691825080259827,0.652,0.7198449421278975,-6.405735547171192,[0.01149787 0.         0.         0.         0.8997227  0.         0.         0.         0.         0.         0.         0.         0.01820527 0.         0.         0.01149787 0.01149787 0.         0.         0.         0.01149787 0.         0.         0.         0.         0.01149787 0.         0.01149787 0.         0.         0.01308481],[1. 0. 0. 0. 1. 0. 0. 0. 0. 0. 0. 0. 1. 0. 0. 1. 1. 0. 0. 0. 1. 0. 0. 0. 0. 1. 0. 1. 0. 0. 1.],9.0,best,100,1000,100,0.9,0.5,0.9,0.5,0.9,5,0.76,1,9,,problem_solving,10
39,0.01827677021226745,0.180356,0.004691825080259827,0.656,0.7156262002972644,1.5985859363947037,[0.01149787 0.         0.         0.         0.8997227  0.         0.         0.         0.         0.         0.         0.         0.01820527 0.         0.         0.01149787 0.01149787 0.         0.         0.         0.01149787 0.         0.         0.         0.         0.01149787 0.         0.01149787 0.         0.         0.01308481],[1. 0. 0. 0. 1. 0. 0. 0. 0. 0. 0. 0. 1. 0. 0. 1. 1. 0. 0. 0. 1. 0. 0. 0. 0. 1. 0. 1. 0. 0. 1.],9.0,best,100,1000,100,0.9,0.5,0.9,0.5,0.9,5,0.76,1,9,,problem_solving,10
40,0.01827677021226745,0.180356,0.004691825080259827,0.66,0.7114321829337936,1.4798627108448923,[0.01149787 0.         0.         0.         0.8997227  0.         0.         0.         0.         0.         0.         0.         0.01820527 0.         0.         0.01149787 0.01149787 0.         0.         0.         0.01149787 0.         0.         0.         0.         0.01149787 0.         0.01149787 0.         0.         0.01308481],[1. 0. 0. 0. 1. 0. 0. 0. 0. 0. 0. 0. 1. 0. 0. 1. 1. 0. 0. 0. 1. 0. 0. 0. 0. 1. 0. 1. 0. 0. 1.],9.0,best,100,1000,100,0.9,0.5,0.9,0.5,0.9,5,0.76,1,9,,problem_solving,10
41,0.01827677021226745,0.180356,0.004691825080259827,0.664,0.707262745136635,-2.1888493995384293,[0.01149787 0.         0.         0.         0.8997227  0.         0.         0.         0.         0.         0.         0.         0.01820527 0.         0.         0.01149787 0.01149787 0.         0.         0.         0.01149787 0.         0.         0.         0.         0.01149787 0.         0.01149787 0.         0.         0.01308481],[1. 0. 0. 0. 1. 0. 0. 0. 0. 0. 0. 0. 1. 0. 0. 1. 1. 0. 0. 0. 1. 0. 0. 0. 0. 1. 0. 1. 0. 0. 1.],9.0,best,100,1000,100,0.9,0.5,0.9,0.5,0.9,5,0.76,1,9,,problem_solving,10
42,0.01827677021226745,0.180356,0.004691825080259827,0.668,0.7031177428541489,-1.0905970555526403,[0.01149787 0.         0.         0.         0.8997227  0.         0.         0.         0.         0.         0.         0.         0.01820527 0.         0.         0.01149787 0.01149787 0.         0.         0.         0.01149787 0.         0.         0.         0.         0.01149787 0.         0.01149787 0.         0.         0.01308481],[1. 0. 0. 0. 1. 0. 0. 0. 0. 0. 0. 0. 1. 0. 0. 1. 1. 0. 0. 0. 1. 0. 0. 0. 0. 1. 0. 1. 0. 0. 1.],9.0,best,100,1000,100,0.9,0.5,0.9,0.5,0.9,5,0.76,1,9,,problem_solving,10
43,0.01827677021226745,0.180356,0.004691825080259827,0.672,0.6989970328789274,-1.1277386246186085,[0.01149787 0.         0.         0.         0.8997227  0.         0.         0.         0.         0.         0.         0.         0.01820527 0.         0.         0.01149787 0.01149787 0.         0.         0.         0.01149787 0.         0.         0.         0.         0.01149787 0.         0.01149787 0.         0.         0.01308481],[1. 0. 0. 0. 1. 0. 0. 0. 0. 0. 0. 0. 1. 0. 0. 1. 1. 0. 0. 0. 1. 0. 0. 0. 0. 1. 0. 1. 0. 0. 1.],9.0,best,100,1000,100,0.9,0.5,0.9,0.5,0.9,5,0.76,1,9,,problem_solving,10
44,0.01827677021226745,0.180356,0.004691825080259827,0.6759999999999999,0.6949004728428485,6.396770306359815,[0.01149787 0.         0.         0.         0.8997227  0.         0.         0.         0.         0.         0.         0.         0.01820527 0.         0.         0.01149787 0.01149787 0.         0.         0.         0.01149787 0.         0.         0.         0.         0.01149787 0.         0.01149787 0.         0.         0.01308481],[1. 0. 0. 0. 1. 0. 0. 0. 0. 0. 0. 0. 1. 0. 0. 1. 1. 0. 0. 0. 1. 0. 0. 0. 0. 1. 0. 1. 0. 0. 1.],9.0,best,100,1000,100,0.9,0.5,0.9,0.5,0.9,5,0.76,1,9,,problem_solving,10
45,0.01827677021226745,0.180356,0.004691825080259827,0.6799999999999999,0.6908279212121557,-5.7729371632735305,[0.01149787 0.         0.         0.         0.8997227  0.         0.         0.         0.         0.         0.         0.         0.01820527 0.         0.         0.01149787 0.01149787 0.         0.         0.         0.01149787 0.         0.         0.         0.         0.01149787 0.         0.01149787 0.         0.         0.01308481],[1. 0. 0. 0. 1. 0. 0. 0. 0. 0. 0. 0. 1. 0. 0. 1. 1. 0. 0. 0. 1. 0. 0. 0. 0. 1. 0. 1. 0. 0. 1.],9.0,best,100,1000,100,0.9,0.5,0.9,0.5,0.9,5,0.76,1,9,,problem_solving,10
46,0.01827677021226745,0.180356,0.004691825080259827,0.6839999999999999,0.6867792372825696,-1.7406898886652522,[0.01149787 0.         0.         0.         0.8997227  0.         0.         0.         0.         0.         0.         0.         0.01820527 0.         0.         0.01149787 0.01149787 0.         0.         0.         0.01149787 0.         0.         0.         0.         0.01149787 0.         0.01149787 0.         0.         0.01308481],[1. 0. 0. 0. 1. 0. 0. 0. 0. 0. 0. 0. 1. 0. 0. 1. 1. 0. 0. 0. 1. 0. 0. 0. 0. 1. 0. 1. 0. 0. 1.],9.0,best,100,1000,100,0.9,0.5,0.9,0.5,0.9,5,0.76,1,9,,problem_solving,10
47,0.01827677021226745,0.180356,0.004691825080259827,0.688,0.6827542811744257,0.5503161011102571,[0.01149787 0.         0.         0.         0.8997227  0.         0.         0.         0.         0.         0.         0.         0.01820527 0.         0.         0.01149787 0.01149787 0.         0.         0.         0.01149787 0.         0.         0.         0.         0.01149787 0.         0.01149787 0.         0.         0.01308481],[1. 0. 0. 0. 1. 0. 0. 0. 0. 0. 0. 0. 1. 0. 0. 1. 1. 0. 0. 0. 1. 0. 0. 0. 0. 1. 0. 1. 0. 0. 1.],9.0,best,100,1000,100,0.9,0.5,0.9,0.5,0.9,5,0.76,1,9,,problem_solving,10
48,0.01827677021226745,0.180356,0.004691825080259827,0.692,0.6787529138278414,-5.063108234139605,[0.01149787 0.         0.         0.         0.8997227  0.         0.         0.         0.         0.         0.         0.         0.01820527 0.         0.         0.01149787 0.01149787 0.         0.         0.         0.01149787 0.         0.         0.         0.         0.01149787 0.         0.01149787 0.         0.         0.01308481],[1. 0. 0. 0. 1. 0. 0. 0. 0. 0. 0. 0. 1. 0. 0. 1. 1. 0. 0. 0. 1. 0. 0. 0. 0. 1. 0. 1. 0. 0. 1.],9.0,best,100,1000,100,0.9,0.5,0.9,0.5,0.9,5,0.76,1,9,,problem_solving,10
49,0.01827677021226745,0.180356,0.004691825080259827,0.696,0.6747749969979128,3.6588856819054496,[0.01149787 0.         0.         0.         0.8997227  0.         0.         0.         0.         0.         0.         0.         0.01820527 0.         0.         0.01149787 0.01149787 0.         0.         0.         0.01149787 0.         0.         0.         0.         0.01149787 0.         0.01149787 0.         0.         0.01308481],[1. 0. 0. 0. 1. 0. 0. 0. 0. 0. 0. 0. 1. 0. 0. 1. 1. 0. 0. 0. 1. 0. 0. 0. 0. 1. 0. 1. 0. 0. 1.],9.0,best,100,1000,100,0.9,0.5,0.9,0.5,0.9,5,0.76,1,9,,problem_solving,10
50,0.01827677021226745,0.180356,0.004691825080259827,0.7,0.6708203932499369,-0.49013188014290415,[0.01149787 0.         0.         0.         0.8997227  0.         0.         0.         0.         0.         0.         0.         0.01820527 0.         0.         0.01149787 0.01149787 0.         0.         0.         0.01149787 0.         0.         0.         0.         0.01149787 0.         0.01149787 0.         0.         0.01308481],[1. 0. 0. 0. 1. 0. 0. 0. 0. 0. 0. 0. 1. 0. 0. 1. 1. 0. 0. 0. 1. 0. 0. 0. 0. 1. 0. 1. 0. 0. 1.],9.0,best,100,1000,100,0.9,0.5,0.9,0.5,0.9,5,0.76,1,9,,problem_solving,10
51,0.01827677021226745,0.180356,0.004691825080259827,0.704,0.6668889659546647,-0.9208506772854532,[0.01149787 0.         0.         0.         0.8997227  0.         0.         0.         0.         0.         0.         0.         0.01820527 0.         0.         0.01149787 0.01149787 0.         0.         0.         0.01149787 0.         0.         0.         0.         0.01149787 0.         0.01149787 0.         0.         0.01308481],[1. 0. 0. 0. 1. 0. 0. 0. 0. 0. 0. 0. 1. 0. 0. 1. 1. 0. 0. 0. 1. 0. 0. 0. 0. 1. 0. 1. 0. 0. 1.],9.0,best,100,1000,100,0.9,0.5,0.9,0.5,0.9,5,0.76,1,9,,problem_solving,10
52,0.01827677021226745,0.180356,0.004691825080259827,0.708,0.6629805792835798,-4.579125580889882,[0.01149787 0.         0.         0.         0.8997227  0.         0.         0.         0.         0.         0.         0.         0.01820527 0.         0.         0.01149787 0.01149787 0.         0.         0.         0.01149787 0.         0.         0.         0.         0.01149787 0.         0.01149787 0.         0.         0.01308481],[1. 0. 0. 0. 1. 0. 0. 0. 0. 0. 0. 0. 1. 0. 0. 1. 1. 0. 0. 0. 1. 0. 0. 0. 0. 1. 0. 1. 0. 0. 1.],9.0,best,100,1000,100,0.9,0.5,0.9,0.5,0.9,5,0.76,1,9,,problem_solving,10
53,0.01827677021226745,0.180356,0.004691825080259827,0.712,0.6590950982042058,3.6110691046323407,[0.01149787 0.         0.         0.         0.8997227  0.         0.         0.         0.         0.         0.         0.         0.01820527 0.         0.         0.01149787 0.01149787 0.         0.         0.         0.01149787 0.         0.         0.         0.         0.01149787 0.         0.01149787 0.         0.         0.01308481],[1. 0. 0. 0. 1. 0. 0. 0. 0. 0. 0. 0. 1. 0. 0. 1. 1. 0. 0. 0. 1. 0. 0. 0. 0. 1. 0. 1. 0. 0. 1.],9.0,best,100,1000,100,0.9,0.5,0.9,0.5,0.9,5,0.76,1,9,,problem_solving,10
54,0.01827677021226745,0.180356,0.004691825080259827,0.716,0.6552323884754414,0.8655035259986104,[0.01149787 0.         0.         0.         0.8997227  0.         0.         0.         0.         0.         0.         0.         0.01820527 0.         0.         0.01149787 0.01149787 0.         0.         0.         0.01149787 0.         0.         0.         0.         0.01149787 0.         0.01149787 0.         0.         0.01308481],[1. 0. 0. 0. 1. 0. 0. 0. 0. 0. 0. 0. 1. 0. 0. 1. 1. 0. 0. 0. 1. 0. 0. 0. 0. 1. 0. 1. 0. 0. 1.],9.0,best,100,1000,100,0.9,0.5,0.9,0.5,0.9,5,0.76,1,9,,problem_solving,10
55,0.01827677021226745,0.180356,0.004691825080259827,0.72,0.651392316642922,-1.4853754198141054,[0.01149787 0.         0.         0.         0.8997227  0.         0.         0.         0.         0.         0.         0.         0.01820527 0.         0.         0.01149787 0.01149787 0.         0.         0.         0.01149787 0.         0.         0.         0.         0.01149787 0.         0.01149787 0.         0.         0.01308481],[1. 0. 0. 0. 1. 0. 0. 0. 0. 0. 0. 0. 1. 0. 0. 1. 1. 0. 0. 0. 1. 0. 0. 0. 0. 1. 0. 1. 0. 0. 1.],9.0,best,100,1000,100,0.9,0.5,0.9,0.5,0.9,5,0.76,1,9,,problem_solving,10
56,0.01827677021226745,0.180356,0.004691825080259827,0.724,0.6475747500344088,-1.7003084761477703,[0.01149787 0.         0.         0.         0.8997227  0.         0.         0.         0.         0.         0.         0.         0.01820527 0.         0.         0.01149787 0.01149787 0.         0.         0.         0.01149787 0.         0.         0.         0.         0.01149787 0.         0.01149787 0.         0.         0.01308481],[1. 0. 0. 0. 1. 0. 0. 0. 0. 0. 0. 0. 1. 0. 0. 1. 1. 0. 0. 0. 1. 0. 0. 0. 0. 1. 0. 1. 0. 0. 1.],9.0,best,100,1000,100,0.9,0.5,0.9,0.5,0.9,5,0.76,1,9,,problem_solving,10
57,0.01827677021226745,0.180356,0.004691825080259827,0.728,0.6437795567552059,-0.8111290381344005,[0.01149787 0.         0.         0.         0.8997227  0.         0.         0.         0.         0.         0.         0.         0.01820527 0.         0.         0.01149787 0.01149787 0.         0.         0.         0.01149787 0.         0.         0.         0.         0.01149787 0.         0.01149787 0.         0.         0.01308481],[1. 0. 0. 0. 1. 0. 0. 0. 0. 0. 0. 0. 1. 0. 0. 1. 1. 0. 0. 0. 1. 0. 0. 0. 0. 1. 0. 1. 0. 0. 1.],9.0,best,100,1000,100,0.9,0.5,0.9,0.5,0.9,5,0.76,1,9,,problem_solving,10
58,0.01827677021226745,0.180356,0.004691825080259827,0.732,0.6400066056836028,2.1642209793453326,[0.01149787 0.         0.         0.         0.8997227  0.         0.         0.         0.         0.         0.         0.         0.01820527 0.         0.         0.01149787 0.01149787 0.         0.         0.         0.01149787 0.         0.         0.         0.         0.01149787 0.         0.01149787 0.         0.         0.01308481],[1. 0. 0. 0. 1. 0. 0. 0. 0. 0. 0. 0. 1. 0. 0. 1. 1. 0. 0. 0. 1. 0. 0. 0. 0. 1. 0. 1. 0. 0. 1.],9.0,best,100,1000,100,0.9,0.5,0.9,0.5,0.9,5,0.76,1,9,,problem_solving,10
59,0.01827677021226745,0.180356,0.004691825080259827,0.736,0.6362557664663436,4.334645057150765,[0.01149787 0.         0.         0.         0.8997227  0.         0.         0.         0.         0.         0.         0.         0.01820527 0.         0.         0.01149787 0.01149787 0.         0.         0.         0.01149787 0.         0.         0.         0.         0.01149787 0.         0.01149787 0.         0.         0.01308481],[1. 0. 0. 0. 1. 0. 0. 0. 0. 0. 0. 0. 1. 0. 0. 1. 1. 0. 0. 0. 1. 0. 0. 0. 0. 1. 0. 1. 0. 0. 1.],9.0,best,100,1000,100,0.9,0.5,0.9,0.5,0.9,5,0.76,1,9,,problem_solving,10
60,0.01827677021226745,0.180356,0.004691825080259827,0.74,0.6325269095141249,0.6050617116230383,[0.01149787 0.         0.         0.         0.8997227  0.         0.         0.         0.         0.         0.         0.         0.01820527 0.         0.         0.01149787 0.01149787 0.         0.         0.         0.01149787 0.         0.         0.         0.         0.01149787 0.         0.01149787 0.         0.         0.01308481],[1. 0. 0. 0. 1. 0. 0. 0. 0. 0. 0. 0. 1. 0. 0. 1. 1. 0. 0. 0. 1. 0. 0. 0. 0. 1. 0. 1. 0. 0. 1.],9.0,best,100,1000,100,0.9,0.5,0.9,0.5,0.9,5,0.76,1,9,,problem_solving,10
61,0.01827677021226745,0.180356,0.004691825080259827,0.744,0.6288199059971172,2.7247129748240857,[0.01149787 0.         0.         0.         0.8997227  0.         0.         0.         0.         0.         0.         0.         0.01820527 0.         0.         0.01149787 0.01149787 0.         0.         0.         0.01149787 0.         0.         0.         0.         0.01149787 0.         0.01149787 0.         0.         0.01308481],[1. 0. 0. 0. 1. 0. 0. 0. 0. 0. 0. 0. 1. 0. 0. 1. 1. 0. 0. 0. 1. 0. 0. 0. 0. 1. 0. 1. 0. 0. 1.],9.0,best,100,1000,100,0.9,0.5,0.9,0.5,0.9,5,0.76,1,9,,problem_solving,10
62,0.01827677021226745,0.180356,0.004691825080259827,0.748,0.6251346278405147,0.7164601171529048,[0.01149787 0.         0.         0.         0.8997227  0.         0.         0.         0.         0.         0.         0.         0.01820527 0.         0.         0.01149787 0.01149787 0.         0.         0.         0.01149787 0.         0.         0.         0.         0.01149787 0.         0.01149787 0.         0.         0.01308481],[1. 0. 0. 0. 1. 0. 0. 0. 0. 0. 0. 0. 1. 0. 0. 1. 1. 0. 0. 0. 1. 0. 0. 0. 0. 1. 0. 1. 0. 0. 1.],9.0,best,100,1000,100,0.9,0.5,0.9,0.5,0.9,5,0.76,1,9,,problem_solving,10
63,0.01827677021226745,0.180356,0.004691825080259827,0.752,0.6214709477201097,2.540736614218952,[0.01149787 0.         0.         0.         0.8997227  0.         0.         0.         0.         0.         0.         0.         0.01820527 0.         0.         0.01149787 0.01149787 0.         0.         0.         0.01149787 0.         0.         0.         0.         0.01149787 0.         0.01149787 0.         0.         0.01308481],[1. 0. 0. 0. 1. 0. 0. 0. 0. 0. 0. 0. 1. 0. 0. 1. 1. 0. 0. 0. 1. 0. 0. 0. 0. 1. 0. 1. 0. 0. 1.],9.0,best,100,1000,100,0.9,0.5,0.9,0.5,0.9,5,0.76,1,9,,problem_solving,10
64,0.01827677021226745,0.180356,0.004691825080259827,0.756,0.6178287390578946,-1.9842014095168763,[0.01149787 0.         0.         0.         0.8997227  0.         0.         0.         0.         0.         0.         0.         0.01820527 0.         0.         0.01149787 0.01149787 0.         0.         0.         0.01149787 0.         0.         0.         0.         0.01149787 0.         0.01149787 0.         0.         0.01308481],[1. 0. 0. 0. 1. 0. 0. 0. 0. 0. 0. 0. 1. 0. 0. 1. 1. 0. 0. 0. 1. 0. 0. 0. 0. 1. 0. 1. 0. 0. 1.],9.0,best,100,1000,100,0.9,0.5,0.9,0.5,0.9,5,0.76,1,9,,problem_solving,10
65,0.01827677021226745,0.180356,0.004691825080259827,0.76,0.6142078760176876,-2.7481081540550822,[0.01149787 0.         0.         0.         0.8997227  0.         0.         0.         0.         0.         0.         0.         0.01820527 0.         0.         0.01149787 0.01149787 0.         0.         0.         0.01149787 0.         0.         0.         0.         0.01149787 0.         0.01149787 0.         0.         0.01308481],[1. 0. 0. 0. 1. 0. 0. 0. 0. 0. 0. 0. 1. 0. 0. 1. 1. 0. 0. 0. 1. 0. 0. 0. 0. 1. 0. 1. 0. 0. 1.],9.0,best,100,1000,100,0.9,0.5,0.9,0.5,0.9,5,0.76,1,9,,problem_solving,10
66,0.01827677021226745,0.180356,0.004691825080259827,0.764,0.6106082335007861,-2.1778059025311185,[0.01149787 0.         0.         0.         0.8997227  0.         0.         0.         0.         0.         0.         0.         0.01820527 0.         0.         0.01149787 0.01149787 0.         0.         0.         0.01149787 0.         0.         0.         0.         0.01149787 0.         0.01149787 0.         0.         0.01308481],[1. 0. 0. 0. 1. 0. 0. 0. 0. 0. 0. 0. 1. 0. 0. 1. 1. 0. 0. 0. 1. 0. 0. 0. 0. 1. 0. 1. 0. 0. 1.],9.0,best,100,1000,100,0.9,0.5,0.9,0.5,0.9,5,0.76,1,9,,problem_solving,10
67,0.01827677021226745,0.180356,0.004691825080259827,0.768,0.6070296871416437,1.2576425804993248,[0.01149787 0.         0.         0.         0.8997227  0.         0.         0.         0.         0.         0.         0.         0.01820527 0.         0.         0.01149787 0.01149787 0.         0.         0.         0.01149787 0.         0.         0.         0.         0.01149787 0.         0.01149787 0.         0.         0.01308481],[1. 0. 0. 0. 1. 0. 0. 0. 0. 0. 0. 0. 1. 0. 0. 1. 1. 0. 0. 0. 1. 0. 0. 0. 0. 1. 0. 1. 0. 0. 1.],9.0,best,100,1000,100,0.9,0.5,0.9,0.5,0.9,5,0.76,1,9,,problem_solving,10
68,0.01827677021226745,0.180356,0.004691825080259827,0.772,0.6034721133035746,2.2695777348625894,[0.01149787 0.         0.         0.         0.8997227  0.         0.         0.         0.         0.         0.         0.         0.01820527 0.         0.         0.01149787 0.01149787 0.         0.         0.         0.01149787 0.         0.         0.         0.         0.01149787 0.         0.01149787 0.         0.         0.01308481],[1. 0. 0. 0. 1. 0. 0. 0. 0. 0. 0. 0. 1. 0. 0. 1. 1. 0. 0. 0. 1. 0. 0. 0. 0. 1. 0. 1. 0. 0. 1.],9.0,best,100,1000,100,0.9,0.5,0.9,0.5,0.9,5,0.76,1,9,,problem_solving,10
69,0.01827677021226745,0.180356,0.004691825080259827,0.776,0.5999353890744809,-2.489577731279894,[0.01149787 0.         0.         0.         0.8997227  0.         0.         0.         0.         0.         0.         0.         0.01820527 0.         0.         0.01149787 0.01149787 0.         0.         0.         0.01149787 0.         0.         0.         0.         0.01149787 0.         0.01149787 0.         0.         0.01308481],[1. 0. 0. 0. 1. 0. 0. 0. 0. 0. 0. 0. 1. 0. 0. 1. 1. 0. 0. 0. 1. 0. 0. 0. 0. 1. 0. 1. 0. 0. 1.],9.0,best,100,1000,100,0.9,0.5,0.9,0.5,0.9,5,0.76,1,9,,problem_solving,10
70,0.01827677021226745,0.180356,0.004691825080259827,0.78,0.5964193922626064,0.7850415342322743,[0.01149787 0.         0.         0.         0.8997227  0.         0.         0.         0.         0.         0.         0.         0.01820527 0.         0.         0.01149787 0.01149787 0.         0.         0.         0.01149787 0.         0.         0.         0.         0.01149787 0.         0.01149787 0.         0.         0.01308481],[1. 0. 0. 0. 1. 0. 0. 0. 0. 0. 0. 0. 1. 0. 0. 1. 1. 0. 0. 0. 1. 0. 0. 0. 0. 1. 0. 1. 0. 0. 1.],9.0,best,100,1000,100,0.9,0.5,0.9,0.5,0.9,5,0.76,1,9,,problem_solving,10
71,0.01827677021226745,0.180356,0.004691825080259827,0.784,0.5929240013923155,-1.3439591079221587,[0.01149787 0.         0.         0.         0.8997227  0.         0.         0.         0.         0.         0.         0.         0.01820527 0.         0.         0.01149787 0.01149787 0.         0.         0.         0.01149787 0.         0.         0.         0.         0.01149787 0.         0.01149787 0.         0.         0.01308481],[1. 0. 0. 0. 1. 0. 0. 0. 0. 0. 0. 0. 1. 0. 0. 1. 1. 0. 0. 0. 1. 0. 0. 0. 0. 1. 0. 1. 0. 0. 1.],9.0,best,100,1000,100,0.9,0.5,0.9,0.5,0.9,5,0.76,1,9,,problem_solving,10
72,0.01827677021226745,0.180356,0.004691825080259827,0.788,0.5894490956998952,1.466765387225337,[0.01149787 0.         0.         0.         0.8997227  0.         0.         0.         0.         0.         0.         0.         0.01820527 0.         0.         0.01149787 0.01149787 0.         0.         0.         0.01149787 0.         0.         0.         0.         0.01149787 0.         0.01149787 0.         0.         0.01308481],[1. 0. 0. 0. 1. 0. 0. 0. 0. 0. 0. 0. 1. 0. 0. 1. 1. 0. 0. 0. 1. 0. 0. 0. 0. 1. 0. 1. 0. 0. 1.],9.0,best,100,1000,100,0.9,0.5,0.9,0.5,0.9,5,0.76,1,9,,problem_solving,10
73,0.01827677021226745,0.180356,0.004691825080259827,0.792,0.5859945551293841,-0.6933891313237615,[0.01149787 0.         0.         0.         0.8997227  0.         0.         0.         0.         0.         0.         0.         0.01820527 0.         0.         0.01149787 0.01149787 0.         0.         0.         0.01149787 0.         0.         0.         0.         0.01149787 0.         0.01149787 0.         0.         0.01308481],[1. 0. 0. 0. 1. 0. 0. 0. 0. 0. 0. 0. 1. 0. 0. 1. 1. 0. 0. 0. 1. 0. 0. 0. 0. 1. 0. 1. 0. 0. 1.],9.0,best,100,1000,100,0.9,0.5,0.9,0.5,0.9,5,0.76,1,9,,problem_solving,10
74,0.01827677021226745,0.180356,0.004691825080259827,0.796,0.5825602603284237,-4.425753970221525,[0.01149787 0.         0.         0.         0.8997227  0.         0.         0.         0.         0.         0.         0.         0.01820527 0.         0.         0.01149787 0.01149787 0.         0.         0.         0.01149787 0.         0.         0.         0.         0.01149787 0.         0.01149787 0.         0.         0.01308481],[1. 0. 0. 0. 1. 0. 0. 0. 0. 0. 0. 0. 1. 0. 0. 1. 1. 0. 0. 0. 1. 0. 0. 0. 0. 1. 0. 1. 0. 0. 1.],9.0,best,100,1000,100,0.9,0.5,0.9,0.5,0.9,5,0.76,1,9,,problem_solving,10
75,0.01827677021226745,0.180356,0.004691825080259827,0.8,0.5791460926441345,-0.48515171807135343,[0.01149787 0.         0.         0.         0.8997227  0.         0.         0.         0.         0.         0.         0.         0.01820527 0.         0.         0.01149787 0.01149787 0.         0.         0.         0.01149787 0.         0.         0.         0.         0.01149787 0.         0.01149787 0.         0.         0.01308481],[1. 0. 0. 0. 1. 0. 0. 0. 0. 0. 0. 0. 1. 0. 0. 1. 1. 0. 0. 0. 1. 0. 0. 0. 0. 1. 0. 1. 0. 0. 1.],9.0,best,100,1000,100,0.9,0.5,0.9,0.5,0.9,5,0.76,1,9,,problem_solving,10
76,0.01827677021226745,0.180356,0.004691825080259827,0.804,0.5757519341190179,2.539098843137082,[0.01149787 0.         0.         0.         0.8997227  0.         0.         0.         0.         0.         0.         0.         0.01820527 0.         0.         0.01149787 0.01149787 0.         0.         0.         0.01149787 0.         0.         0.         0.         0.01149787 0.         0.01149787 0.         0.         0.01308481],[1. 0. 0. 0. 1. 0. 0. 0. 0. 0. 0. 0. 1. 0. 0. 1. 1. 0. 0. 0. 1. 0. 0. 0. 0. 1. 0. 1. 0. 0. 1.],9.0,best,100,1000,100,0.9,0.5,0.9,0.5,0.9,5,0.76,1,9,,problem_solving,10
77,0.01827677021226745,0.180356,0.004691825080259827,0.808,0.5723776674868795,-2.966300123638923,[0.01149787 0.         0.         0.         0.8997227  0.         0.         0.         0.         0.         0.         0.         0.01820527 0.         0.         0.01149787 0.01149787 0.         0.         0.         0.01149787 0.         0.         0.         0.         0.01149787 0.         0.01149787 0.         0.         0.01308481],[1. 0. 0. 0. 1. 0. 0. 0. 0. 0. 0. 0. 1. 0. 0. 1. 1. 0. 0. 0. 1. 0. 0. 0. 0. 1. 0. 1. 0. 0. 1.],9.0,best,100,1000,100,0.9,0.5,0.9,0.5,0.9,5,0.76,1,9,,problem_solving,10
78,0.01827677021226745,0.180356,0.004691825080259827,0.812,0.5690231761687783,-0.788520035177552,[0.01149787 0.         0.         0.         0.8997227  0.         0.         0.         0.         0.         0.         0.         0.01820527 0.         0.         0.01149787 0.01149787 0.         0.         0.         0.01149787 0.         0.         0.         0.         0.01149787 0.         0.01149787 0.         0.         0.01308481],[1. 0. 0. 0. 1. 0. 0. 0. 0. 0. 0. 0. 1. 0. 0. 1. 1. 0. 0. 0. 1. 0. 0. 0. 0. 1. 0. 1. 0. 0. 1.],9.0,best,100,1000,100,0.9,0.5,0.9,0.5,0.9,5,0.76,1,9,,problem_solving,10
79,0.01827677021226745,0.180356,0.004691825080259827,0.8160000000000001,0.5656883442689988,-0.9017258900657537,[0.01149787 0.         0.         0.         0.8997227  0.         0.         0.         0.         0.         0.         0.         0.01820527 0.         0.         0.01149787 0.01149787 0.         0.         0.         0.01149787 0.         0.         0.         0.         0.01149787 0.         0.01149787 0.         0.         0.01308481],[1. 0. 0. 0. 1. 0. 0. 0. 0. 0. 0. 0. 1. 0. 0. 1. 1. 0. 0. 0. 1. 0. 0. 0. 0. 1. 0. 1. 0. 0. 1.],9.0,best,100,1000,100,0.9,0.5,0.9,0.5,0.9,5,0.76,1,9,,problem_solving,10
80,0.01827677021226745,0.180356,0.004691825080259827,0.8200000000000001,0.5623730565710474,0.6322275454375541,[0.01149787 0.         0.         0.         0.8997227  0.         0.         0.         0.         0.         0.         0.         0.01820527 0.         0.         0.01149787 0.01149787 0.         0.         0.         0.01149787 0.         0.         0.         0.         0.01149787 0.         0.01149787 0.         0.         0.01308481],[1. 0. 0. 0. 1. 0. 0. 0. 0. 0. 0. 0. 1. 0. 0. 1. 1. 0. 0. 0. 1. 0. 0. 0. 0. 1. 0. 1. 0. 0. 1.],9.0,best,100,1000,100,0.9,0.5,0.9,0.5,0.9,5,0.76,1,9,,problem_solving,10
81,0.01827677021226745,0.180356,0.004691825080259827,0.8240000000000001,0.5590771985336705,0.6498805611131684,[0.01149787 0.         0.         0.         0.8997227  0.         0.         0.         0.         0.         0.         0.         0.01820527 0.         0.         0.01149787 0.01149787 0.         0.         0.         0.01149787 0.         0.         0.         0.         0.01149787 0.         0.01149787 0.         0.         0.01308481],[1. 0. 0. 0. 1. 0. 0. 0. 0. 0. 0. 0. 1. 0. 0. 1. 1. 0. 0. 0. 1. 0. 0. 0. 0. 1. 0. 1. 0. 0. 1.],9.0,best,100,1000,100,0.9,0.5,0.9,0.5,0.9,5,0.76,1,9,,problem_solving,10
82,0.01827677021226745,0.180356,0.004691825080259827,0.8280000000000001,0.5558006562868987,-0.8116295742554656,[0.01149787 0.         0.         0.         0.8997227  0.         0.         0.         0.         0.         0.         0.         0.01820527 0.         0.         0.01149787 0.01149787 0.         0.         0.         0.01149787 0.         0.         0.         0.         0.01149787 0.         0.01149787 0.         0.         0.01308481],[1. 0. 0. 0. 1. 0. 0. 0. 0. 0. 0. 0. 1. 0. 0. 1. 1. 0. 0. 0. 1. 0. 0. 0. 0. 1. 0. 1. 0. 0. 1.],9.0,best,100,1000,100,0.9,0.5,0.9,0.5,0.9,5,0.76,1,9,,problem_solving,10
83,0.01827677021226745,0.180356,0.004691825080259827,0.8320000000000001,0.5525433166281111,-5.150349151315597,[0.01149787 0.         0.         0.         0.8997227  0.         0.         0.         0.         0.         0.         0.         0.01820527 0.         0.         0.01149787 0.01149787 0.         0.         0.         0.01149787 0.         0.         0.         0.         0.01149787 0.         0.01149787 0.         0.         0.01308481],[1. 0. 0. 0. 1. 0. 0. 0. 0. 0. 0. 0. 1. 0. 0. 1. 1. 0. 0. 0. 1. 0. 0. 0. 0. 1. 0. 1. 0. 0. 1.],9.0,best,100,1000,100,0.9,0.5,0.9,0.5,0.9,5,0.76,1,9,,problem_solving,10
84,0.01827677021226745,0.180356,0.004691825080259827,0.8360000000000001,0.5493050670181254,-0.26254970357123947,[0.01149787 0.         0.         0.         0.8997227  0.         0.         0.         0.         0.         0.         0.         0.01820527 0.         0.         0.01149787 0.01149787 0.         0.         0.         0.01149787 0.         0.         0.         0.         0.01149787 0.         0.01149787 0.         0.         0.01308481],[1. 0. 0. 0. 1. 0. 0. 0. 0. 0. 0. 0. 1. 0. 0. 1. 1. 0. 0. 0. 1. 0. 0. 0. 0. 1. 0. 1. 0. 0. 1.],9.0,best,100,1000,100,0.9,0.5,0.9,0.5,0.9,5,0.76,1,9,,problem_solving,10
85,0.01827677021226745,0.180356,0.004691825080259827,0.8400000000000001,0.5460857955773096,2.4033528564074356,[0.01149787 0.         0.         0.         0.8997227  0.         0.         0.         0.         0.         0.         0.         0.01820527 0.         0.         0.01149787 0.01149787 0.         0.         0.         0.01149787 0.         0.         0.         0.         0.01149787 0.         0.01149787 0.         0.         0.01308481],[1. 0. 0. 0. 1. 0. 0. 0. 0. 0. 0. 0. 1. 0. 0. 1. 1. 0. 0. 0. 1. 0. 0. 0. 0. 1. 0. 1. 0. 0. 1.],9.0,best,100,1000,100,0.9,0.5,0.9,0.5,0.9,5,0.76,1,9,,problem_solving,10
86,0.01827677021226745,0.180356,0.004691825080259827,0.8440000000000001,0.542885391081716,2.376223400423939,[0.01149787 0.         0.         0.         0.8997227  0.         0.         0.         0.         0.         0.         0.         0.01820527 0.         0.         0.01149787 0.01149787 0.         0.         0.         0.01149787 0.         0.         0.         0.         0.01149787 0.         0.01149787 0.         0.         0.01308481],[1. 0. 0. 0. 1. 0. 0. 0. 0. 0. 0. 0. 1. 0. 0. 1. 1. 0. 0. 0. 1. 0. 0. 0. 0. 1. 0. 1. 0. 0. 1.],9.0,best,100,1000,100,0.9,0.5,0.9,0.5,0.9,5,0.76,1,9,,problem_solving,10
87,0.01827677021226745,0.180356,0.004691825080259827,0.8480000000000001,0.5397037429592386,-0.86768039749611,[0.01149787 0.         0.         0.         0.8997227  0.         0.         0.         0.         0.         0.         0.         0.01820527 0.         0.         0.01149787 0.01149787 0.         0.         0.         0.01149787 0.         0.         0.         0.         0.01149787 0.         0.01149787 0.         0.         0.01308481],[1. 0. 0. 0. 1. 0. 0. 0. 0. 0. 0. 0. 1. 0. 0. 1. 1. 0. 0. 0. 1. 0. 0. 0. 0. 1. 0. 1. 0. 0. 1.],9.0,best,100,1000,100,0.9,0.5,0.9,0.5,0.9,5,0.76,1,9,,problem_solving,10
88,0.01827677021226745,0.180356,0.004691825080259827,0.852,0.5365407412857937,-3.407068783390259,[0.01149787 0.         0.         0.         0.8997227  0.         0.         0.         0.         0.         0.         0.         0.01820527 0.         0.         0.01149787 0.01149787 0.         0.         0.         0.01149787 0.         0.         0.         0.         0.01149787 0.         0.01149787 0.         0.         0.01308481],[1. 0. 0. 0. 1. 0. 0. 0. 0. 0. 0. 0. 1. 0. 0. 1. 1. 0. 0. 0. 1. 0. 0. 0. 0. 1. 0. 1. 0. 0. 1.],9.0,best,100,1000,100,0.9,0.5,0.9,0.5,0.9,5,0.76,1,9,,problem_solving,10
89,0.01827677021226745,0.180356,0.004691825080259827,0.856,0.5333962767815211,-2.0699647122457843,[0.01149787 0.         0.         0.         0.8997227  0.         0.         0.         0.         0.         0.         0.         0.01820527 0.         0.         0.01149787 0.01149787 0.         0.         0.         0.01149787 0.         0.         0.         0.         0.01149787 0.         0.01149787 0.         0.         0.01308481],[1. 0. 0. 0. 1. 0. 0. 0. 0. 0. 0. 0. 1. 0. 0. 1. 1. 0. 0. 0. 1. 0. 0. 0. 0. 1. 0. 1. 0. 0. 1.],9.0,best,100,1000,100,0.9,0.5,0.9,0.5,0.9,5,0.76,1,9,,problem_solving,10
90,0.01827677021226745,0.180356,0.004691825080259827,0.86,0.5302702408070095,-0.3841565050668,[0.01149787 0.         0.         0.         0.8997227  0.         0.         0.         0.         0.         0.         0.         0.01820527 0.         0.         0.01149787 0.01149787 0.         0.         0.         0.01149787 0.         0.         0.         0.         0.01149787 0.         0.01149787 0.         0.         0.01308481],[1. 0. 0. 0. 1. 0. 0. 0. 0. 0. 0. 0. 1. 0. 0. 1. 1. 0. 0. 0. 1. 0. 0. 0. 0. 1. 0. 1. 0. 0. 1.],9.0,best,100,1000,100,0.9,0.5,0.9,0.5,0.9,5,0.76,1,9,,problem_solving,10
91,0.01827677021226745,0.180356,0.004691825080259827,0.864,0.5271625253595416,1.709236806857969,[0.01149787 0.         0.         0.         0.8997227  0.         0.         0.         0.         0.         0.         0.         0.01820527 0.         0.         0.01149787 0.01149787 0.         0.         0.         0.01149787 0.         0.         0.         0.         0.01149787 0.         0.01149787 0.         0.         0.01308481],[1. 0. 0. 0. 1. 0. 0. 0. 0. 0. 0. 0. 1. 0. 0. 1. 1. 0. 0. 0. 1. 0. 0. 0. 0. 1. 0. 1. 0. 0. 1.],9.0,best,100,1000,100,0.9,0.5,0.9,0.5,0.9,5,0.76,1,9,,problem_solving,10
92,0.01827677021226745,0.180356,0.004691825080259827,0.868,0.5240730230693645,-2.387040094758177,[0.01149787 0.         0.         0.         0.8997227  0.         0.         0.         0.         0.         0.         0.         0.01820527 0.         0.         0.01149787 0.01149787 0.         0.         0.         0.01149787 0.         0.         0.         0.         0.01149787 0.         0.01149787 0.         0.         0.01308481],[1. 0. 0. 0. 1. 0. 0. 0. 0. 0. 0. 0. 1. 0. 0. 1. 1. 0. 0. 0. 1. 0. 0. 0. 0. 1. 0. 1. 0. 0. 1.],9.0,best,100,1000,100,0.9,0.5,0.9,0.5,0.9,5,0.76,1,9,,problem_solving,10
93,0.01827677021226745,0.180356,0.004691825080259827,0.872,0.5210016271959791,2.387993750260025,[0.01149787 0.         0.         0.         0.8997227  0.         0.         0.         0.         0.         0.         0.         0.01820527 0.         0.         0.01149787 0.01149787 0.         0.         0.         0.01149787 0.         0.         0.         0.         0.01149787 0.         0.01149787 0.         0.         0.01308481],[1. 0. 0. 0. 1. 0. 0. 0. 0. 0. 0. 0. 1. 0. 0. 1. 1. 0. 0. 0. 1. 0. 0. 0. 0. 1. 0. 1. 0. 0. 1.],9.0,best,100,1000,100,0.9,0.5,0.9,0.5,0.9,5,0.76,1,9,,problem_solving,10
94,0.01827677021226745,0.180356,0.004691825080259827,0.876,0.5179482316244518,-0.36812064445087883,[0.01149787 0.         0.         0.         0.8997227  0.         0.         0.         0.         0.         0.         0.         0.01820527 0.         0.         0.01149787 0.01149787 0.         0.         0.         0.01149787 0.         0.         0.         0.         0.01149787 0.         0.01149787 0.         0.         0.01308481],[1. 0. 0. 0. 1. 0. 0. 0. 0. 0. 0. 0. 1. 0. 0. 1. 1. 0. 0. 0. 1. 0. 0. 0. 0. 1. 0. 1. 0. 0. 1.],9.0,best,100,1000,100,0.9,0.5,0.9,0.5,0.9,5,0.76,1,9,,problem_solving,10
95,0.01827677021226745,0.180356,0.004691825080259827,0.88,0.5149127308617497,-0.9020857303608693,[0.01149787 0.         0.         0.         0.8997227  0.         0.         0.         0.         0.         0.         0.         0.01820527 0.         0.         0.01149787 0.01149787 0.         0.         0.         0.01149787 0.         0.         0.         0.         0.01149787 0.         0.01149787 0.         0.         0.01308481],[1. 0. 0. 0. 1. 0. 0. 0. 0. 0. 0. 0. 1. 0. 0. 1. 1. 0. 0. 0. 1. 0. 0. 0. 0. 1. 0. 1. 0. 0. 1.],9.0,best,100,1000,100,0.9,0.5,0.9,0.5,0.9,5,0.76,1,9,,problem_solving,10
96,0.01827677021226745,0.180356,0.004691825080259827,0.884,0.5118950200330946,5.024972764150495,[0.01149787 0.         0.         0.         0.8997227  0.         0.         0.         0.         0.         0.         0.         0.01820527 0.         0.         0.01149787 0.01149787 0.         0.         0.         0.01149787 0.         0.         0.         0.         0.01149787 0.         0.01149787 0.         0.         0.01308481],[1. 0. 0. 0. 1. 0. 0. 0. 0. 0. 0. 0. 1. 0. 0. 1. 1. 0. 0. 0. 1. 0. 0. 0. 0. 1. 0. 1. 0. 0. 1.],9.0,best,100,1000,100,0.9,0.5,0.9,0.5,0.9,5,0.76,1,9,,problem_solving,10
97,0.01827677021226745,0.180356,0.004691825080259827,0.888,0.5088949948783402,1.9247008577852405,[0.01149787 0.         0.         0.         0.8997227  0.         0.         0.         0.         0.         0.         0.         0.01820527 0.         0.         0.01149787 0.01149787 0.         0.         0.         0.01149787 0.         0.         0.         0.         0.01149787 0.         0.01149787 0.         0.         0.01308481],[1. 0. 0. 0. 1. 0. 0. 0. 0. 0. 0. 0. 1. 0. 0. 1. 1. 0. 0. 0. 1. 0. 0. 0. 0. 1. 0. 1. 0. 0. 1.],9.0,best,100,1000,100,0.9,0.5,0.9,0.5,0.9,5,0.76,1,9,,problem_solving,10
98,0.01827677021226745,0.180356,0.004691825080259827,0.892,0.5059125517483702,0.1378713221596739,[0.01149787 0.         0.         0.         0.8997227  0.         0.         0.         0.         0.         0.         0.         0.01820527 0.         0.         0.01149787 0.01149787 0.         0.         0.         0.01149787 0.         0.         0.         0.         0.01149787 0.         0.01149787 0.         0.         0.01308481],[1. 0. 0. 0. 1. 0. 0. 0. 0. 0. 0. 0. 1. 0. 0. 1. 1. 0. 0. 0. 1. 0. 0. 0. 0. 1. 0. 1. 0. 0. 1.],9.0,best,100,1000,100,0.9,0.5,0.9,0.5,0.9,5,0.76,1,9,,problem_solving,10
99,0.01827677021226745,0.180356,0.004691825080259827,0.896,0.5029475876015165,3.309245328393823,[0.01149787 0.         0.         0.         0.8997227  0.         0.         0.         0.         0.         0.         0.         0.01820527 0.         0.         0.01149787 0.01149787 0.         0.         0.         0.01149787 0.         0.         0.         0.         0.01149787 0.         0.01149787 0.         0.         0.01308481],[1. 0. 0. 0. 1. 0. 0. 0. 0. 0. 0. 0. 1. 0. 0. 1. 1. 0. 0. 0. 1. 0. 0. 0. 0. 1. 0. 1. 0. 0. 1.],9.0,best,100,1000,100,0.9,0.5,0.9,0.5,0.9,5,0.76,1,9,,problem_solving,10
