iter,cost,risk,return,par,bw,move,X,Z,Q,pop_init,max_iter,pop_size,mem_size,mem_consider,par_min,par_max,bw_min,bw_max,sigma,lambda,port_n,k,seed,tag,local_search
1,-0.0021455120473007376,0.007011,0.01059767701403988,0.504,0.894725436791504,1.0257956254768872,[0.         0.         0.         0.         0.96849464 0.         0.         0.         0.         0.         0.         0.         0.         0.         0.         0.         0.         0.         0.         0.         0.         0.         0.         0.         0.         0.         0.         0.         0.         0.         0.03150536],[0. 0. 0. 0. 1. 0. 0. 0. 0. 0. 0. 0. 0. 0. 0. 0. 0. 0. 0. 0. 0. 0. 0. 0. 0. 0. 0. 0. 0. 0. 1.],2.0,best,100,1000,100,0.9,0.5,0.9,0.5,0.9,5,0.48,1,2,,problem_solving,10
2,-0.0021455120473007376,0.007011,0.01059767701403988,0.508,0.8894817858241639,-0.6902606689481896,[0.         0.         0.         0.         0.96849464 0.         0.         0.         0.         0.         0.         0.         0.         0.         0.         0.         0.         0.         0.         0.         0.         0.         0.         0.         0.         0.         0.         0.         0.         0.         0.03150536],[0. 0. 0. 0. 1. 0. 0. 0. 0. 0. 0. 0. 0. 0. 0. 0. 0. 0. 0. 0. 0. 0. 0. 0. 0. 0. 0. 0. 0. 0. 1.],2.0,best,100,1000,100,0.9,0.5,0.9,0.5,0.9,5,0.48,1,2,,problem_solving,10
3,-0.0021455120473007376,0.007011,0.01059767701403988,0.512,0.8842688659329022,-1.213292971914307,[0.         0.         0.         0.         0.96849464 0.         0.         0.         0.         0.         0.         0.         0.         0.         0.         0.         0.         0.         0.         0.         0.         0.         0.         0.         0.         0.         0.         0.         0.         0.         0.03150536],[0. 0. 0. 0. 1. 0. 0. 0. 0. 0. 0. 0. 0. 0. 0. 0. 0. 0. 0. 0. 0. 0. 0. 0. 0. 0. 0. 0. 0. 0. 1.],2.0,best,100,1000,100,0.9,0.5,0.9,0.5,0.9,5,0.48,1,2,,problem_solving,10
4,-0.0021455120473007376,0.007011,0.01059767701403988,0.516,0.879086497014382,-1.074400553637154,[0.         0.         0.         0.         0.96849464 0.         0.         0.         0.         0.         0.         0.         0.         0.         0.         0.         0.         0.         0.         0.         0.         0.         0.         0.         0.         0.         0.         0.         0.         0.         0.03150536],[0. 0. 0. 0. 1. 0. 0. 0. 0. 0. 0. 0. 0. 0. 0. 0. 0. 0. 0. 0. 0. 0. 0. 0. 0. 0. 0. 0. 0. 0. 1.],2.0,best,100,1000,100,0.9,0.5,0.9,0.5,0.9,5,0.48,1,2,,problem_solving,10
5,-0.0021455120473007376,0.007011,0.01059767701403988,0.52,0.8739345000207845,-8.233804920481974,[0.         0.         0.         0.         0.96849464 0.         0.         0.         0.         0.         0.         0.         0.         0.         0.         0.         0.         0.         0.         0.         0.         0.         0.         0.         0.         0.         0.         0.         0.         0.         0.03150536],[0. 0. 0. 0. 1. 0. 0. 0. 0. 0. 0. 0. 0. 0. 0. 0. 0. 0. 0. 0. 0. 0. 0. 0. 0. 0. 0. 0. 0. 0. 1.],2.0,best,100,1000,100,0.9,0.5,0.9,0.5,0.9,5,0.48,1,2,,problem_solving,10
6,-0.0021455120473007376,0.007011,0.01059767701403988,0.524,0.8688126969536234,-4.943018595035361,[0.         0.         0.         0.         0.96849464 0.         0.         0.         0.         0.         0.         0.         0.         0.         0.         0.         0.         0.         0.         0.         0.         0.         0.         0.         0.         0.         0.         0.         0.         0.         0.03150536],[0. 0. 0. 0. 1. 0. 0. 0. 0. 0. 0. 0. 0. 0. 0. 0. 0. 0. 0. 0. 0. 0. 0. 0. 0. 0. 0. 0. 0. 0. 1.],2.0,best,100,1000,100,0.9,0.5,0.9,0.5,0.9,5,0.48,1,2,,problem_solving,10
7,-0.0021455120473007376,0.007011,0.01059767701403988,0.528,0.8637209108575947,-9.882932069667174,[0.         0.         0.         0.         0.96849464 0.         0.         0.         0.         0.         0.         0.         0.         0.         0.         0.         0.         0.         0.         0.         0.         0.         0.         0.         0.         0.         0.         0.         0.         0.         0.03150536],[0. 0. 0. 0. 1. 0. 0. 0. 0. 0. 0. 0. 0. 0. 0. 0. 0. 0. 0. 0. 0. 0. 0. 0. 0. 0. 0. 0. 0. 0. 1.],2.0,best,100,1000,100,0.9,0.5,0.9,0.5,0.9,5,0.48,1,2,,problem_solving,10
8,-0.0021455120473007376,0.007011,0.01059767701403988,0.532,0.8586589658144633,-0.8480822683118071,[0.         0.         0.         0.         0.96849464 0.         0.         0.         0.         0.         0.         0.         0.         0.         0.         0.         0.         0.         0.         0.         0.         0.         0.         0.         0.         0.         0.         0.         0.         0.         0.03150536],[0. 0. 0. 0. 1. 0. 0. 0. 0. 0. 0. 0. 0. 0. 0. 0. 0. 0. 0. 0. 0. 0. 0. 0. 0. 0. 0. 0. 0. 0. 1.],2.0,best,100,1000,100,0.9,0.5,0.9,0.5,0.9,5,0.48,1,2,,problem_solving,10
9,-0.0021455120473007376,0.007011,0.01059767701403988,0.536,0.8536266869369854,3.7548023126552645,[0.         0.         0.         0.         0.96849464 0.         0.         0.         0.         0.         0.         0.         0.         0.         0.         0.         0.         0.         0.         0.         0.         0.         0.         0.         0.         0.         0.         0.         0.         0.         0.03150536],[0. 0. 0. 0. 1. 0. 0. 0. 0. 0. 0. 0. 0. 0. 0. 0. 0. 0. 0. 0. 0. 0. 0. 0. 0. 0. 0. 0. 0. 0. 1.],2.0,best,100,1000,100,0.9,0.5,0.9,0.5,0.9,5,0.48,1,2,,problem_solving,10
10,-0.0021455120473007376,0.007011,0.01059767701403988,0.54,0.8486239003628652,4.766753190755408,[0.         0.         0.         0.         0.96849464 0.         0.         0.         0.         0.         0.         0.         0.         0.         0.         0.         0.         0.         0.         0.         0.         0.         0.         0.         0.         0.         0.         0.         0.         0.         0.03150536],[0. 0. 0. 0. 1. 0. 0. 0. 0. 0. 0. 0. 0. 0. 0. 0. 0. 0. 0. 0. 0. 0. 0. 0. 0. 0. 0. 0. 0. 0. 1.],2.0,best,100,1000,100,0.9,0.5,0.9,0.5,0.9,5,0.48,1,2,,problem_solving,10
11,-0.0021455120473007376,0.007011,0.01059767701403988,0.544,0.8436504332487491,-1.1148856298784768,[0.         0.         0.         0.         0.96849464 0.         0.         0.         0.         0.         0.         0.         0.         0.         0.         0.         0.         0.         0.         0.         0.         0.         0.         0.         0.         0.         0.         0.         0.         0.         0.03150536],[0. 0. 0. 0. 1. 0. 0. 0. 0. 0. 0. 0. 0. 0. 0. 0. 0. 0. 0. 0. 0. 0. 0. 0. 0. 0. 0. 0. 0. 0. 1.],2.0,best,100,1000,100,0.9,0.5,0.9,0.5,0.9,5,0.48,1,2,,problem_solving,10
12,-0.0021455120473007376,0.007011,0.01059767701403988,0.548,0.838706113764254,-3.6972379247292,[0.         0.         0.         0.         0.96849464 0.         0.         0.         0.         0.         0.         0.         0.         0.         0.         0.         0.         0.         0.         0.         0.         0.         0.         0.         0.         0.         0.         0.         0.         0.         0.03150536],[0. 0. 0. 0. 1. 0. 0. 0. 0. 0. 0. 0. 0. 0. 0. 0. 0. 0. 0. 0. 0. 0. 0. 0. 0. 0. 0. 0. 0. 0. 1.],2.0,best,100,1000,100,0.9,0.5,0.9,0.5,0.9,5,0.48,1,2,,problem_solving,10
13,-0.0021455120473007376,0.007011,0.01059767701403988,0.552,0.83379077108603,-3.3994465066061714,[0.         0.         0.         0.         0.96849464 0.         0.         0.         0.         0.         0.         0.         0.         0.         0.         0.         0.         0.         0.         0.         0.         0.         0.         0.         0.         0.         0.         0.         0.         0.         0.03150536],[0. 0. 0. 0. 1. 0. 0. 0. 0. 0. 0. 0. 0. 0. 0. 0. 0. 0. 0. 0. 0. 0. 0. 0. 0. 0. 0. 0. 0. 0. 1.],2.0,best,100,1000,100,0.9,0.5,0.9,0.5,0.9,5,0.48,1,2,,problem_solving,10
14,-0.0021455120473007376,0.007011,0.01059767701403988,0.556,0.828904235391859,-1.052094578544077,[0.         0.         0.         0.         0.96849464 0.         0.         0.         0.         0.         0.         0.         0.         0.         0.         0.         0.         0.         0.         0.         0.         0.         0.         0.         0.         0.         0.         0.         0.         0.         0.03150536],[0. 0. 0. 0. 1. 0. 0. 0. 0. 0. 0. 0. 0. 0. 0. 0. 0. 0. 0. 0. 0. 0. 0. 0. 0. 0. 0. 0. 0. 0. 1.],2.0,best,100,1000,100,0.9,0.5,0.9,0.5,0.9,5,0.48,1,2,,problem_solving,10
15,-0.0021455120473007376,0.007011,0.01059767701403988,0.56,0.8240463378547873,-1.1580074410255916,[0.         0.         0.         0.         0.96849464 0.         0.         0.         0.         0.         0.         0.         0.         0.         0.         0.         0.         0.         0.         0.         0.         0.         0.         0.         0.         0.         0.         0.         0.         0.         0.03150536],[0. 0. 0. 0. 1. 0. 0. 0. 0. 0. 0. 0. 0. 0. 0. 0. 0. 0. 0. 0. 0. 0. 0. 0. 0. 0. 0. 0. 0. 0. 1.],2.0,best,100,1000,100,0.9,0.5,0.9,0.5,0.9,5,0.48,1,2,,problem_solving,10
16,-0.0021455120473007376,0.007011,0.01059767701403988,0.5640000000000001,0.8192169106372932,3.9564467279298747,[0.         0.         0.         0.         0.96849464 0.         0.         0.         0.         0.         0.         0.         0.         0.         0.         0.         0.         0.         0.         0.         0.         0.         0.         0.         0.         0.         0.         0.         0.         0.         0.03150536],[0. 0. 0. 0. 1. 0. 0. 0. 0. 0. 0. 0. 0. 0. 0. 0. 0. 0. 0. 0. 0. 0. 0. 0. 0. 0. 0. 0. 0. 0. 1.],2.0,best,100,1000,100,0.9,0.5,0.9,0.5,0.9,5,0.48,1,2,,problem_solving,10
17,-0.002433320456562889,0.03795,0.0021129470654252334,0.5680000000000001,0.8144157868854872,7.02650361613282,[0.         0.         0.         0.         0.98008145 0.         0.         0.         0.         0.         0.         0.         0.         0.         0.01991855 0.         0.         0.         0.         0.         0.         0.         0.         0.         0.         0.         0.         0.         0.         0.         0.        ],[0. 0. 0. 0. 1. 0. 0. 0. 0. 0. 0. 0. 0. 0. 1. 0. 0. 0. 0. 0. 0. 0. 0. 0. 0. 0. 0. 0. 0. 0. 0.],2.0,best,100,1000,100,0.9,0.5,0.9,0.5,0.9,5,0.48,1,2,,problem_solving,10
18,-0.002433320456562889,0.03795,0.0021129470654252334,0.5720000000000001,0.8096428007233489,0.6029700297249296,[0.         0.         0.         0.         0.98008145 0.         0.         0.         0.         0.         0.         0.         0.         0.         0.01991855 0.         0.         0.         0.         0.         0.         0.         0.         0.         0.         0.         0.         0.         0.         0.         0.        ],[0. 0. 0. 0. 1. 0. 0. 0. 0. 0. 0. 0. 0. 0. 1. 0. 0. 0. 0. 0. 0. 0. 0. 0. 0. 0. 0. 0. 0. 0. 0.],2.0,best,100,1000,100,0.9,0.5,0.9,0.5,0.9,5,0.48,1,2,,problem_solving,10
19,-0.002433320456562889,0.03795,0.0021129470654252334,0.576,0.8048977872469943,6.457283652904184,[0.         0.         0.         0.         0.98008145 0.         0.         0.         0.         0.         0.         0.         0.         0.         0.01991855 0.         0.         0.         0.         0.         0.         0.         0.         0.         0.         0.         0.         0.         0.         0.         0.        ],[0. 0. 0. 0. 1. 0. 0. 0. 0. 0. 0. 0. 0. 0. 1. 0. 0. 0. 0. 0. 0. 0. 0. 0. 0. 0. 0. 0. 0. 0. 0.],2.0,best,100,1000,100,0.9,0.5,0.9,0.5,0.9,5,0.48,1,2,,problem_solving,10
20,-0.002433320456562889,0.03795,0.0021129470654252334,0.58,0.80018058251898,-3.04544796501188,[0.         0.         0.         0.         0.98008145 0.         0.         0.         0.         0.         0.         0.         0.         0.         0.01991855 0.         0.         0.         0.         0.         0.         0.         0.         0.         0.         0.         0.         0.         0.         0.         0.        ],[0. 0. 0. 0. 1. 0. 0. 0. 0. 0. 0. 0. 0. 0. 1. 0. 0. 0. 0. 0. 0. 0. 0. 0. 0. 0. 0. 0. 0. 0. 0.],2.0,best,100,1000,100,0.9,0.5,0.9,0.5,0.9,5,0.48,1,2,,problem_solving,10
21,-0.002433320456562889,0.03795,0.0021129470654252334,0.584,0.7954910235626382,-2.5292755466443246,[0.         0.         0.         0.         0.98008145 0.         0.         0.         0.         0.         0.         0.         0.         0.         0.01991855 0.         0.         0.         0.         0.         0.         0.         0.         0.         0.         0.         0.         0.         0.         0.         0.        ],[0. 0. 0. 0. 1. 0. 0. 0. 0. 0. 0. 0. 0. 0. 1. 0. 0. 0. 0. 0. 0. 0. 0. 0. 0. 0. 0. 0. 0. 0. 0.],2.0,best,100,1000,100,0.9,0.5,0.9,0.5,0.9,5,0.48,1,2,,problem_solving,10
22,-0.002433320456562889,0.03795,0.0021129470654252334,0.588,0.7908289483564468,-0.3231839542446836,[0.         0.         0.         0.         0.98008145 0.         0.         0.         0.         0.         0.         0.         0.         0.         0.01991855 0.         0.         0.         0.         0.         0.         0.         0.         0.         0.         0.         0.         0.         0.         0.         0.        ],[0. 0. 0. 0. 1. 0. 0. 0. 0. 0. 0. 0. 0. 0. 1. 0. 0. 0. 0. 0. 0. 0. 0. 0. 0. 0. 0. 0. 0. 0. 0.],2.0,best,100,1000,100,0.9,0.5,0.9,0.5,0.9,5,0.48,1,2,,problem_solving,10
23,-0.002433320456562889,0.03795,0.0021129470654252334,0.592,0.7861941958284306,2.1837559878443367,[0.         0.         0.         0.         0.98008145 0.         0.         0.         0.         0.         0.         0.         0.         0.         0.01991855 0.         0.         0.         0.         0.         0.         0.         0.         0.         0.         0.         0.         0.         0.         0.         0.        ],[0. 0. 0. 0. 1. 0. 0. 0. 0. 0. 0. 0. 0. 0. 1. 0. 0. 0. 0. 0. 0. 0. 0. 0. 0. 0. 0. 0. 0. 0. 0.],2.0,best,100,1000,100,0.9,0.5,0.9,0.5,0.9,5,0.48,1,2,,problem_solving,10
24,-0.002433320456562889,0.03795,0.0021129470654252334,0.596,0.7815866058505976,-3.3075619207430607,[0.         0.         0.         0.         0.98008145 0.         0.         0.         0.         0.         0.         0.         0.         0.         0.01991855 0.         0.         0.         0.         0.         0.         0.         0.         0.         0.         0.         0.         0.         0.         0.         0.        ],[0. 0. 0. 0. 1. 0. 0. 0. 0. 0. 0. 0. 0. 0. 1. 0. 0. 0. 0. 0. 0. 0. 0. 0. 0. 0. 0. 0. 0. 0. 0.],2.0,best,100,1000,100,0.9,0.5,0.9,0.5,0.9,5,0.48,1,2,,problem_solving,10
25,-0.002433320456562889,0.03795,0.0021129470654252334,0.6,0.7770060192334055,3.8737716851413224,[0.         0.         0.         0.         0.98008145 0.         0.         0.         0.         0.         0.         0.         0.         0.         0.01991855 0.         0.         0.         0.         0.         0.         0.         0.         0.         0.         0.         0.         0.         0.         0.         0.        ],[0. 0. 0. 0. 1. 0. 0. 0. 0. 0. 0. 0. 0. 0. 1. 0. 0. 0. 0. 0. 0. 0. 0. 0. 0. 0. 0. 0. 0. 0. 0.],2.0,best,100,1000,100,0.9,0.5,0.9,0.5,0.9,5,0.48,1,2,,problem_solving,10
26,-0.002433320456562889,0.03795,0.0021129470654252334,0.604,0.7724522777202626,3.209365015638927,[0.         0.         0.         0.         0.98008145 0.         0.         0.         0.         0.         0.         0.         0.         0.         0.01991855 0.         0.         0.         0.         0.         0.         0.         0.         0.         0.         0.         0.         0.         0.         0.         0.        ],[0. 0. 0. 0. 1. 0. 0. 0. 0. 0. 0. 0. 0. 0. 1. 0. 0. 0. 0. 0. 0. 0. 0. 0. 0. 0. 0. 0. 0. 0. 0.],2.0,best,100,1000,100,0.9,0.5,0.9,0.5,0.9,5,0.48,1,2,,problem_solving,10
27,-0.002433320456562889,0.03795,0.0021129470654252334,0.608,0.7679252239820602,1.6764934071222384,[0.         0.         0.         0.         0.98008145 0.         0.         0.         0.         0.         0.         0.         0.         0.         0.01991855 0.         0.         0.         0.         0.         0.         0.         0.         0.         0.         0.         0.         0.         0.         0.         0.        ],[0. 0. 0. 0. 1. 0. 0. 0. 0. 0. 0. 0. 0. 0. 1. 0. 0. 0. 0. 0. 0. 0. 0. 0. 0. 0. 0. 0. 0. 0. 0.],2.0,best,100,1000,100,0.9,0.5,0.9,0.5,0.9,5,0.48,1,2,,problem_solving,10
28,-0.002433320456562889,0.03795,0.0021129470654252334,0.612,0.7634247016117359,7.811871785728345,[0.         0.         0.         0.         0.98008145 0.         0.         0.         0.         0.         0.         0.         0.         0.         0.01991855 0.         0.         0.         0.         0.         0.         0.         0.         0.         0.         0.         0.         0.         0.         0.         0.        ],[0. 0. 0. 0. 1. 0. 0. 0. 0. 0. 0. 0. 0. 0. 1. 0. 0. 0. 0. 0. 0. 0. 0. 0. 0. 0. 0. 0. 0. 0. 0.],2.0,best,100,1000,100,0.9,0.5,0.9,0.5,0.9,5,0.48,1,2,,problem_solving,10
29,-0.002433320456562889,0.03795,0.0021129470654252334,0.616,0.758950555118871,-1.5417769409357132,[0.         0.         0.         0.         0.98008145 0.         0.         0.         0.         0.         0.         0.         0.         0.         0.01991855 0.         0.         0.         0.         0.         0.         0.         0.         0.         0.         0.         0.         0.         0.         0.         0.        ],[0. 0. 0. 0. 1. 0. 0. 0. 0. 0. 0. 0. 0. 0. 1. 0. 0. 0. 0. 0. 0. 0. 0. 0. 0. 0. 0. 0. 0. 0. 0.],2.0,best,100,1000,100,0.9,0.5,0.9,0.5,0.9,5,0.48,1,2,,problem_solving,10
30,-0.002433320456562889,0.03795,0.0021129470654252334,0.62,0.754502629924318,-9.281398425509305,[0.         0.         0.         0.         0.98008145 0.         0.         0.         0.         0.         0.         0.         0.         0.         0.01991855 0.         0.         0.         0.         0.         0.         0.         0.         0.         0.         0.         0.         0.         0.         0.         0.        ],[0. 0. 0. 0. 1. 0. 0. 0. 0. 0. 0. 0. 0. 0. 1. 0. 0. 0. 0. 0. 0. 0. 0. 0. 0. 0. 0. 0. 0. 0. 0.],2.0,best,100,1000,100,0.9,0.5,0.9,0.5,0.9,5,0.48,1,2,,problem_solving,10
31,-0.002433320456562889,0.03795,0.0021129470654252334,0.624,0.7500807723548599,2.8079618290190873,[0.         0.         0.         0.         0.98008145 0.         0.         0.         0.         0.         0.         0.         0.         0.         0.01991855 0.         0.         0.         0.         0.         0.         0.         0.         0.         0.         0.         0.         0.         0.         0.         0.        ],[0. 0. 0. 0. 1. 0. 0. 0. 0. 0. 0. 0. 0. 0. 1. 0. 0. 0. 0. 0. 0. 0. 0. 0. 0. 0. 0. 0. 0. 0. 0.],2.0,best,100,1000,100,0.9,0.5,0.9,0.5,0.9,5,0.48,1,2,,problem_solving,10
32,-0.002433320456562889,0.03795,0.0021129470654252334,0.628,0.7456848296379007,2.0943701820544973,[0.         0.         0.         0.         0.98008145 0.         0.         0.         0.         0.         0.         0.         0.         0.         0.01991855 0.         0.         0.         0.         0.         0.         0.         0.         0.         0.         0.         0.         0.         0.         0.         0.        ],[0. 0. 0. 0. 1. 0. 0. 0. 0. 0. 0. 0. 0. 0. 1. 0. 0. 0. 0. 0. 0. 0. 0. 0. 0. 0. 0. 0. 0. 0. 0.],2.0,best,100,1000,100,0.9,0.5,0.9,0.5,0.9,5,0.48,1,2,,problem_solving,10
33,-0.002433320456562889,0.03795,0.0021129470654252334,0.632,0.7413146498961878,-1.4612841039074937,[0.         0.         0.         0.         0.98008145 0.         0.         0.         0.         0.         0.         0.         0.         0.         0.01991855 0.         0.         0.         0.         0.         0.         0.         0.         0.         0.         0.         0.         0.         0.         0.         0.        ],[0. 0. 0. 0. 1. 0. 0. 0. 0. 0. 0. 0. 0. 0. 1. 0. 0. 0. 0. 0. 0. 0. 0. 0. 0. 0. 0. 0. 0. 0. 0.],2.0,best,100,1000,100,0.9,0.5,0.9,0.5,0.9,5,0.48,1,2,,problem_solving,10
34,-0.002433320456562889,0.03795,0.0021129470654252334,0.636,0.7369700821425638,2.6799210038036483,[0.         0.         0.         0.         0.98008145 0.         0.         0.         0.         0.         0.         0.         0.         0.         0.01991855 0.         0.         0.         0.         0.         0.         0.         0.         0.         0.         0.         0.         0.         0.         0.         0.        ],[0. 0. 0. 0. 1. 0. 0. 0. 0. 0. 0. 0. 0. 0. 1. 0. 0. 0. 0. 0. 0. 0. 0. 0. 0. 0. 0. 0. 0. 0. 0.],2.0,best,100,1000,100,0.9,0.5,0.9,0.5,0.9,5,0.48,1,2,,problem_solving,10
35,-0.002433320456562889,0.03795,0.0021129470654252334,0.64,0.7326509762747511,0.6802570530843736,[0.         0.         0.         0.         0.98008145 0.         0.         0.         0.         0.         0.         0.         0.         0.         0.01991855 0.         0.         0.         0.         0.         0.         0.         0.         0.         0.         0.         0.         0.         0.         0.         0.        ],[0. 0. 0. 0. 1. 0. 0. 0. 0. 0. 0. 0. 0. 0. 1. 0. 0. 0. 0. 0. 0. 0. 0. 0. 0. 0. 0. 0. 0. 0. 0.],2.0,best,100,1000,100,0.9,0.5,0.9,0.5,0.9,5,0.48,1,2,,problem_solving,10
36,-0.002433320456562889,0.03795,0.0021129470654252334,0.644,0.7283571830701648,-8.465016012635457,[0.         0.         0.         0.         0.98008145 0.         0.         0.         0.         0.         0.         0.         0.         0.         0.01991855 0.         0.         0.         0.         0.         0.         0.         0.         0.         0.         0.         0.         0.         0.         0.         0.        ],[0. 0. 0. 0. 1. 0. 0. 0. 0. 0. 0. 0. 0. 0. 1. 0. 0. 0. 0. 0. 0. 0. 0. 0. 0. 0. 0. 0. 0. 0. 0.],2.0,best,100,1000,100,0.9,0.5,0.9,0.5,0.9,5,0.48,1,2,,problem_solving,10
37,-0.002433320456562889,0.03795,0.0021129470654252334,0.648,0.7240885541807586,-4.596648574349413,[0.         0.         0.         0.         0.98008145 0.         0.         0.         0.         0.         0.         0.         0.         0.         0.01991855 0.         0.         0.         0.         0.         0.         0.         0.         0.         0.         0.         0.         0.         0.         0.         0.        ],[0. 0. 0. 0. 1. 0. 0. 0. 0. 0. 0. 0. 0. 0. 1. 0. 0. 0. 0. 0. 0. 0. 0. 0. 0. 0. 0. 0. 0. 0. 0.],2.0,best,100,1000,100,0.9,0.5,0.9,0.5,0.9,5,0.48,1,2,,problem_solving,10
38,-0.002433320456562889,0.03795,0.0021129470654252334,0.652,0.7198449421278975,-8.145982489072061,[0.         0.         0.         0.         0.98008145 0.         0.         0.         0.         0.         0.         0.         0.         0.         0.01991855 0.         0.         0.         0.         0.         0.         0.         0.         0.         0.         0.         0.         0.         0.         0.         0.        ],[0. 0. 0. 0. 1. 0. 0. 0. 0. 0. 0. 0. 0. 0. 1. 0. 0. 0. 0. 0. 0. 0. 0. 0. 0. 0. 0. 0. 0. 0. 0.],2.0,best,100,1000,100,0.9,0.5,0.9,0.5,0.9,5,0.48,1,2,,problem_solving,10
39,-0.002433320456562889,0.03795,0.0021129470654252334,0.656,0.7156262002972644,-0.6518397959743271,[0.         0.         0.         0.         0.98008145 0.         0.         0.         0.         0.         0.         0.         0.         0.         0.01991855 0.         0.         0.         0.         0.         0.         0.         0.         0.         0.         0.         0.         0.         0.         0.         0.        ],[0. 0. 0. 0. 1. 0. 0. 0. 0. 0. 0. 0. 0. 0. 1. 0. 0. 0. 0. 0. 0. 0. 0. 0. 0. 0. 0. 0. 0. 0. 0.],2.0,best,100,1000,100,0.9,0.5,0.9,0.5,0.9,5,0.48,1,2,,problem_solving,10
40,-0.002433320456562889,0.03795,0.0021129470654252334,0.66,0.7114321829337936,2.072919564967493,[0.         0.         0.         0.         0.98008145 0.         0.         0.         0.         0.         0.         0.         0.         0.         0.01991855 0.         0.         0.         0.         0.         0.         0.         0.         0.         0.         0.         0.         0.         0.         0.         0.        ],[0. 0. 0. 0. 1. 0. 0. 0. 0. 0. 0. 0. 0. 0. 1. 0. 0. 0. 0. 0. 0. 0. 0. 0. 0. 0. 0. 0. 0. 0. 0.],2.0,best,100,1000,100,0.9,0.5,0.9,0.5,0.9,5,0.48,1,2,,problem_solving,10
41,-0.002433320456562889,0.03795,0.0021129470654252334,0.664,0.707262745136635,-4.425436409062922,[0.         0.         0.         0.         0.98008145 0.         0.         0.         0.         0.         0.         0.         0.         0.         0.01991855 0.         0.         0.         0.         0.         0.         0.         0.         0.         0.         0.         0.         0.         0.         0.         0.        ],[0. 0. 0. 0. 1. 0. 0. 0. 0. 0. 0. 0. 0. 0. 1. 0. 0. 0. 0. 0. 0. 0. 0. 0. 0. 0. 0. 0. 0. 0. 0.],2.0,best,100,1000,100,0.9,0.5,0.9,0.5,0.9,5,0.48,1,2,,problem_solving,10
42,-0.002433320456562889,0.03795,0.0021129470654252334,0.668,0.7031177428541489,-3.325439724666297,[0.         0.         0.         0.         0.98008145 0.         0.         0.         0.         0.         0.         0.         0.         0.         0.01991855 0.         0.         0.         0.         0.         0.         0.         0.         0.         0.         0.         0.         0.         0.         0.         0.        ],[0. 0. 0. 0. 1. 0. 0. 0. 0. 0. 0. 0. 0. 0. 1. 0. 0. 0. 0. 0. 0. 0. 0. 0. 0. 0. 0. 0. 0. 0. 0.],2.0,best,100,1000,100,0.9,0.5,0.9,0.5,0.9,5,0.48,1,2,,problem_solving,10
43,-0.002433320456562889,0.03795,0.0021129470654252334,0.672,0.6989970328789274,3.960083975835994,[0.         0.         0.         0.         0.98008145 0.         0.         0.         0.         0.         0.         0.         0.         0.         0.01991855 0.         0.         0.         0.         0.         0.         0.         0.         0.         0.         0.         0.         0.         0.         0.         0.        ],[0. 0. 0. 0. 1. 0. 0. 0. 0. 0. 0. 0. 0. 0. 1. 0. 0. 0. 0. 0. 0. 0. 0. 0. 0. 0. 0. 0. 0. 0. 0.],2.0,best,100,1000,100,0.9,0.5,0.9,0.5,0.9,5,0.48,1,2,,problem_solving,10
44,-0.002433320456562889,0.03795,0.0021129470654252334,0.6759999999999999,0.6949004728428485,-2.894159786000505,[0.         0.         0.         0.         0.98008145 0.         0.         0.         0.         0.         0.         0.         0.         0.         0.01991855 0.         0.         0.         0.         0.         0.         0.         0.         0.         0.         0.         0.         0.         0.         0.         0.        ],[0. 0. 0. 0. 1. 0. 0. 0. 0. 0. 0. 0. 0. 0. 1. 0. 0. 0. 0. 0. 0. 0. 0. 0. 0. 0. 0. 0. 0. 0. 0.],2.0,best,100,1000,100,0.9,0.5,0.9,0.5,0.9,5,0.48,1,2,,problem_solving,10
45,-0.002433320456562889,0.03795,0.0021129470654252334,0.6799999999999999,0.6908279212121557,-2.2781231142431517,[0.         0.         0.         0.         0.98008145 0.         0.         0.         0.         0.         0.         0.         0.         0.         0.01991855 0.         0.         0.         0.         0.         0.         0.         0.         0.         0.         0.         0.         0.         0.         0.         0.        ],[0. 0. 0. 0. 1. 0. 0. 0. 0. 0. 0. 0. 0. 0. 1. 0. 0. 0. 0. 0. 0. 0. 0. 0. 0. 0. 0. 0. 0. 0. 0.],2.0,best,100,1000,100,0.9,0.5,0.9,0.5,0.9,5,0.48,1,2,,problem_solving,10
46,-0.002433320456562889,0.03795,0.0021129470654252334,0.6839999999999999,0.6867792372825696,3.732648424729773,[0.         0.         0.         0.         0.98008145 0.         0.         0.         0.         0.         0.         0.         0.         0.         0.01991855 0.         0.         0.         0.         0.         0.         0.         0.         0.         0.         0.         0.         0.         0.         0.         0.        ],[0. 0. 0. 0. 1. 0. 0. 0. 0. 0. 0. 0. 0. 0. 1. 0. 0. 0. 0. 0. 0. 0. 0. 0. 0. 0. 0. 0. 0. 0. 0.],2.0,best,100,1000,100,0.9,0.5,0.9,0.5,0.9,5,0.48,1,2,,problem_solving,10
47,-0.002433320456562889,0.03795,0.0021129470654252334,0.688,0.6827542811744257,2.4958528978324086,[0.         0.         0.         0.         0.98008145 0.         0.         0.         0.         0.         0.         0.         0.         0.         0.01991855 0.         0.         0.         0.         0.         0.         0.         0.         0.         0.         0.         0.         0.         0.         0.         0.        ],[0. 0. 0. 0. 1. 0. 0. 0. 0. 0. 0. 0. 0. 0. 1. 0. 0. 0. 0. 0. 0. 0. 0. 0. 0. 0. 0. 0. 0. 0. 0.],2.0,best,100,1000,100,0.9,0.5,0.9,0.5,0.9,5,0.48,1,2,,problem_solving,10
48,-0.002433320456562889,0.03795,0.0021129470654252334,0.692,0.6787529138278414,-4.573256204531178,[0.         0.         0.         0.         0.98008145 0.         0.         0.         0.         0.         0.         0.         0.         0.         0.01991855 0.         0.         0.         0.         0.         0.         0.         0.         0.         0.         0.         0.         0.         0.         0.         0.        ],[0. 0. 0. 0. 1. 0. 0. 0. 0. 0. 0. 0. 0. 0. 1. 0. 0. 0. 0. 0. 0. 0. 0. 0. 0. 0. 0. 0. 0. 0. 0.],2.0,best,100,1000,100,0.9,0.5,0.9,0.5,0.9,5,0.48,1,2,,problem_solving,10
49,-0.002433320456562889,0.03795,0.0021129470654252334,0.696,0.6747749969979128,11.546160052023712,[0.         0.         0.         0.         0.98008145 0.         0.         0.         0.         0.         0.         0.         0.         0.         0.01991855 0.         0.         0.         0.         0.         0.         0.         0.         0.         0.         0.         0.         0.         0.         0.         0.        ],[0. 0. 0. 0. 1. 0. 0. 0. 0. 0. 0. 0. 0. 0. 1. 0. 0. 0. 0. 0. 0. 0. 0. 0. 0. 0. 0. 0. 0. 0. 0.],2.0,best,100,1000,100,0.9,0.5,0.9,0.5,0.9,5,0.48,1,2,,problem_solving,10
50,-0.002433320456562889,0.03795,0.0021129470654252334,0.7,0.6708203932499369,2.947167378612568,[0.         0.         0.         0.         0.98008145 0.         0.         0.         0.         0.         0.         0.         0.         0.         0.01991855 0.         0.         0.         0.         0.         0.         0.         0.         0.         0.         0.         0.         0.         0.         0.         0.        ],[0. 0. 0. 0. 1. 0. 0. 0. 0. 0. 0. 0. 0. 0. 1. 0. 0. 0. 0. 0. 0. 0. 0. 0. 0. 0. 0. 0. 0. 0. 0.],2.0,best,100,1000,100,0.9,0.5,0.9,0.5,0.9,5,0.48,1,2,,problem_solving,10
51,-0.002433320456562889,0.03795,0.0021129470654252334,0.704,0.6668889659546647,8.212637686394281,[0.         0.         0.         0.         0.98008145 0.         0.         0.         0.         0.         0.         0.         0.         0.         0.01991855 0.         0.         0.         0.         0.         0.         0.         0.         0.         0.         0.         0.         0.         0.         0.         0.        ],[0. 0. 0. 0. 1. 0. 0. 0. 0. 0. 0. 0. 0. 0. 1. 0. 0. 0. 0. 0. 0. 0. 0. 0. 0. 0. 0. 0. 0. 0. 0.],2.0,best,100,1000,100,0.9,0.5,0.9,0.5,0.9,5,0.48,1,2,,problem_solving,10
52,-0.002433320456562889,0.03795,0.0021129470654252334,0.708,0.6629805792835798,3.55448233427637,[0.         0.         0.         0.         0.98008145 0.         0.         0.         0.         0.         0.         0.         0.         0.         0.01991855 0.         0.         0.         0.         0.         0.         0.         0.         0.         0.         0.         0.         0.         0.         0.         0.        ],[0. 0. 0. 0. 1. 0. 0. 0. 0. 0. 0. 0. 0. 0. 1. 0. 0. 0. 0. 0. 0. 0. 0. 0. 0. 0. 0. 0. 0. 0. 0.],2.0,best,100,1000,100,0.9,0.5,0.9,0.5,0.9,5,0.48,1,2,,problem_solving,10
53,-0.002433320456562889,0.03795,0.0021129470654252334,0.712,0.6590950982042058,0.7229150780717818,[0.         0.         0.         0.         0.98008145 0.         0.         0.         0.         0.         0.         0.         0.         0.         0.01991855 0.         0.         0.         0.         0.         0.         0.         0.         0.         0.         0.         0.         0.         0.         0.         0.        ],[0. 0. 0. 0. 1. 0. 0. 0. 0. 0. 0. 0. 0. 0. 1. 0. 0. 0. 0. 0. 0. 0. 0. 0. 0. 0. 0. 0. 0. 0. 0.],2.0,best,100,1000,100,0.9,0.5,0.9,0.5,0.9,5,0.48,1,2,,problem_solving,10
54,-0.002433320456562889,0.03795,0.0021129470654252334,0.716,0.6552323884754414,-2.6702911300553134,[0.         0.         0.         0.         0.98008145 0.         0.         0.         0.         0.         0.         0.         0.         0.         0.01991855 0.         0.         0.         0.         0.         0.         0.         0.         0.         0.         0.         0.         0.         0.         0.         0.        ],[0. 0. 0. 0. 1. 0. 0. 0. 0. 0. 0. 0. 0. 0. 1. 0. 0. 0. 0. 0. 0. 0. 0. 0. 0. 0. 0. 0. 0. 0. 0.],2.0,best,100,1000,100,0.9,0.5,0.9,0.5,0.9,5,0.48,1,2,,problem_solving,10
55,-0.002433320456562889,0.03795,0.0021129470654252334,0.72,0.651392316642922,3.566355943628788,[0.         0.         0.         0.         0.98008145 0.         0.         0.         0.         0.         0.         0.         0.         0.         0.01991855 0.         0.         0.         0.         0.         0.         0.         0.         0.         0.         0.         0.         0.         0.         0.         0.        ],[0. 0. 0. 0. 1. 0. 0. 0. 0. 0. 0. 0. 0. 0. 1. 0. 0. 0. 0. 0. 0. 0. 0. 0. 0. 0. 0. 0. 0. 0. 0.],2.0,best,100,1000,100,0.9,0.5,0.9,0.5,0.9,5,0.48,1,2,,problem_solving,10
56,-0.002433320456562889,0.03795,0.0021129470654252334,0.724,0.6475747500344088,3.4487093668312188,[0.         0.         0.         0.         0.98008145 0.         0.         0.         0.         0.         0.         0.         0.         0.         0.01991855 0.         0.         0.         0.         0.         0.         0.         0.         0.         0.         0.         0.         0.         0.         0.         0.        ],[0. 0. 0. 0. 1. 0. 0. 0. 0. 0. 0. 0. 0. 0. 1. 0. 0. 0. 0. 0. 0. 0. 0. 0. 0. 0. 0. 0. 0. 0. 0.],2.0,best,100,1000,100,0.9,0.5,0.9,0.5,0.9,5,0.48,1,2,,problem_solving,10
57,-0.002433320456562889,0.03795,0.0021129470654252334,0.728,0.6437795567552059,7.684310540692265,[0.         0.         0.         0.         0.98008145 0.         0.         0.         0.         0.         0.         0.         0.         0.         0.01991855 0.         0.         0.         0.         0.         0.         0.         0.         0.         0.         0.         0.         0.         0.         0.         0.        ],[0. 0. 0. 0. 1. 0. 0. 0. 0. 0. 0. 0. 0. 0. 1. 0. 0. 0. 0. 0. 0. 0. 0. 0. 0. 0. 0. 0. 0. 0. 0.],2.0,best,100,1000,100,0.9,0.5,0.9,0.5,0.9,5,0.48,1,2,,problem_solving,10
58,-0.002433320456562889,0.03795,0.0021129470654252334,0.732,0.6400066056836028,-1.3930377518033021,[0.         0.         0.         0.         0.98008145 0.         0.         0.         0.         0.         0.         0.         0.         0.         0.01991855 0.         0.         0.         0.         0.         0.         0.         0.         0.         0.         0.         0.         0.         0.         0.         0.        ],[0. 0. 0. 0. 1. 0. 0. 0. 0. 0. 0. 0. 0. 0. 1. 0. 0. 0. 0. 0. 0. 0. 0. 0. 0. 0. 0. 0. 0. 0. 0.],2.0,best,100,1000,100,0.9,0.5,0.9,0.5,0.9,5,0.48,1,2,,problem_solving,10
59,-0.002433320456562889,0.03795,0.0021129470654252334,0.736,0.6362557664663436,-1.6775156413106307,[0.         0.         0.         0.         0.98008145 0.         0.         0.         0.         0.         0.         0.         0.         0.         0.01991855 0.         0.         0.         0.         0.         0.         0.         0.         0.         0.         0.         0.         0.         0.         0.         0.        ],[0. 0. 0. 0. 1. 0. 0. 0. 0. 0. 0. 0. 0. 0. 1. 0. 0. 0. 0. 0. 0. 0. 0. 0. 0. 0. 0. 0. 0. 0. 0.],2.0,best,100,1000,100,0.9,0.5,0.9,0.5,0.9,5,0.48,1,2,,problem_solving,10
60,-0.002433320456562889,0.03795,0.0021129470654252334,0.74,0.6325269095141249,1.3904538544576241,[0.         0.         0.         0.         0.98008145 0.         0.         0.         0.         0.         0.         0.         0.         0.         0.01991855 0.         0.         0.         0.         0.         0.         0.         0.         0.         0.         0.         0.         0.         0.         0.         0.        ],[0. 0. 0. 0. 1. 0. 0. 0. 0. 0. 0. 0. 0. 0. 1. 0. 0. 0. 0. 0. 0. 0. 0. 0. 0. 0. 0. 0. 0. 0. 0.],2.0,best,100,1000,100,0.9,0.5,0.9,0.5,0.9,5,0.48,1,2,,problem_solving,10
61,-0.002433320456562889,0.03795,0.0021129470654252334,0.744,0.6288199059971172,5.578893878123006,[0.         0.         0.         0.         0.98008145 0.         0.         0.         0.         0.         0.         0.         0.         0.         0.01991855 0.         0.         0.         0.         0.         0.         0.         0.         0.         0.         0.         0.         0.         0.         0.         0.        ],[0. 0. 0. 0. 1. 0. 0. 0. 0. 0. 0. 0. 0. 0. 1. 0. 0. 0. 0. 0. 0. 0. 0. 0. 0. 0. 0. 0. 0. 0. 0.],2.0,best,100,1000,100,0.9,0.5,0.9,0.5,0.9,5,0.48,1,2,,problem_solving,10
62,-0.002433320456562889,0.03795,0.0021129470654252334,0.748,0.6251346278405147,-3.748088791518313,[0.         0.         0.         0.         0.98008145 0.         0.         0.         0.         0.         0.         0.         0.         0.         0.01991855 0.         0.         0.         0.         0.         0.         0.         0.         0.         0.         0.         0.         0.         0.         0.         0.        ],[0. 0. 0. 0. 1. 0. 0. 0. 0. 0. 0. 0. 0. 0. 1. 0. 0. 0. 0. 0. 0. 0. 0. 0. 0. 0. 0. 0. 0. 0. 0.],2.0,best,100,1000,100,0.9,0.5,0.9,0.5,0.9,5,0.48,1,2,,problem_solving,10
63,-0.002433320456562889,0.03795,0.0021129470654252334,0.752,0.6214709477201097,1.6682016300239193,[0.         0.         0.         0.         0.98008145 0.         0.         0.         0.         0.         0.         0.         0.         0.         0.01991855 0.         0.         0.         0.         0.         0.         0.         0.         0.         0.         0.         0.         0.         0.         0.         0.        ],[0. 0. 0. 0. 1. 0. 0. 0. 0. 0. 0. 0. 0. 0. 1. 0. 0. 0. 0. 0. 0. 0. 0. 0. 0. 0. 0. 0. 0. 0. 0.],2.0,best,100,1000,100,0.9,0.5,0.9,0.5,0.9,5,0.48,1,2,,problem_solving,10
64,-0.002433320456562889,0.03795,0.0021129470654252334,0.756,0.6178287390578946,4.002595649753256,[0.         0.         0.         0.         0.98008145 0.         0.         0.         0.         0.         0.         0.         0.         0.         0.01991855 0.         0.         0.         0.         0.         0.         0.         0.         0.         0.         0.         0.         0.         0.         0.         0.        ],[0. 0. 0. 0. 1. 0. 0. 0. 0. 0. 0. 0. 0. 0. 1. 0. 0. 0. 0. 0. 0. 0. 0. 0. 0. 0. 0. 0. 0. 0. 0.],2.0,best,100,1000,100,0.9,0.5,0.9,0.5,0.9,5,0.48,1,2,,problem_solving,10
65,-0.002433320456562889,0.03795,0.0021129470654252334,0.76,0.6142078760176876,-0.981699119276081,[0.         0.         0.         0.         0.98008145 0.         0.         0.         0.         0.         0.         0.         0.         0.         0.01991855 0.         0.         0.         0.         0.         0.         0.         0.         0.         0.         0.         0.         0.         0.         0.         0.        ],[0. 0. 0. 0. 1. 0. 0. 0. 0. 0. 0. 0. 0. 0. 1. 0. 0. 0. 0. 0. 0. 0. 0. 0. 0. 0. 0. 0. 0. 0. 0.],2.0,best,100,1000,100,0.9,0.5,0.9,0.5,0.9,5,0.48,1,2,,problem_solving,10
66,-0.002433320456562889,0.03795,0.0021129470654252334,0.764,0.6106082335007861,4.247880256384654,[0.         0.         0.         0.         0.98008145 0.         0.         0.         0.         0.         0.         0.         0.         0.         0.01991855 0.         0.         0.         0.         0.         0.         0.         0.         0.         0.         0.         0.         0.         0.         0.         0.        ],[0. 0. 0. 0. 1. 0. 0. 0. 0. 0. 0. 0. 0. 0. 1. 0. 0. 0. 0. 0. 0. 0. 0. 0. 0. 0. 0. 0. 0. 0. 0.],2.0,best,100,1000,100,0.9,0.5,0.9,0.5,0.9,5,0.48,1,2,,problem_solving,10
67,-0.002433320456562889,0.03795,0.0021129470654252334,0.768,0.6070296871416437,-3.4863671131953042,[0.         0.         0.         0.         0.98008145 0.         0.         0.         0.         0.         0.         0.         0.         0.         0.01991855 0.         0.         0.         0.         0.         0.         0.         0.         0.         0.         0.         0.         0.         0.         0.         0.        ],[0. 0. 0. 0. 1. 0. 0. 0. 0. 0. 0. 0. 0. 0. 1. 0. 0. 0. 0. 0. 0. 0. 0. 0. 0. 0. 0. 0. 0. 0. 0.],2.0,best,100,1000,100,0.9,0.5,0.9,0.5,0.9,5,0.48,1,2,,problem_solving,10
68,-0.002433320456562889,0.03795,0.0021129470654252334,0.772,0.6034721133035746,-1.4621217458223397,[0.         0.         0.         0.         0.98008145 0.         0.         0.         0.         0.         0.         0.         0.         0.         0.01991855 0.         0.         0.         0.         0.         0.         0.         0.         0.         0.         0.         0.         0.         0.         0.         0.        ],[0. 0. 0. 0. 1. 0. 0. 0. 0. 0. 0. 0. 0. 0. 1. 0. 0. 0. 0. 0. 0. 0. 0. 0. 0. 0. 0. 0. 0. 0. 0.],2.0,best,100,1000,100,0.9,0.5,0.9,0.5,0.9,5,0.48,1,2,,problem_solving,10
69,-0.002433320456562889,0.03795,0.0021129470654252334,0.776,0.5999353890744809,-1.3171198230710894,[0.         0.         0.         0.         0.98008145 0.         0.         0.         0.         0.         0.         0.         0.         0.         0.01991855 0.         0.         0.         0.         0.         0.         0.         0.         0.         0.         0.         0.         0.         0.         0.         0.        ],[0. 0. 0. 0. 1. 0. 0. 0. 0. 0. 0. 0. 0. 0. 1. 0. 0. 0. 0. 0. 0. 0. 0. 0. 0. 0. 0. 0. 0. 0. 0.],2.0,best,100,1000,100,0.9,0.5,0.9,0.5,0.9,5,0.48,1,2,,problem_solving,10
70,-0.002433320456562889,0.03795,0.0021129470654252334,0.78,0.5964193922626064,3.7196444518215577,[0.         0.         0.         0.         0.98008145 0.         0.         0.         0.         0.         0.         0.         0.         0.         0.01991855 0.         0.         0.         0.         0.         0.         0.         0.         0.         0.         0.         0.         0.         0.         0.         0.        ],[0. 0. 0. 0. 1. 0. 0. 0. 0. 0. 0. 0. 0. 0. 1. 0. 0. 0. 0. 0. 0. 0. 0. 0. 0. 0. 0. 0. 0. 0. 0.],2.0,best,100,1000,100,0.9,0.5,0.9,0.5,0.9,5,0.48,1,2,,problem_solving,10
71,-0.003347751778954845,0.020094,0.001430316606077737,0.784,0.5929240013923155,3.688583853093686,[0.         0.         0.         0.         0.97207778 0.         0.         0.         0.         0.         0.         0.         0.         0.         0.         0.         0.         0.         0.         0.         0.         0.         0.         0.         0.         0.         0.         0.02792222 0.         0.         0.        ],[0. 0. 0. 0. 1. 0. 0. 0. 0. 0. 0. 0. 0. 0. 0. 0. 0. 0. 0. 0. 0. 0. 0. 0. 0. 0. 0. 1. 0. 0. 0.],2.0,best,100,1000,100,0.9,0.5,0.9,0.5,0.9,5,0.48,1,2,,problem_solving,10
72,-0.003347751778954845,0.020094,0.001430316606077737,0.788,0.5894490956998952,-1.423214796545944,[0.         0.         0.         0.         0.97207778 0.         0.         0.         0.         0.         0.         0.         0.         0.         0.         0.         0.         0.         0.         0.         0.         0.         0.         0.         0.         0.         0.         0.02792222 0.         0.         0.        ],[0. 0. 0. 0. 1. 0. 0. 0. 0. 0. 0. 0. 0. 0. 0. 0. 0. 0. 0. 0. 0. 0. 0. 0. 0. 0. 0. 1. 0. 0. 0.],2.0,best,100,1000,100,0.9,0.5,0.9,0.5,0.9,5,0.48,1,2,,problem_solving,10
73,-0.003347751778954845,0.020094,0.001430316606077737,0.792,0.5859945551293841,-7.306980889564221,[0.         0.         0.         0.         0.97207778 0.         0.         0.         0.         0.         0.         0.         0.         0.         0.         0.         0.         0.         0.         0.         0.         0.         0.         0.         0.         0.         0.         0.02792222 0.         0.         0.        ],[0. 0. 0. 0. 1. 0. 0. 0. 0. 0. 0. 0. 0. 0. 0. 0. 0. 0. 0. 0. 0. 0. 0. 0. 0. 0. 0. 1. 0. 0. 0.],2.0,best,100,1000,100,0.9,0.5,0.9,0.5,0.9,5,0.48,1,2,,problem_solving,10
74,-0.003347751778954845,0.020094,0.001430316606077737,0.796,0.5825602603284237,-1.234239236423366,[0.         0.         0.         0.         0.97207778 0.         0.         0.         0.         0.         0.         0.         0.         0.         0.         0.         0.         0.         0.         0.         0.         0.         0.         0.         0.         0.         0.         0.02792222 0.         0.         0.        ],[0. 0. 0. 0. 1. 0. 0. 0. 0. 0. 0. 0. 0. 0. 0. 0. 0. 0. 0. 0. 0. 0. 0. 0. 0. 0. 0. 1. 0. 0. 0.],2.0,best,100,1000,100,0.9,0.5,0.9,0.5,0.9,5,0.48,1,2,,problem_solving,10
75,-0.003347751778954845,0.020094,0.001430316606077737,0.8,0.5791460926441345,1.6567677336929796,[0.         0.         0.         0.         0.97207778 0.         0.         0.         0.         0.         0.         0.         0.         0.         0.         0.         0.         0.         0.         0.         0.         0.         0.         0.         0.         0.         0.         0.02792222 0.         0.         0.        ],[0. 0. 0. 0. 1. 0. 0. 0. 0. 0. 0. 0. 0. 0. 0. 0. 0. 0. 0. 0. 0. 0. 0. 0. 0. 0. 0. 1. 0. 0. 0.],2.0,best,100,1000,100,0.9,0.5,0.9,0.5,0.9,5,0.48,1,2,,problem_solving,10
76,-0.003347751778954845,0.020094,0.001430316606077737,0.804,0.5757519341190179,3.8145297104779163,[0.         0.         0.         0.         0.97207778 0.         0.         0.         0.         0.         0.         0.         0.         0.         0.         0.         0.         0.         0.         0.         0.         0.         0.         0.         0.         0.         0.         0.02792222 0.         0.         0.        ],[0. 0. 0. 0. 1. 0. 0. 0. 0. 0. 0. 0. 0. 0. 0. 0. 0. 0. 0. 0. 0. 0. 0. 0. 0. 0. 0. 1. 0. 0. 0.],2.0,best,100,1000,100,0.9,0.5,0.9,0.5,0.9,5,0.48,1,2,,problem_solving,10
77,-0.003347751778954845,0.020094,0.001430316606077737,0.808,0.5723776674868795,2.737396753168227,[0.         0.         0.         0.         0.97207778 0.         0.         0.         0.         0.         0.         0.         0.         0.         0.         0.         0.         0.         0.         0.         0.         0.         0.         0.         0.         0.         0.         0.02792222 0.         0.         0.        ],[0. 0. 0. 0. 1. 0. 0. 0. 0. 0. 0. 0. 0. 0. 0. 0. 0. 0. 0. 0. 0. 0. 0. 0. 0. 0. 0. 1. 0. 0. 0.],2.0,best,100,1000,100,0.9,0.5,0.9,0.5,0.9,5,0.48,1,2,,problem_solving,10
78,-0.003347751778954845,0.020094,0.001430316606077737,0.812,0.5690231761687783,-1.551222337303926,[0.         0.         0.         0.         0.97207778 0.         0.         0.         0.         0.         0.         0.         0.         0.         0.         0.         0.         0.         0.         0.         0.         0.         0.         0.         0.         0.         0.         0.02792222 0.         0.         0.        ],[0. 0. 0. 0. 1. 0. 0. 0. 0. 0. 0. 0. 0. 0. 0. 0. 0. 0. 0. 0. 0. 0. 0. 0. 0. 0. 0. 1. 0. 0. 0.],2.0,best,100,1000,100,0.9,0.5,0.9,0.5,0.9,5,0.48,1,2,,problem_solving,10
79,-0.003347751778954845,0.020094,0.001430316606077737,0.8160000000000001,0.5656883442689988,4.052920991482578,[0.         0.         0.         0.         0.97207778 0.         0.         0.         0.         0.         0.         0.         0.         0.         0.         0.         0.         0.         0.         0.         0.         0.         0.         0.         0.         0.         0.         0.02792222 0.         0.         0.        ],[0. 0. 0. 0. 1. 0. 0. 0. 0. 0. 0. 0. 0. 0. 0. 0. 0. 0. 0. 0. 0. 0. 0. 0. 0. 0. 0. 1. 0. 0. 0.],2.0,best,100,1000,100,0.9,0.5,0.9,0.5,0.9,5,0.48,1,2,,problem_solving,10
80,-0.003347751778954845,0.020094,0.001430316606077737,0.8200000000000001,0.5623730565710474,0.1383985239878287,[0.         0.         0.         0.         0.97207778 0.         0.         0.         0.         0.         0.         0.         0.         0.         0.         0.         0.         0.         0.         0.         0.         0.         0.         0.         0.         0.         0.         0.02792222 0.         0.         0.        ],[0. 0. 0. 0. 1. 0. 0. 0. 0. 0. 0. 0. 0. 0. 0. 0. 0. 0. 0. 0. 0. 0. 0. 0. 0. 0. 0. 1. 0. 0. 0.],2.0,best,100,1000,100,0.9,0.5,0.9,0.5,0.9,5,0.48,1,2,,problem_solving,10
81,-0.003347751778954845,0.020094,0.001430316606077737,0.8240000000000001,0.5590771985336705,1.5669173242150913,[0.         0.         0.         0.         0.97207778 0.         0.         0.         0.         0.         0.         0.         0.         0.         0.         0.         0.         0.         0.         0.         0.         0.         0.         0.         0.         0.         0.         0.02792222 0.         0.         0.        ],[0. 0. 0. 0. 1. 0. 0. 0. 0. 0. 0. 0. 0. 0. 0. 0. 0. 0. 0. 0. 0. 0. 0. 0. 0. 0. 0. 1. 0. 0. 0.],2.0,best,100,1000,100,0.9,0.5,0.9,0.5,0.9,5,0.48,1,2,,problem_solving,10
82,-0.003347751778954845,0.020094,0.001430316606077737,0.8280000000000001,0.5558006562868987,1.1244352353671834,[0.         0.         0.         0.         0.97207778 0.         0.         0.         0.         0.         0.         0.         0.         0.         0.         0.         0.         0.         0.         0.         0.         0.         0.         0.         0.         0.         0.         0.02792222 0.         0.         0.        ],[0. 0. 0. 0. 1. 0. 0. 0. 0. 0. 0. 0. 0. 0. 0. 0. 0. 0. 0. 0. 0. 0. 0. 0. 0. 0. 0. 1. 0. 0. 0.],2.0,best,100,1000,100,0.9,0.5,0.9,0.5,0.9,5,0.48,1,2,,problem_solving,10
83,-0.003347751778954845,0.020094,0.001430316606077737,0.8320000000000001,0.5525433166281111,-0.05892982807558984,[0.         0.         0.         0.         0.97207778 0.         0.         0.         0.         0.         0.         0.         0.         0.         0.         0.         0.         0.         0.         0.         0.         0.         0.         0.         0.         0.         0.         0.02792222 0.         0.         0.        ],[0. 0. 0. 0. 1. 0. 0. 0. 0. 0. 0. 0. 0. 0. 0. 0. 0. 0. 0. 0. 0. 0. 0. 0. 0. 0. 0. 1. 0. 0. 0.],2.0,best,100,1000,100,0.9,0.5,0.9,0.5,0.9,5,0.48,1,2,,problem_solving,10
84,-0.003347751778954845,0.020094,0.001430316606077737,0.8360000000000001,0.5493050670181254,-0.8606575231255098,[0.         0.         0.         0.         0.97207778 0.         0.         0.         0.         0.         0.         0.         0.         0.         0.         0.         0.         0.         0.         0.         0.         0.         0.         0.         0.         0.         0.         0.02792222 0.         0.         0.        ],[0. 0. 0. 0. 1. 0. 0. 0. 0. 0. 0. 0. 0. 0. 0. 0. 0. 0. 0. 0. 0. 0. 0. 0. 0. 0. 0. 1. 0. 0. 0.],2.0,best,100,1000,100,0.9,0.5,0.9,0.5,0.9,5,0.48,1,2,,problem_solving,10
85,-0.003347751778954845,0.020094,0.001430316606077737,0.8400000000000001,0.5460857955773096,2.6043183445565448,[0.         0.         0.         0.         0.97207778 0.         0.         0.         0.         0.         0.         0.         0.         0.         0.         0.         0.         0.         0.         0.         0.         0.         0.         0.         0.         0.         0.         0.02792222 0.         0.         0.        ],[0. 0. 0. 0. 1. 0. 0. 0. 0. 0. 0. 0. 0. 0. 0. 0. 0. 0. 0. 0. 0. 0. 0. 0. 0. 0. 0. 1. 0. 0. 0.],2.0,best,100,1000,100,0.9,0.5,0.9,0.5,0.9,5,0.48,1,2,,problem_solving,10
86,-0.003347751778954845,0.020094,0.001430316606077737,0.8440000000000001,0.542885391081716,1.165115628576583,[0.         0.         0.         0.         0.97207778 0.         0.         0.         0.         0.         0.         0.         0.         0.         0.         0.         0.         0.         0.         0.         0.         0.         0.         0.         0.         0.         0.         0.02792222 0.         0.         0.        ],[0. 0. 0. 0. 1. 0. 0. 0. 0. 0. 0. 0. 0. 0. 0. 0. 0. 0. 0. 0. 0. 0. 0. 0. 0. 0. 0. 1. 0. 0. 0.],2.0,best,100,1000,100,0.9,0.5,0.9,0.5,0.9,5,0.48,1,2,,problem_solving,10
87,-0.003347751778954845,0.020094,0.001430316606077737,0.8480000000000001,0.5397037429592386,1.2821365780850578,[0.         0.         0.         0.         0.97207778 0.         0.         0.         0.         0.         0.         0.         0.         0.         0.         0.         0.         0.         0.         0.         0.         0.         0.         0.         0.         0.         0.         0.02792222 0.         0.         0.        ],[0. 0. 0. 0. 1. 0. 0. 0. 0. 0. 0. 0. 0. 0. 0. 0. 0. 0. 0. 0. 0. 0. 0. 0. 0. 0. 0. 1. 0. 0. 0.],2.0,best,100,1000,100,0.9,0.5,0.9,0.5,0.9,5,0.48,1,2,,problem_solving,10
88,-0.003347751778954845,0.020094,0.001430316606077737,0.852,0.5365407412857937,-0.759498720891938,[0.         0.         0.         0.         0.97207778 0.         0.         0.         0.         0.         0.         0.         0.         0.         0.         0.         0.         0.         0.         0.         0.         0.         0.         0.         0.         0.         0.         0.02792222 0.         0.         0.        ],[0. 0. 0. 0. 1. 0. 0. 0. 0. 0. 0. 0. 0. 0. 0. 0. 0. 0. 0. 0. 0. 0. 0. 0. 0. 0. 0. 1. 0. 0. 0.],2.0,best,100,1000,100,0.9,0.5,0.9,0.5,0.9,5,0.48,1,2,,problem_solving,10
89,-0.003347751778954845,0.020094,0.001430316606077737,0.856,0.5333962767815211,-4.165753606861524,[0.         0.         0.         0.         0.97207778 0.         0.         0.         0.         0.         0.         0.         0.         0.         0.         0.         0.         0.         0.         0.         0.         0.         0.         0.         0.         0.         0.         0.02792222 0.         0.         0.        ],[0. 0. 0. 0. 1. 0. 0. 0. 0. 0. 0. 0. 0. 0. 0. 0. 0. 0. 0. 0. 0. 0. 0. 0. 0. 0. 0. 1. 0. 0. 0.],2.0,best,100,1000,100,0.9,0.5,0.9,0.5,0.9,5,0.48,1,2,,problem_solving,10
90,-0.003347751778954845,0.020094,0.001430316606077737,0.86,0.5302702408070095,3.890362490832041,[0.         0.         0.         0.         0.97207778 0.         0.         0.         0.         0.         0.         0.         0.         0.         0.         0.         0.         0.         0.         0.         0.         0.         0.         0.         0.         0.         0.         0.02792222 0.         0.         0.        ],[0. 0. 0. 0. 1. 0. 0. 0. 0. 0. 0. 0. 0. 0. 0. 0. 0. 0. 0. 0. 0. 0. 0. 0. 0. 0. 0. 1. 0. 0. 0.],2.0,best,100,1000,100,0.9,0.5,0.9,0.5,0.9,5,0.48,1,2,,problem_solving,10
91,-0.003347751778954845,0.020094,0.001430316606077737,0.864,0.5271625253595416,-0.7538144763008514,[0.         0.         0.         0.         0.97207778 0.         0.         0.         0.         0.         0.         0.         0.         0.         0.         0.         0.         0.         0.         0.         0.         0.         0.         0.         0.         0.         0.         0.02792222 0.         0.         0.        ],[0. 0. 0. 0. 1. 0. 0. 0. 0. 0. 0. 0. 0. 0. 0. 0. 0. 0. 0. 0. 0. 0. 0. 0. 0. 0. 0. 1. 0. 0. 0.],2.0,best,100,1000,100,0.9,0.5,0.9,0.5,0.9,5,0.48,1,2,,problem_solving,10
92,-0.003347751778954845,0.020094,0.001430316606077737,0.868,0.5240730230693645,-1.6013352288953007,[0.         0.         0.         0.         0.97207778 0.         0.         0.         0.         0.         0.         0.         0.         0.         0.         0.         0.         0.         0.         0.         0.         0.         0.         0.         0.         0.         0.         0.02792222 0.         0.         0.        ],[0. 0. 0. 0. 1. 0. 0. 0. 0. 0. 0. 0. 0. 0. 0. 0. 0. 0. 0. 0. 0. 0. 0. 0. 0. 0. 0. 1. 0. 0. 0.],2.0,best,100,1000,100,0.9,0.5,0.9,0.5,0.9,5,0.48,1,2,,problem_solving,10
93,-0.003347751778954845,0.020094,0.001430316606077737,0.872,0.5210016271959791,0.04818346429164963,[0.         0.         0.         0.         0.97207778 0.         0.         0.         0.         0.         0.         0.         0.         0.         0.         0.         0.         0.         0.         0.         0.         0.         0.         0.         0.         0.         0.         0.02792222 0.         0.         0.        ],[0. 0. 0. 0. 1. 0. 0. 0. 0. 0. 0. 0. 0. 0. 0. 0. 0. 0. 0. 0. 0. 0. 0. 0. 0. 0. 0. 1. 0. 0. 0.],2.0,best,100,1000,100,0.9,0.5,0.9,0.5,0.9,5,0.48,1,2,,problem_solving,10
94,-0.003347751778954845,0.020094,0.001430316606077737,0.876,0.5179482316244518,3.7074245890222723,[0.         0.         0.         0.         0.97207778 0.         0.         0.         0.         0.         0.         0.         0.         0.         0.         0.         0.         0.         0.         0.         0.         0.         0.         0.         0.         0.         0.         0.02792222 0.         0.         0.        ],[0. 0. 0. 0. 1. 0. 0. 0. 0. 0. 0. 0. 0. 0. 0. 0. 0. 0. 0. 0. 0. 0. 0. 0. 0. 0. 0. 1. 0. 0. 0.],2.0,best,100,1000,100,0.9,0.5,0.9,0.5,0.9,5,0.48,1,2,,problem_solving,10
95,-0.003347751778954845,0.020094,0.001430316606077737,0.88,0.5149127308617497,4.820295359805752,[0.         0.         0.         0.         0.97207778 0.         0.         0.         0.         0.         0.         0.         0.         0.         0.         0.         0.         0.         0.         0.         0.         0.         0.         0.         0.         0.         0.         0.02792222 0.         0.         0.        ],[0. 0. 0. 0. 1. 0. 0. 0. 0. 0. 0. 0. 0. 0. 0. 0. 0. 0. 0. 0. 0. 0. 0. 0. 0. 0. 0. 1. 0. 0. 0.],2.0,best,100,1000,100,0.9,0.5,0.9,0.5,0.9,5,0.48,1,2,,problem_solving,10
96,-0.003347751778954845,0.020094,0.001430316606077737,0.884,0.5118950200330946,0.9140018644091045,[0.         0.         0.         0.         0.97207778 0.         0.         0.         0.         0.         0.         0.         0.         0.         0.         0.         0.         0.         0.         0.         0.         0.         0.         0.         0.         0.         0.         0.02792222 0.         0.         0.        ],[0. 0. 0. 0. 1. 0. 0. 0. 0. 0. 0. 0. 0. 0. 0. 0. 0. 0. 0. 0. 0. 0. 0. 0. 0. 0. 0. 1. 0. 0. 0.],2.0,best,100,1000,100,0.9,0.5,0.9,0.5,0.9,5,0.48,1,2,,problem_solving,10
97,-0.003347751778954845,0.020094,0.001430316606077737,0.888,0.5088949948783402,1.373123204255049,[0.         0.         0.         0.         0.97207778 0.         0.         0.         0.         0.         0.         0.         0.         0.         0.         0.         0.         0.         0.         0.         0.         0.         0.         0.         0.         0.         0.         0.02792222 0.         0.         0.        ],[0. 0. 0. 0. 1. 0. 0. 0. 0. 0. 0. 0. 0. 0. 0. 0. 0. 0. 0. 0. 0. 0. 0. 0. 0. 0. 0. 1. 0. 0. 0.],2.0,best,100,1000,100,0.9,0.5,0.9,0.5,0.9,5,0.48,1,2,,problem_solving,10
98,-0.003347751778954845,0.020094,0.001430316606077737,0.892,0.5059125517483702,2.2972572211335653,[0.         0.         0.         0.         0.97207778 0.         0.         0.         0.         0.         0.         0.         0.         0.         0.         0.         0.         0.         0.         0.         0.         0.         0.         0.         0.         0.         0.         0.02792222 0.         0.         0.        ],[0. 0. 0. 0. 1. 0. 0. 0. 0. 0. 0. 0. 0. 0. 0. 0. 0. 0. 0. 0. 0. 0. 0. 0. 0. 0. 0. 1. 0. 0. 0.],2.0,best,100,1000,100,0.9,0.5,0.9,0.5,0.9,5,0.48,1,2,,problem_solving,10
99,-0.003347751778954845,0.020094,0.001430316606077737,0.896,0.5029475876015165,-0.48197568927308243,[0.         0.         0.         0.         0.97207778 0.         0.         0.         0.         0.         0.         0.         0.         0.         0.         0.         0.         0.         0.         0.         0.         0.         0.         0.         0.         0.         0.         0.02792222 0.         0.         0.        ],[0. 0. 0. 0. 1. 0. 0. 0. 0. 0. 0. 0. 0. 0. 0. 0. 0. 0. 0. 0. 0. 0. 0. 0. 0. 0. 0. 1. 0. 0. 0.],2.0,best,100,1000,100,0.9,0.5,0.9,0.5,0.9,5,0.48,1,2,,problem_solving,10
