iter,cost,risk,return,par,bw,move,X,Z,Q,pop_init,max_iter,pop_size,mem_size,mem_consider,par_min,par_max,bw_min,bw_max,sigma,lambda,port_n,k,seed,tag,local_search
1,0.02330263969084316,0.186741,0.004506609096117169,0.504,0.894725436791504,2.279073735291665,[0.         0.         0.         0.         0.         0.         0.         0.         0.84373778 0.         0.         0.         0.         0.01298309 0.         0.01226647 0.01222795 0.         0.0733203  0.01599733 0.         0.         0.         0.         0.         0.         0.         0.01120656 0.01826053 0.         0.        ],[0. 0. 0. 0. 0. 0. 0. 0. 1. 0. 0. 0. 0. 1. 0. 1. 1. 0. 1. 1. 0. 0. 0. 0. 0. 0. 0. 1. 1. 0. 0.],8.0,best,100,1000,100,0.9,0.5,0.9,0.5,0.9,5,0.49,1,8,,problem_solving,10
2,0.02330263969084316,0.186741,0.004506609096117169,0.508,0.8894817858241639,1.2866403754553732,[0.         0.         0.         0.         0.         0.         0.         0.         0.84373778 0.         0.         0.         0.         0.01298309 0.         0.01226647 0.01222795 0.         0.0733203  0.01599733 0.         0.         0.         0.         0.         0.         0.         0.01120656 0.01826053 0.         0.        ],[0. 0. 0. 0. 0. 0. 0. 0. 1. 0. 0. 0. 0. 1. 0. 1. 1. 0. 1. 1. 0. 0. 0. 0. 0. 0. 0. 1. 1. 0. 0.],8.0,best,100,1000,100,0.9,0.5,0.9,0.5,0.9,5,0.49,1,8,,problem_solving,10
3,0.011741597168823425,0.185358,0.0034049843377951723,0.512,0.8842688659329022,7.198756814099369,[0.02293824 0.         0.01081092 0.         0.         0.         0.         0.         0.         0.01074902 0.         0.01074902 0.01721449 0.         0.         0.01087562 0.         0.         0.01074902 0.         0.         0.         0.         0.         0.         0.         0.         0.90591366 0.         0.         0.        ],[1. 0. 1. 0. 0. 0. 0. 0. 0. 1. 0. 1. 1. 0. 0. 1. 0. 0. 1. 0. 0. 0. 0. 0. 0. 0. 0. 1. 0. 0. 0.],8.0,best,100,1000,100,0.9,0.5,0.9,0.5,0.9,5,0.49,1,8,,problem_solving,10
4,0.011741597168823425,0.185358,0.0034049843377951723,0.516,0.879086497014382,1.6664818309102618,[0.02293824 0.         0.01081092 0.         0.         0.         0.         0.         0.         0.01074902 0.         0.01074902 0.01721449 0.         0.         0.01087562 0.         0.         0.01074902 0.         0.         0.         0.         0.         0.         0.         0.         0.90591366 0.         0.         0.        ],[1. 0. 1. 0. 0. 0. 0. 0. 0. 1. 0. 1. 1. 0. 0. 1. 0. 0. 1. 0. 0. 0. 0. 0. 0. 0. 0. 1. 0. 0. 0.],8.0,best,100,1000,100,0.9,0.5,0.9,0.5,0.9,5,0.49,1,8,,problem_solving,10
5,0.011741597168823425,0.185358,0.0034049843377951723,0.52,0.8739345000207845,12.317398957122268,[0.02293824 0.         0.01081092 0.         0.         0.         0.         0.         0.         0.01074902 0.         0.01074902 0.01721449 0.         0.         0.01087562 0.         0.         0.01074902 0.         0.         0.         0.         0.         0.         0.         0.         0.90591366 0.         0.         0.        ],[1. 0. 1. 0. 0. 0. 0. 0. 0. 1. 0. 1. 1. 0. 0. 1. 0. 0. 1. 0. 0. 0. 0. 0. 0. 0. 0. 1. 0. 0. 0.],8.0,best,100,1000,100,0.9,0.5,0.9,0.5,0.9,5,0.49,1,8,,problem_solving,10
6,0.011741597168823425,0.185358,0.0034049843377951723,0.524,0.8688126969536234,3.2731627463090347,[0.02293824 0.         0.01081092 0.         0.         0.         0.         0.         0.         0.01074902 0.         0.01074902 0.01721449 0.         0.         0.01087562 0.         0.         0.01074902 0.         0.         0.         0.         0.         0.         0.         0.         0.90591366 0.         0.         0.        ],[1. 0. 1. 0. 0. 0. 0. 0. 0. 1. 0. 1. 1. 0. 0. 1. 0. 0. 1. 0. 0. 0. 0. 0. 0. 0. 0. 1. 0. 0. 0.],8.0,best,100,1000,100,0.9,0.5,0.9,0.5,0.9,5,0.49,1,8,,problem_solving,10
7,0.011741597168823425,0.185358,0.0034049843377951723,0.528,0.8637209108575947,-3.9811987021464335,[0.02293824 0.         0.01081092 0.         0.         0.         0.         0.         0.         0.01074902 0.         0.01074902 0.01721449 0.         0.         0.01087562 0.         0.         0.01074902 0.         0.         0.         0.         0.         0.         0.         0.         0.90591366 0.         0.         0.        ],[1. 0. 1. 0. 0. 0. 0. 0. 0. 1. 0. 1. 1. 0. 0. 1. 0. 0. 1. 0. 0. 0. 0. 0. 0. 0. 0. 1. 0. 0. 0.],8.0,best,100,1000,100,0.9,0.5,0.9,0.5,0.9,5,0.49,1,8,,problem_solving,10
8,0.011741597168823425,0.185358,0.0034049843377951723,0.532,0.8586589658144633,-3.24097032006199,[0.02293824 0.         0.01081092 0.         0.         0.         0.         0.         0.         0.01074902 0.         0.01074902 0.01721449 0.         0.         0.01087562 0.         0.         0.01074902 0.         0.         0.         0.         0.         0.         0.         0.         0.90591366 0.         0.         0.        ],[1. 0. 1. 0. 0. 0. 0. 0. 0. 1. 0. 1. 1. 0. 0. 1. 0. 0. 1. 0. 0. 0. 0. 0. 0. 0. 0. 1. 0. 0. 0.],8.0,best,100,1000,100,0.9,0.5,0.9,0.5,0.9,5,0.49,1,8,,problem_solving,10
9,0.011741597168823425,0.185358,0.0034049843377951723,0.536,0.8536266869369854,-2.8079935101594193,[0.02293824 0.         0.01081092 0.         0.         0.         0.         0.         0.         0.01074902 0.         0.01074902 0.01721449 0.         0.         0.01087562 0.         0.         0.01074902 0.         0.         0.         0.         0.         0.         0.         0.         0.90591366 0.         0.         0.        ],[1. 0. 1. 0. 0. 0. 0. 0. 0. 1. 0. 1. 1. 0. 0. 1. 0. 0. 1. 0. 0. 0. 0. 0. 0. 0. 0. 1. 0. 0. 0.],8.0,best,100,1000,100,0.9,0.5,0.9,0.5,0.9,5,0.49,1,8,,problem_solving,10
10,0.011741597168823425,0.185358,0.0034049843377951723,0.54,0.8486239003628652,1.75722794434071,[0.02293824 0.         0.01081092 0.         0.         0.         0.         0.         0.         0.01074902 0.         0.01074902 0.01721449 0.         0.         0.01087562 0.         0.         0.01074902 0.         0.         0.         0.         0.         0.         0.         0.         0.90591366 0.         0.         0.        ],[1. 0. 1. 0. 0. 0. 0. 0. 0. 1. 0. 1. 1. 0. 0. 1. 0. 0. 1. 0. 0. 0. 0. 0. 0. 0. 0. 1. 0. 0. 0.],8.0,best,100,1000,100,0.9,0.5,0.9,0.5,0.9,5,0.49,1,8,,problem_solving,10
11,0.011741597168823425,0.185358,0.0034049843377951723,0.544,0.8436504332487491,-3.8823292706321872,[0.02293824 0.         0.01081092 0.         0.         0.         0.         0.         0.         0.01074902 0.         0.01074902 0.01721449 0.         0.         0.01087562 0.         0.         0.01074902 0.         0.         0.         0.         0.         0.         0.         0.         0.90591366 0.         0.         0.        ],[1. 0. 1. 0. 0. 0. 0. 0. 0. 1. 0. 1. 1. 0. 0. 1. 0. 0. 1. 0. 0. 0. 0. 0. 0. 0. 0. 1. 0. 0. 0.],8.0,best,100,1000,100,0.9,0.5,0.9,0.5,0.9,5,0.49,1,8,,problem_solving,10
12,0.011741597168823425,0.185358,0.0034049843377951723,0.548,0.838706113764254,-7.684154980141406,[0.02293824 0.         0.01081092 0.         0.         0.         0.         0.         0.         0.01074902 0.         0.01074902 0.01721449 0.         0.         0.01087562 0.         0.         0.01074902 0.         0.         0.         0.         0.         0.         0.         0.         0.90591366 0.         0.         0.        ],[1. 0. 1. 0. 0. 0. 0. 0. 0. 1. 0. 1. 1. 0. 0. 1. 0. 0. 1. 0. 0. 0. 0. 0. 0. 0. 0. 1. 0. 0. 0.],8.0,best,100,1000,100,0.9,0.5,0.9,0.5,0.9,5,0.49,1,8,,problem_solving,10
13,0.011741597168823425,0.185358,0.0034049843377951723,0.552,0.83379077108603,-10.53108395176884,[0.02293824 0.         0.01081092 0.         0.         0.         0.         0.         0.         0.01074902 0.         0.01074902 0.01721449 0.         0.         0.01087562 0.         0.         0.01074902 0.         0.         0.         0.         0.         0.         0.         0.         0.90591366 0.         0.         0.        ],[1. 0. 1. 0. 0. 0. 0. 0. 0. 1. 0. 1. 1. 0. 0. 1. 0. 0. 1. 0. 0. 0. 0. 0. 0. 0. 0. 1. 0. 0. 0.],8.0,best,100,1000,100,0.9,0.5,0.9,0.5,0.9,5,0.49,1,8,,problem_solving,10
14,0.011741597168823425,0.185358,0.0034049843377951723,0.556,0.828904235391859,-5.716056337937051,[0.02293824 0.         0.01081092 0.         0.         0.         0.         0.         0.         0.01074902 0.         0.01074902 0.01721449 0.         0.         0.01087562 0.         0.         0.01074902 0.         0.         0.         0.         0.         0.         0.         0.         0.90591366 0.         0.         0.        ],[1. 0. 1. 0. 0. 0. 0. 0. 0. 1. 0. 1. 1. 0. 0. 1. 0. 0. 1. 0. 0. 0. 0. 0. 0. 0. 0. 1. 0. 0. 0.],8.0,best,100,1000,100,0.9,0.5,0.9,0.5,0.9,5,0.49,1,8,,problem_solving,10
15,0.011741597168823425,0.185358,0.0034049843377951723,0.56,0.8240463378547873,-4.418719719038282,[0.02293824 0.         0.01081092 0.         0.         0.         0.         0.         0.         0.01074902 0.         0.01074902 0.01721449 0.         0.         0.01087562 0.         0.         0.01074902 0.         0.         0.         0.         0.         0.         0.         0.         0.90591366 0.         0.         0.        ],[1. 0. 1. 0. 0. 0. 0. 0. 0. 1. 0. 1. 1. 0. 0. 1. 0. 0. 1. 0. 0. 0. 0. 0. 0. 0. 0. 1. 0. 0. 0.],8.0,best,100,1000,100,0.9,0.5,0.9,0.5,0.9,5,0.49,1,8,,problem_solving,10
16,0.011741597168823425,0.185358,0.0034049843377951723,0.5640000000000001,0.8192169106372932,2.844767494864913,[0.02293824 0.         0.01081092 0.         0.         0.         0.         0.         0.         0.01074902 0.         0.01074902 0.01721449 0.         0.         0.01087562 0.         0.         0.01074902 0.         0.         0.         0.         0.         0.         0.         0.         0.90591366 0.         0.         0.        ],[1. 0. 1. 0. 0. 0. 0. 0. 0. 1. 0. 1. 1. 0. 0. 1. 0. 0. 1. 0. 0. 0. 0. 0. 0. 0. 0. 1. 0. 0. 0.],8.0,best,100,1000,100,0.9,0.5,0.9,0.5,0.9,5,0.49,1,8,,problem_solving,10
17,0.011741597168823425,0.185358,0.0034049843377951723,0.5680000000000001,0.8144157868854872,1.8664077783753688,[0.02293824 0.         0.01081092 0.         0.         0.         0.         0.         0.         0.01074902 0.         0.01074902 0.01721449 0.         0.         0.01087562 0.         0.         0.01074902 0.         0.         0.         0.         0.         0.         0.         0.         0.90591366 0.         0.         0.        ],[1. 0. 1. 0. 0. 0. 0. 0. 0. 1. 0. 1. 1. 0. 0. 1. 0. 0. 1. 0. 0. 0. 0. 0. 0. 0. 0. 1. 0. 0. 0.],8.0,best,100,1000,100,0.9,0.5,0.9,0.5,0.9,5,0.49,1,8,,problem_solving,10
18,0.011741597168823425,0.185358,0.0034049843377951723,0.5720000000000001,0.8096428007233489,1.741520041016923,[0.02293824 0.         0.01081092 0.         0.         0.         0.         0.         0.         0.01074902 0.         0.01074902 0.01721449 0.         0.         0.01087562 0.         0.         0.01074902 0.         0.         0.         0.         0.         0.         0.         0.         0.90591366 0.         0.         0.        ],[1. 0. 1. 0. 0. 0. 0. 0. 0. 1. 0. 1. 1. 0. 0. 1. 0. 0. 1. 0. 0. 0. 0. 0. 0. 0. 0. 1. 0. 0. 0.],8.0,best,100,1000,100,0.9,0.5,0.9,0.5,0.9,5,0.49,1,8,,problem_solving,10
19,0.011741597168823425,0.185358,0.0034049843377951723,0.576,0.8048977872469943,2.1743421073379525,[0.02293824 0.         0.01081092 0.         0.         0.         0.         0.         0.         0.01074902 0.         0.01074902 0.01721449 0.         0.         0.01087562 0.         0.         0.01074902 0.         0.         0.         0.         0.         0.         0.         0.         0.90591366 0.         0.         0.        ],[1. 0. 1. 0. 0. 0. 0. 0. 0. 1. 0. 1. 1. 0. 0. 1. 0. 0. 1. 0. 0. 0. 0. 0. 0. 0. 0. 1. 0. 0. 0.],8.0,best,100,1000,100,0.9,0.5,0.9,0.5,0.9,5,0.49,1,8,,problem_solving,10
20,0.011741597168823425,0.185358,0.0034049843377951723,0.58,0.80018058251898,2.8317414938108763,[0.02293824 0.         0.01081092 0.         0.         0.         0.         0.         0.         0.01074902 0.         0.01074902 0.01721449 0.         0.         0.01087562 0.         0.         0.01074902 0.         0.         0.         0.         0.         0.         0.         0.         0.90591366 0.         0.         0.        ],[1. 0. 1. 0. 0. 0. 0. 0. 0. 1. 0. 1. 1. 0. 0. 1. 0. 0. 1. 0. 0. 0. 0. 0. 0. 0. 0. 1. 0. 0. 0.],8.0,best,100,1000,100,0.9,0.5,0.9,0.5,0.9,5,0.49,1,8,,problem_solving,10
21,0.011741597168823425,0.185358,0.0034049843377951723,0.584,0.7954910235626382,-0.3452615696353944,[0.02293824 0.         0.01081092 0.         0.         0.         0.         0.         0.         0.01074902 0.         0.01074902 0.01721449 0.         0.         0.01087562 0.         0.         0.01074902 0.         0.         0.         0.         0.         0.         0.         0.         0.90591366 0.         0.         0.        ],[1. 0. 1. 0. 0. 0. 0. 0. 0. 1. 0. 1. 1. 0. 0. 1. 0. 0. 1. 0. 0. 0. 0. 0. 0. 0. 0. 1. 0. 0. 0.],8.0,best,100,1000,100,0.9,0.5,0.9,0.5,0.9,5,0.49,1,8,,problem_solving,10
22,0.011741597168823425,0.185358,0.0034049843377951723,0.588,0.7908289483564468,-4.874292357654749,[0.02293824 0.         0.01081092 0.         0.         0.         0.         0.         0.         0.01074902 0.         0.01074902 0.01721449 0.         0.         0.01087562 0.         0.         0.01074902 0.         0.         0.         0.         0.         0.         0.         0.         0.90591366 0.         0.         0.        ],[1. 0. 1. 0. 0. 0. 0. 0. 0. 1. 0. 1. 1. 0. 0. 1. 0. 0. 1. 0. 0. 0. 0. 0. 0. 0. 0. 1. 0. 0. 0.],8.0,best,100,1000,100,0.9,0.5,0.9,0.5,0.9,5,0.49,1,8,,problem_solving,10
23,0.011741597168823425,0.185358,0.0034049843377951723,0.592,0.7861941958284306,0.8452208611758765,[0.02293824 0.         0.01081092 0.         0.         0.         0.         0.         0.         0.01074902 0.         0.01074902 0.01721449 0.         0.         0.01087562 0.         0.         0.01074902 0.         0.         0.         0.         0.         0.         0.         0.         0.90591366 0.         0.         0.        ],[1. 0. 1. 0. 0. 0. 0. 0. 0. 1. 0. 1. 1. 0. 0. 1. 0. 0. 1. 0. 0. 0. 0. 0. 0. 0. 0. 1. 0. 0. 0.],8.0,best,100,1000,100,0.9,0.5,0.9,0.5,0.9,5,0.49,1,8,,problem_solving,10
24,0.011741597168823425,0.185358,0.0034049843377951723,0.596,0.7815866058505976,0.719068693388031,[0.02293824 0.         0.01081092 0.         0.         0.         0.         0.         0.         0.01074902 0.         0.01074902 0.01721449 0.         0.         0.01087562 0.         0.         0.01074902 0.         0.         0.         0.         0.         0.         0.         0.         0.90591366 0.         0.         0.        ],[1. 0. 1. 0. 0. 0. 0. 0. 0. 1. 0. 1. 1. 0. 0. 1. 0. 0. 1. 0. 0. 0. 0. 0. 0. 0. 0. 1. 0. 0. 0.],8.0,best,100,1000,100,0.9,0.5,0.9,0.5,0.9,5,0.49,1,8,,problem_solving,10
25,0.011741597168823425,0.185358,0.0034049843377951723,0.6,0.7770060192334055,-0.7614217491026203,[0.02293824 0.         0.01081092 0.         0.         0.         0.         0.         0.         0.01074902 0.         0.01074902 0.01721449 0.         0.         0.01087562 0.         0.         0.01074902 0.         0.         0.         0.         0.         0.         0.         0.         0.90591366 0.         0.         0.        ],[1. 0. 1. 0. 0. 0. 0. 0. 0. 1. 0. 1. 1. 0. 0. 1. 0. 0. 1. 0. 0. 0. 0. 0. 0. 0. 0. 1. 0. 0. 0.],8.0,best,100,1000,100,0.9,0.5,0.9,0.5,0.9,5,0.49,1,8,,problem_solving,10
26,0.011741597168823425,0.185358,0.0034049843377951723,0.604,0.7724522777202626,6.718886839249341,[0.02293824 0.         0.01081092 0.         0.         0.         0.         0.         0.         0.01074902 0.         0.01074902 0.01721449 0.         0.         0.01087562 0.         0.         0.01074902 0.         0.         0.         0.         0.         0.         0.         0.         0.90591366 0.         0.         0.        ],[1. 0. 1. 0. 0. 0. 0. 0. 0. 1. 0. 1. 1. 0. 0. 1. 0. 0. 1. 0. 0. 0. 0. 0. 0. 0. 0. 1. 0. 0. 0.],8.0,best,100,1000,100,0.9,0.5,0.9,0.5,0.9,5,0.49,1,8,,problem_solving,10
27,0.011741597168823425,0.185358,0.0034049843377951723,0.608,0.7679252239820602,-10.265460988792151,[0.02293824 0.         0.01081092 0.         0.         0.         0.         0.         0.         0.01074902 0.         0.01074902 0.01721449 0.         0.         0.01087562 0.         0.         0.01074902 0.         0.         0.         0.         0.         0.         0.         0.         0.90591366 0.         0.         0.        ],[1. 0. 1. 0. 0. 0. 0. 0. 0. 1. 0. 1. 1. 0. 0. 1. 0. 0. 1. 0. 0. 0. 0. 0. 0. 0. 0. 1. 0. 0. 0.],8.0,best,100,1000,100,0.9,0.5,0.9,0.5,0.9,5,0.49,1,8,,problem_solving,10
28,0.011741597168823425,0.185358,0.0034049843377951723,0.612,0.7634247016117359,-0.9279209414505822,[0.02293824 0.         0.01081092 0.         0.         0.         0.         0.         0.         0.01074902 0.         0.01074902 0.01721449 0.         0.         0.01087562 0.         0.         0.01074902 0.         0.         0.         0.         0.         0.         0.         0.         0.90591366 0.         0.         0.        ],[1. 0. 1. 0. 0. 0. 0. 0. 0. 1. 0. 1. 1. 0. 0. 1. 0. 0. 1. 0. 0. 0. 0. 0. 0. 0. 0. 1. 0. 0. 0.],8.0,best,100,1000,100,0.9,0.5,0.9,0.5,0.9,5,0.49,1,8,,problem_solving,10
29,0.011741597168823425,0.185358,0.0034049843377951723,0.616,0.758950555118871,-3.1013042938342155,[0.02293824 0.         0.01081092 0.         0.         0.         0.         0.         0.         0.01074902 0.         0.01074902 0.01721449 0.         0.         0.01087562 0.         0.         0.01074902 0.         0.         0.         0.         0.         0.         0.         0.         0.90591366 0.         0.         0.        ],[1. 0. 1. 0. 0. 0. 0. 0. 0. 1. 0. 1. 1. 0. 0. 1. 0. 0. 1. 0. 0. 0. 0. 0. 0. 0. 0. 1. 0. 0. 0.],8.0,best,100,1000,100,0.9,0.5,0.9,0.5,0.9,5,0.49,1,8,,problem_solving,10
30,0.011741597168823425,0.185358,0.0034049843377951723,0.62,0.754502629924318,-0.2206155689223764,[0.02293824 0.         0.01081092 0.         0.         0.         0.         0.         0.         0.01074902 0.         0.01074902 0.01721449 0.         0.         0.01087562 0.         0.         0.01074902 0.         0.         0.         0.         0.         0.         0.         0.         0.90591366 0.         0.         0.        ],[1. 0. 1. 0. 0. 0. 0. 0. 0. 1. 0. 1. 1. 0. 0. 1. 0. 0. 1. 0. 0. 0. 0. 0. 0. 0. 0. 1. 0. 0. 0.],8.0,best,100,1000,100,0.9,0.5,0.9,0.5,0.9,5,0.49,1,8,,problem_solving,10
31,0.011741597168823425,0.185358,0.0034049843377951723,0.624,0.7500807723548599,-0.0923079305502931,[0.02293824 0.         0.01081092 0.         0.         0.         0.         0.         0.         0.01074902 0.         0.01074902 0.01721449 0.         0.         0.01087562 0.         0.         0.01074902 0.         0.         0.         0.         0.         0.         0.         0.         0.90591366 0.         0.         0.        ],[1. 0. 1. 0. 0. 0. 0. 0. 0. 1. 0. 1. 1. 0. 0. 1. 0. 0. 1. 0. 0. 0. 0. 0. 0. 0. 0. 1. 0. 0. 0.],8.0,best,100,1000,100,0.9,0.5,0.9,0.5,0.9,5,0.49,1,8,,problem_solving,10
32,0.011741597168823425,0.185358,0.0034049843377951723,0.628,0.7456848296379007,0.9324078255239652,[0.02293824 0.         0.01081092 0.         0.         0.         0.         0.         0.         0.01074902 0.         0.01074902 0.01721449 0.         0.         0.01087562 0.         0.         0.01074902 0.         0.         0.         0.         0.         0.         0.         0.         0.90591366 0.         0.         0.        ],[1. 0. 1. 0. 0. 0. 0. 0. 0. 1. 0. 1. 1. 0. 0. 1. 0. 0. 1. 0. 0. 0. 0. 0. 0. 0. 0. 1. 0. 0. 0.],8.0,best,100,1000,100,0.9,0.5,0.9,0.5,0.9,5,0.49,1,8,,problem_solving,10
33,0.011741597168823425,0.185358,0.0034049843377951723,0.632,0.7413146498961878,2.707324473362209,[0.02293824 0.         0.01081092 0.         0.         0.         0.         0.         0.         0.01074902 0.         0.01074902 0.01721449 0.         0.         0.01087562 0.         0.         0.01074902 0.         0.         0.         0.         0.         0.         0.         0.         0.90591366 0.         0.         0.        ],[1. 0. 1. 0. 0. 0. 0. 0. 0. 1. 0. 1. 1. 0. 0. 1. 0. 0. 1. 0. 0. 0. 0. 0. 0. 0. 0. 1. 0. 0. 0.],8.0,best,100,1000,100,0.9,0.5,0.9,0.5,0.9,5,0.49,1,8,,problem_solving,10
34,0.011741597168823425,0.185358,0.0034049843377951723,0.636,0.7369700821425638,-3.369632925716909,[0.02293824 0.         0.01081092 0.         0.         0.         0.         0.         0.         0.01074902 0.         0.01074902 0.01721449 0.         0.         0.01087562 0.         0.         0.01074902 0.         0.         0.         0.         0.         0.         0.         0.         0.90591366 0.         0.         0.        ],[1. 0. 1. 0. 0. 0. 0. 0. 0. 1. 0. 1. 1. 0. 0. 1. 0. 0. 1. 0. 0. 0. 0. 0. 0. 0. 0. 1. 0. 0. 0.],8.0,best,100,1000,100,0.9,0.5,0.9,0.5,0.9,5,0.49,1,8,,problem_solving,10
35,0.011741597168823425,0.185358,0.0034049843377951723,0.64,0.7326509762747511,-5.8047328891262,[0.02293824 0.         0.01081092 0.         0.         0.         0.         0.         0.         0.01074902 0.         0.01074902 0.01721449 0.         0.         0.01087562 0.         0.         0.01074902 0.         0.         0.         0.         0.         0.         0.         0.         0.90591366 0.         0.         0.        ],[1. 0. 1. 0. 0. 0. 0. 0. 0. 1. 0. 1. 1. 0. 0. 1. 0. 0. 1. 0. 0. 0. 0. 0. 0. 0. 0. 1. 0. 0. 0.],8.0,best,100,1000,100,0.9,0.5,0.9,0.5,0.9,5,0.49,1,8,,problem_solving,10
36,0.011741597168823425,0.185358,0.0034049843377951723,0.644,0.7283571830701648,3.341760205043034,[0.02293824 0.         0.01081092 0.         0.         0.         0.         0.         0.         0.01074902 0.         0.01074902 0.01721449 0.         0.         0.01087562 0.         0.         0.01074902 0.         0.         0.         0.         0.         0.         0.         0.         0.90591366 0.         0.         0.        ],[1. 0. 1. 0. 0. 0. 0. 0. 0. 1. 0. 1. 1. 0. 0. 1. 0. 0. 1. 0. 0. 0. 0. 0. 0. 0. 0. 1. 0. 0. 0.],8.0,best,100,1000,100,0.9,0.5,0.9,0.5,0.9,5,0.49,1,8,,problem_solving,10
37,0.011741597168823425,0.185358,0.0034049843377951723,0.648,0.7240885541807586,6.572438745078586,[0.02293824 0.         0.01081092 0.         0.         0.         0.         0.         0.         0.01074902 0.         0.01074902 0.01721449 0.         0.         0.01087562 0.         0.         0.01074902 0.         0.         0.         0.         0.         0.         0.         0.         0.90591366 0.         0.         0.        ],[1. 0. 1. 0. 0. 0. 0. 0. 0. 1. 0. 1. 1. 0. 0. 1. 0. 0. 1. 0. 0. 0. 0. 0. 0. 0. 0. 1. 0. 0. 0.],8.0,best,100,1000,100,0.9,0.5,0.9,0.5,0.9,5,0.49,1,8,,problem_solving,10
38,0.011741597168823425,0.185358,0.0034049843377951723,0.652,0.7198449421278975,-0.4227769516178212,[0.02293824 0.         0.01081092 0.         0.         0.         0.         0.         0.         0.01074902 0.         0.01074902 0.01721449 0.         0.         0.01087562 0.         0.         0.01074902 0.         0.         0.         0.         0.         0.         0.         0.         0.90591366 0.         0.         0.        ],[1. 0. 1. 0. 0. 0. 0. 0. 0. 1. 0. 1. 1. 0. 0. 1. 0. 0. 1. 0. 0. 0. 0. 0. 0. 0. 0. 1. 0. 0. 0.],8.0,best,100,1000,100,0.9,0.5,0.9,0.5,0.9,5,0.49,1,8,,problem_solving,10
39,0.011741597168823425,0.185358,0.0034049843377951723,0.656,0.7156262002972644,-1.7867646217470905,[0.02293824 0.         0.01081092 0.         0.         0.         0.         0.         0.         0.01074902 0.         0.01074902 0.01721449 0.         0.         0.01087562 0.         0.         0.01074902 0.         0.         0.         0.         0.         0.         0.         0.         0.90591366 0.         0.         0.        ],[1. 0. 1. 0. 0. 0. 0. 0. 0. 1. 0. 1. 1. 0. 0. 1. 0. 0. 1. 0. 0. 0. 0. 0. 0. 0. 0. 1. 0. 0. 0.],8.0,best,100,1000,100,0.9,0.5,0.9,0.5,0.9,5,0.49,1,8,,problem_solving,10
40,0.011741597168823425,0.185358,0.0034049843377951723,0.66,0.7114321829337936,0.03274722785641315,[0.02293824 0.         0.01081092 0.         0.         0.         0.         0.         0.         0.01074902 0.         0.01074902 0.01721449 0.         0.         0.01087562 0.         0.         0.01074902 0.         0.         0.         0.         0.         0.         0.         0.         0.90591366 0.         0.         0.        ],[1. 0. 1. 0. 0. 0. 0. 0. 0. 1. 0. 1. 1. 0. 0. 1. 0. 0. 1. 0. 0. 0. 0. 0. 0. 0. 0. 1. 0. 0. 0.],8.0,best,100,1000,100,0.9,0.5,0.9,0.5,0.9,5,0.49,1,8,,problem_solving,10
41,0.011741597168823425,0.185358,0.0034049843377951723,0.664,0.707262745136635,3.5234010547395456,[0.02293824 0.         0.01081092 0.         0.         0.         0.         0.         0.         0.01074902 0.         0.01074902 0.01721449 0.         0.         0.01087562 0.         0.         0.01074902 0.         0.         0.         0.         0.         0.         0.         0.         0.90591366 0.         0.         0.        ],[1. 0. 1. 0. 0. 0. 0. 0. 0. 1. 0. 1. 1. 0. 0. 1. 0. 0. 1. 0. 0. 0. 0. 0. 0. 0. 0. 1. 0. 0. 0.],8.0,best,100,1000,100,0.9,0.5,0.9,0.5,0.9,5,0.49,1,8,,problem_solving,10
42,0.011741597168823425,0.185358,0.0034049843377951723,0.668,0.7031177428541489,4.181660237923452,[0.02293824 0.         0.01081092 0.         0.         0.         0.         0.         0.         0.01074902 0.         0.01074902 0.01721449 0.         0.         0.01087562 0.         0.         0.01074902 0.         0.         0.         0.         0.         0.         0.         0.         0.90591366 0.         0.         0.        ],[1. 0. 1. 0. 0. 0. 0. 0. 0. 1. 0. 1. 1. 0. 0. 1. 0. 0. 1. 0. 0. 0. 0. 0. 0. 0. 0. 1. 0. 0. 0.],8.0,best,100,1000,100,0.9,0.5,0.9,0.5,0.9,5,0.49,1,8,,problem_solving,10
43,0.011741597168823425,0.185358,0.0034049843377951723,0.672,0.6989970328789274,2.5853107900511656,[0.02293824 0.         0.01081092 0.         0.         0.         0.         0.         0.         0.01074902 0.         0.01074902 0.01721449 0.         0.         0.01087562 0.         0.         0.01074902 0.         0.         0.         0.         0.         0.         0.         0.         0.90591366 0.         0.         0.        ],[1. 0. 1. 0. 0. 0. 0. 0. 0. 1. 0. 1. 1. 0. 0. 1. 0. 0. 1. 0. 0. 0. 0. 0. 0. 0. 0. 1. 0. 0. 0.],8.0,best,100,1000,100,0.9,0.5,0.9,0.5,0.9,5,0.49,1,8,,problem_solving,10
44,0.011741597168823425,0.185358,0.0034049843377951723,0.6759999999999999,0.6949004728428485,1.4784976149862425,[0.02293824 0.         0.01081092 0.         0.         0.         0.         0.         0.         0.01074902 0.         0.01074902 0.01721449 0.         0.         0.01087562 0.         0.         0.01074902 0.         0.         0.         0.         0.         0.         0.         0.         0.90591366 0.         0.         0.        ],[1. 0. 1. 0. 0. 0. 0. 0. 0. 1. 0. 1. 1. 0. 0. 1. 0. 0. 1. 0. 0. 0. 0. 0. 0. 0. 0. 1. 0. 0. 0.],8.0,best,100,1000,100,0.9,0.5,0.9,0.5,0.9,5,0.49,1,8,,problem_solving,10
45,0.011741597168823425,0.185358,0.0034049843377951723,0.6799999999999999,0.6908279212121557,0.7731683376316129,[0.02293824 0.         0.01081092 0.         0.         0.         0.         0.         0.         0.01074902 0.         0.01074902 0.01721449 0.         0.         0.01087562 0.         0.         0.01074902 0.         0.         0.         0.         0.         0.         0.         0.         0.90591366 0.         0.         0.        ],[1. 0. 1. 0. 0. 0. 0. 0. 0. 1. 0. 1. 1. 0. 0. 1. 0. 0. 1. 0. 0. 0. 0. 0. 0. 0. 0. 1. 0. 0. 0.],8.0,best,100,1000,100,0.9,0.5,0.9,0.5,0.9,5,0.49,1,8,,problem_solving,10
46,0.011741597168823425,0.185358,0.0034049843377951723,0.6839999999999999,0.6867792372825696,-2.360736881556582,[0.02293824 0.         0.01081092 0.         0.         0.         0.         0.         0.         0.01074902 0.         0.01074902 0.01721449 0.         0.         0.01087562 0.         0.         0.01074902 0.         0.         0.         0.         0.         0.         0.         0.         0.90591366 0.         0.         0.        ],[1. 0. 1. 0. 0. 0. 0. 0. 0. 1. 0. 1. 1. 0. 0. 1. 0. 0. 1. 0. 0. 0. 0. 0. 0. 0. 0. 1. 0. 0. 0.],8.0,best,100,1000,100,0.9,0.5,0.9,0.5,0.9,5,0.49,1,8,,problem_solving,10
47,0.011741597168823425,0.185358,0.0034049843377951723,0.688,0.6827542811744257,-0.9283646795313488,[0.02293824 0.         0.01081092 0.         0.         0.         0.         0.         0.         0.01074902 0.         0.01074902 0.01721449 0.         0.         0.01087562 0.         0.         0.01074902 0.         0.         0.         0.         0.         0.         0.         0.         0.90591366 0.         0.         0.        ],[1. 0. 1. 0. 0. 0. 0. 0. 0. 1. 0. 1. 1. 0. 0. 1. 0. 0. 1. 0. 0. 0. 0. 0. 0. 0. 0. 1. 0. 0. 0.],8.0,best,100,1000,100,0.9,0.5,0.9,0.5,0.9,5,0.49,1,8,,problem_solving,10
48,0.011741597168823425,0.185358,0.0034049843377951723,0.692,0.6787529138278414,-0.4644465669442392,[0.02293824 0.         0.01081092 0.         0.         0.         0.         0.         0.         0.01074902 0.         0.01074902 0.01721449 0.         0.         0.01087562 0.         0.         0.01074902 0.         0.         0.         0.         0.         0.         0.         0.         0.90591366 0.         0.         0.        ],[1. 0. 1. 0. 0. 0. 0. 0. 0. 1. 0. 1. 1. 0. 0. 1. 0. 0. 1. 0. 0. 0. 0. 0. 0. 0. 0. 1. 0. 0. 0.],8.0,best,100,1000,100,0.9,0.5,0.9,0.5,0.9,5,0.49,1,8,,problem_solving,10
49,0.011741597168823425,0.185358,0.0034049843377951723,0.696,0.6747749969979128,3.1217661758379642,[0.02293824 0.         0.01081092 0.         0.         0.         0.         0.         0.         0.01074902 0.         0.01074902 0.01721449 0.         0.         0.01087562 0.         0.         0.01074902 0.         0.         0.         0.         0.         0.         0.         0.         0.90591366 0.         0.         0.        ],[1. 0. 1. 0. 0. 0. 0. 0. 0. 1. 0. 1. 1. 0. 0. 1. 0. 0. 1. 0. 0. 0. 0. 0. 0. 0. 0. 1. 0. 0. 0.],8.0,best,100,1000,100,0.9,0.5,0.9,0.5,0.9,5,0.49,1,8,,problem_solving,10
50,0.011741597168823425,0.185358,0.0034049843377951723,0.7,0.6708203932499369,1.5694577947352248,[0.02293824 0.         0.01081092 0.         0.         0.         0.         0.         0.         0.01074902 0.         0.01074902 0.01721449 0.         0.         0.01087562 0.         0.         0.01074902 0.         0.         0.         0.         0.         0.         0.         0.         0.90591366 0.         0.         0.        ],[1. 0. 1. 0. 0. 0. 0. 0. 0. 1. 0. 1. 1. 0. 0. 1. 0. 0. 1. 0. 0. 0. 0. 0. 0. 0. 0. 1. 0. 0. 0.],8.0,best,100,1000,100,0.9,0.5,0.9,0.5,0.9,5,0.49,1,8,,problem_solving,10
51,0.011741597168823425,0.185358,0.0034049843377951723,0.704,0.6668889659546647,1.7754344812326608,[0.02293824 0.         0.01081092 0.         0.         0.         0.         0.         0.         0.01074902 0.         0.01074902 0.01721449 0.         0.         0.01087562 0.         0.         0.01074902 0.         0.         0.         0.         0.         0.         0.         0.         0.90591366 0.         0.         0.        ],[1. 0. 1. 0. 0. 0. 0. 0. 0. 1. 0. 1. 1. 0. 0. 1. 0. 0. 1. 0. 0. 0. 0. 0. 0. 0. 0. 1. 0. 0. 0.],8.0,best,100,1000,100,0.9,0.5,0.9,0.5,0.9,5,0.49,1,8,,problem_solving,10
52,0.011741597168823425,0.185358,0.0034049843377951723,0.708,0.6629805792835798,4.472860983423765,[0.02293824 0.         0.01081092 0.         0.         0.         0.         0.         0.         0.01074902 0.         0.01074902 0.01721449 0.         0.         0.01087562 0.         0.         0.01074902 0.         0.         0.         0.         0.         0.         0.         0.         0.90591366 0.         0.         0.        ],[1. 0. 1. 0. 0. 0. 0. 0. 0. 1. 0. 1. 1. 0. 0. 1. 0. 0. 1. 0. 0. 0. 0. 0. 0. 0. 0. 1. 0. 0. 0.],8.0,best,100,1000,100,0.9,0.5,0.9,0.5,0.9,5,0.49,1,8,,problem_solving,10
53,0.011741597168823425,0.185358,0.0034049843377951723,0.712,0.6590950982042058,10.396949283313184,[0.02293824 0.         0.01081092 0.         0.         0.         0.         0.         0.         0.01074902 0.         0.01074902 0.01721449 0.         0.         0.01087562 0.         0.         0.01074902 0.         0.         0.         0.         0.         0.         0.         0.         0.90591366 0.         0.         0.        ],[1. 0. 1. 0. 0. 0. 0. 0. 0. 1. 0. 1. 1. 0. 0. 1. 0. 0. 1. 0. 0. 0. 0. 0. 0. 0. 0. 1. 0. 0. 0.],8.0,best,100,1000,100,0.9,0.5,0.9,0.5,0.9,5,0.49,1,8,,problem_solving,10
54,0.011741597168823425,0.185358,0.0034049843377951723,0.716,0.6552323884754414,1.2600502220929763,[0.02293824 0.         0.01081092 0.         0.         0.         0.         0.         0.         0.01074902 0.         0.01074902 0.01721449 0.         0.         0.01087562 0.         0.         0.01074902 0.         0.         0.         0.         0.         0.         0.         0.         0.90591366 0.         0.         0.        ],[1. 0. 1. 0. 0. 0. 0. 0. 0. 1. 0. 1. 1. 0. 0. 1. 0. 0. 1. 0. 0. 0. 0. 0. 0. 0. 0. 1. 0. 0. 0.],8.0,best,100,1000,100,0.9,0.5,0.9,0.5,0.9,5,0.49,1,8,,problem_solving,10
55,0.011741597168823425,0.185358,0.0034049843377951723,0.72,0.651392316642922,0.59873354978981,[0.02293824 0.         0.01081092 0.         0.         0.         0.         0.         0.         0.01074902 0.         0.01074902 0.01721449 0.         0.         0.01087562 0.         0.         0.01074902 0.         0.         0.         0.         0.         0.         0.         0.         0.90591366 0.         0.         0.        ],[1. 0. 1. 0. 0. 0. 0. 0. 0. 1. 0. 1. 1. 0. 0. 1. 0. 0. 1. 0. 0. 0. 0. 0. 0. 0. 0. 1. 0. 0. 0.],8.0,best,100,1000,100,0.9,0.5,0.9,0.5,0.9,5,0.49,1,8,,problem_solving,10
56,0.011741597168823425,0.185358,0.0034049843377951723,0.724,0.6475747500344088,0.838644690135483,[0.02293824 0.         0.01081092 0.         0.         0.         0.         0.         0.         0.01074902 0.         0.01074902 0.01721449 0.         0.         0.01087562 0.         0.         0.01074902 0.         0.         0.         0.         0.         0.         0.         0.         0.90591366 0.         0.         0.        ],[1. 0. 1. 0. 0. 0. 0. 0. 0. 1. 0. 1. 1. 0. 0. 1. 0. 0. 1. 0. 0. 0. 0. 0. 0. 0. 0. 1. 0. 0. 0.],8.0,best,100,1000,100,0.9,0.5,0.9,0.5,0.9,5,0.49,1,8,,problem_solving,10
57,0.011741597168823425,0.185358,0.0034049843377951723,0.728,0.6437795567552059,2.064828043210324,[0.02293824 0.         0.01081092 0.         0.         0.         0.         0.         0.         0.01074902 0.         0.01074902 0.01721449 0.         0.         0.01087562 0.         0.         0.01074902 0.         0.         0.         0.         0.         0.         0.         0.         0.90591366 0.         0.         0.        ],[1. 0. 1. 0. 0. 0. 0. 0. 0. 1. 0. 1. 1. 0. 0. 1. 0. 0. 1. 0. 0. 0. 0. 0. 0. 0. 0. 1. 0. 0. 0.],8.0,best,100,1000,100,0.9,0.5,0.9,0.5,0.9,5,0.49,1,8,,problem_solving,10
58,0.011741597168823425,0.185358,0.0034049843377951723,0.732,0.6400066056836028,0.701274883443082,[0.02293824 0.         0.01081092 0.         0.         0.         0.         0.         0.         0.01074902 0.         0.01074902 0.01721449 0.         0.         0.01087562 0.         0.         0.01074902 0.         0.         0.         0.         0.         0.         0.         0.         0.90591366 0.         0.         0.        ],[1. 0. 1. 0. 0. 0. 0. 0. 0. 1. 0. 1. 1. 0. 0. 1. 0. 0. 1. 0. 0. 0. 0. 0. 0. 0. 0. 1. 0. 0. 0.],8.0,best,100,1000,100,0.9,0.5,0.9,0.5,0.9,5,0.49,1,8,,problem_solving,10
59,0.011741597168823425,0.185358,0.0034049843377951723,0.736,0.6362557664663436,6.223191772965203,[0.02293824 0.         0.01081092 0.         0.         0.         0.         0.         0.         0.01074902 0.         0.01074902 0.01721449 0.         0.         0.01087562 0.         0.         0.01074902 0.         0.         0.         0.         0.         0.         0.         0.         0.90591366 0.         0.         0.        ],[1. 0. 1. 0. 0. 0. 0. 0. 0. 1. 0. 1. 1. 0. 0. 1. 0. 0. 1. 0. 0. 0. 0. 0. 0. 0. 0. 1. 0. 0. 0.],8.0,best,100,1000,100,0.9,0.5,0.9,0.5,0.9,5,0.49,1,8,,problem_solving,10
60,0.011741597168823425,0.185358,0.0034049843377951723,0.74,0.6325269095141249,2.9508503393455103,[0.02293824 0.         0.01081092 0.         0.         0.         0.         0.         0.         0.01074902 0.         0.01074902 0.01721449 0.         0.         0.01087562 0.         0.         0.01074902 0.         0.         0.         0.         0.         0.         0.         0.         0.90591366 0.         0.         0.        ],[1. 0. 1. 0. 0. 0. 0. 0. 0. 1. 0. 1. 1. 0. 0. 1. 0. 0. 1. 0. 0. 0. 0. 0. 0. 0. 0. 1. 0. 0. 0.],8.0,best,100,1000,100,0.9,0.5,0.9,0.5,0.9,5,0.49,1,8,,problem_solving,10
61,0.011741597168823425,0.185358,0.0034049843377951723,0.744,0.6288199059971172,-2.714301150052174,[0.02293824 0.         0.01081092 0.         0.         0.         0.         0.         0.         0.01074902 0.         0.01074902 0.01721449 0.         0.         0.01087562 0.         0.         0.01074902 0.         0.         0.         0.         0.         0.         0.         0.         0.90591366 0.         0.         0.        ],[1. 0. 1. 0. 0. 0. 0. 0. 0. 1. 0. 1. 1. 0. 0. 1. 0. 0. 1. 0. 0. 0. 0. 0. 0. 0. 0. 1. 0. 0. 0.],8.0,best,100,1000,100,0.9,0.5,0.9,0.5,0.9,5,0.49,1,8,,problem_solving,10
62,0.011741597168823425,0.185358,0.0034049843377951723,0.748,0.6251346278405147,-0.23841332808123755,[0.02293824 0.         0.01081092 0.         0.         0.         0.         0.         0.         0.01074902 0.         0.01074902 0.01721449 0.         0.         0.01087562 0.         0.         0.01074902 0.         0.         0.         0.         0.         0.         0.         0.         0.90591366 0.         0.         0.        ],[1. 0. 1. 0. 0. 0. 0. 0. 0. 1. 0. 1. 1. 0. 0. 1. 0. 0. 1. 0. 0. 0. 0. 0. 0. 0. 0. 1. 0. 0. 0.],8.0,best,100,1000,100,0.9,0.5,0.9,0.5,0.9,5,0.49,1,8,,problem_solving,10
63,0.011741597168823425,0.185358,0.0034049843377951723,0.752,0.6214709477201097,-6.96497607017642,[0.02293824 0.         0.01081092 0.         0.         0.         0.         0.         0.         0.01074902 0.         0.01074902 0.01721449 0.         0.         0.01087562 0.         0.         0.01074902 0.         0.         0.         0.         0.         0.         0.         0.         0.90591366 0.         0.         0.        ],[1. 0. 1. 0. 0. 0. 0. 0. 0. 1. 0. 1. 1. 0. 0. 1. 0. 0. 1. 0. 0. 0. 0. 0. 0. 0. 0. 1. 0. 0. 0.],8.0,best,100,1000,100,0.9,0.5,0.9,0.5,0.9,5,0.49,1,8,,problem_solving,10
64,0.011741597168823425,0.185358,0.0034049843377951723,0.756,0.6178287390578946,-4.239504302007644,[0.02293824 0.         0.01081092 0.         0.         0.         0.         0.         0.         0.01074902 0.         0.01074902 0.01721449 0.         0.         0.01087562 0.         0.         0.01074902 0.         0.         0.         0.         0.         0.         0.         0.         0.90591366 0.         0.         0.        ],[1. 0. 1. 0. 0. 0. 0. 0. 0. 1. 0. 1. 1. 0. 0. 1. 0. 0. 1. 0. 0. 0. 0. 0. 0. 0. 0. 1. 0. 0. 0.],8.0,best,100,1000,100,0.9,0.5,0.9,0.5,0.9,5,0.49,1,8,,problem_solving,10
65,0.011741597168823425,0.185358,0.0034049843377951723,0.76,0.6142078760176876,4.079388809412457,[0.02293824 0.         0.01081092 0.         0.         0.         0.         0.         0.         0.01074902 0.         0.01074902 0.01721449 0.         0.         0.01087562 0.         0.         0.01074902 0.         0.         0.         0.         0.         0.         0.         0.         0.90591366 0.         0.         0.        ],[1. 0. 1. 0. 0. 0. 0. 0. 0. 1. 0. 1. 1. 0. 0. 1. 0. 0. 1. 0. 0. 0. 0. 0. 0. 0. 0. 1. 0. 0. 0.],8.0,best,100,1000,100,0.9,0.5,0.9,0.5,0.9,5,0.49,1,8,,problem_solving,10
66,0.011741597168823425,0.185358,0.0034049843377951723,0.764,0.6106082335007861,-1.8812186793646257,[0.02293824 0.         0.01081092 0.         0.         0.         0.         0.         0.         0.01074902 0.         0.01074902 0.01721449 0.         0.         0.01087562 0.         0.         0.01074902 0.         0.         0.         0.         0.         0.         0.         0.         0.90591366 0.         0.         0.        ],[1. 0. 1. 0. 0. 0. 0. 0. 0. 1. 0. 1. 1. 0. 0. 1. 0. 0. 1. 0. 0. 0. 0. 0. 0. 0. 0. 1. 0. 0. 0.],8.0,best,100,1000,100,0.9,0.5,0.9,0.5,0.9,5,0.49,1,8,,problem_solving,10
67,0.011741597168823425,0.185358,0.0034049843377951723,0.768,0.6070296871416437,-2.5265583529796434,[0.02293824 0.         0.01081092 0.         0.         0.         0.         0.         0.         0.01074902 0.         0.01074902 0.01721449 0.         0.         0.01087562 0.         0.         0.01074902 0.         0.         0.         0.         0.         0.         0.         0.         0.90591366 0.         0.         0.        ],[1. 0. 1. 0. 0. 0. 0. 0. 0. 1. 0. 1. 1. 0. 0. 1. 0. 0. 1. 0. 0. 0. 0. 0. 0. 0. 0. 1. 0. 0. 0.],8.0,best,100,1000,100,0.9,0.5,0.9,0.5,0.9,5,0.49,1,8,,problem_solving,10
68,0.011741597168823425,0.185358,0.0034049843377951723,0.772,0.6034721133035746,3.0666908353365216,[0.02293824 0.         0.01081092 0.         0.         0.         0.         0.         0.         0.01074902 0.         0.01074902 0.01721449 0.         0.         0.01087562 0.         0.         0.01074902 0.         0.         0.         0.         0.         0.         0.         0.         0.90591366 0.         0.         0.        ],[1. 0. 1. 0. 0. 0. 0. 0. 0. 1. 0. 1. 1. 0. 0. 1. 0. 0. 1. 0. 0. 0. 0. 0. 0. 0. 0. 1. 0. 0. 0.],8.0,best,100,1000,100,0.9,0.5,0.9,0.5,0.9,5,0.49,1,8,,problem_solving,10
69,0.011741597168823425,0.185358,0.0034049843377951723,0.776,0.5999353890744809,3.6837172149666837,[0.02293824 0.         0.01081092 0.         0.         0.         0.         0.         0.         0.01074902 0.         0.01074902 0.01721449 0.         0.         0.01087562 0.         0.         0.01074902 0.         0.         0.         0.         0.         0.         0.         0.         0.90591366 0.         0.         0.        ],[1. 0. 1. 0. 0. 0. 0. 0. 0. 1. 0. 1. 1. 0. 0. 1. 0. 0. 1. 0. 0. 0. 0. 0. 0. 0. 0. 1. 0. 0. 0.],8.0,best,100,1000,100,0.9,0.5,0.9,0.5,0.9,5,0.49,1,8,,problem_solving,10
70,0.011741597168823425,0.185358,0.0034049843377951723,0.78,0.5964193922626064,2.245948661816029,[0.02293824 0.         0.01081092 0.         0.         0.         0.         0.         0.         0.01074902 0.         0.01074902 0.01721449 0.         0.         0.01087562 0.         0.         0.01074902 0.         0.         0.         0.         0.         0.         0.         0.         0.90591366 0.         0.         0.        ],[1. 0. 1. 0. 0. 0. 0. 0. 0. 1. 0. 1. 1. 0. 0. 1. 0. 0. 1. 0. 0. 0. 0. 0. 0. 0. 0. 1. 0. 0. 0.],8.0,best,100,1000,100,0.9,0.5,0.9,0.5,0.9,5,0.49,1,8,,problem_solving,10
71,0.011741597168823425,0.185358,0.0034049843377951723,0.784,0.5929240013923155,0.7219884839645193,[0.02293824 0.         0.01081092 0.         0.         0.         0.         0.         0.         0.01074902 0.         0.01074902 0.01721449 0.         0.         0.01087562 0.         0.         0.01074902 0.         0.         0.         0.         0.         0.         0.         0.         0.90591366 0.         0.         0.        ],[1. 0. 1. 0. 0. 0. 0. 0. 0. 1. 0. 1. 1. 0. 0. 1. 0. 0. 1. 0. 0. 0. 0. 0. 0. 0. 0. 1. 0. 0. 0.],8.0,best,100,1000,100,0.9,0.5,0.9,0.5,0.9,5,0.49,1,8,,problem_solving,10
72,0.011741597168823425,0.185358,0.0034049843377951723,0.788,0.5894490956998952,2.107720793123284,[0.02293824 0.         0.01081092 0.         0.         0.         0.         0.         0.         0.01074902 0.         0.01074902 0.01721449 0.         0.         0.01087562 0.         0.         0.01074902 0.         0.         0.         0.         0.         0.         0.         0.         0.90591366 0.         0.         0.        ],[1. 0. 1. 0. 0. 0. 0. 0. 0. 1. 0. 1. 1. 0. 0. 1. 0. 0. 1. 0. 0. 0. 0. 0. 0. 0. 0. 1. 0. 0. 0.],8.0,best,100,1000,100,0.9,0.5,0.9,0.5,0.9,5,0.49,1,8,,problem_solving,10
73,0.011741597168823425,0.185358,0.0034049843377951723,0.792,0.5859945551293841,5.107111507533418,[0.02293824 0.         0.01081092 0.         0.         0.         0.         0.         0.         0.01074902 0.         0.01074902 0.01721449 0.         0.         0.01087562 0.         0.         0.01074902 0.         0.         0.         0.         0.         0.         0.         0.         0.90591366 0.         0.         0.        ],[1. 0. 1. 0. 0. 0. 0. 0. 0. 1. 0. 1. 1. 0. 0. 1. 0. 0. 1. 0. 0. 0. 0. 0. 0. 0. 0. 1. 0. 0. 0.],8.0,best,100,1000,100,0.9,0.5,0.9,0.5,0.9,5,0.49,1,8,,problem_solving,10
74,0.011741597168823425,0.185358,0.0034049843377951723,0.796,0.5825602603284237,1.519716024221552,[0.02293824 0.         0.01081092 0.         0.         0.         0.         0.         0.         0.01074902 0.         0.01074902 0.01721449 0.         0.         0.01087562 0.         0.         0.01074902 0.         0.         0.         0.         0.         0.         0.         0.         0.90591366 0.         0.         0.        ],[1. 0. 1. 0. 0. 0. 0. 0. 0. 1. 0. 1. 1. 0. 0. 1. 0. 0. 1. 0. 0. 0. 0. 0. 0. 0. 0. 1. 0. 0. 0.],8.0,best,100,1000,100,0.9,0.5,0.9,0.5,0.9,5,0.49,1,8,,problem_solving,10
75,0.011741597168823425,0.185358,0.0034049843377951723,0.8,0.5791460926441345,1.2135217826679365,[0.02293824 0.         0.01081092 0.         0.         0.         0.         0.         0.         0.01074902 0.         0.01074902 0.01721449 0.         0.         0.01087562 0.         0.         0.01074902 0.         0.         0.         0.         0.         0.         0.         0.         0.90591366 0.         0.         0.        ],[1. 0. 1. 0. 0. 0. 0. 0. 0. 1. 0. 1. 1. 0. 0. 1. 0. 0. 1. 0. 0. 0. 0. 0. 0. 0. 0. 1. 0. 0. 0.],8.0,best,100,1000,100,0.9,0.5,0.9,0.5,0.9,5,0.49,1,8,,problem_solving,10
76,0.011741597168823425,0.185358,0.0034049843377951723,0.804,0.5757519341190179,3.04610150797869,[0.02293824 0.         0.01081092 0.         0.         0.         0.         0.         0.         0.01074902 0.         0.01074902 0.01721449 0.         0.         0.01087562 0.         0.         0.01074902 0.         0.         0.         0.         0.         0.         0.         0.         0.90591366 0.         0.         0.        ],[1. 0. 1. 0. 0. 0. 0. 0. 0. 1. 0. 1. 1. 0. 0. 1. 0. 0. 1. 0. 0. 0. 0. 0. 0. 0. 0. 1. 0. 0. 0.],8.0,best,100,1000,100,0.9,0.5,0.9,0.5,0.9,5,0.49,1,8,,problem_solving,10
77,0.011741597168823425,0.185358,0.0034049843377951723,0.808,0.5723776674868795,-3.3773108633118567,[0.02293824 0.         0.01081092 0.         0.         0.         0.         0.         0.         0.01074902 0.         0.01074902 0.01721449 0.         0.         0.01087562 0.         0.         0.01074902 0.         0.         0.         0.         0.         0.         0.         0.         0.90591366 0.         0.         0.        ],[1. 0. 1. 0. 0. 0. 0. 0. 0. 1. 0. 1. 1. 0. 0. 1. 0. 0. 1. 0. 0. 0. 0. 0. 0. 0. 0. 1. 0. 0. 0.],8.0,best,100,1000,100,0.9,0.5,0.9,0.5,0.9,5,0.49,1,8,,problem_solving,10
78,0.011741597168823425,0.185358,0.0034049843377951723,0.812,0.5690231761687783,-1.80601534371154,[0.02293824 0.         0.01081092 0.         0.         0.         0.         0.         0.         0.01074902 0.         0.01074902 0.01721449 0.         0.         0.01087562 0.         0.         0.01074902 0.         0.         0.         0.         0.         0.         0.         0.         0.90591366 0.         0.         0.        ],[1. 0. 1. 0. 0. 0. 0. 0. 0. 1. 0. 1. 1. 0. 0. 1. 0. 0. 1. 0. 0. 0. 0. 0. 0. 0. 0. 1. 0. 0. 0.],8.0,best,100,1000,100,0.9,0.5,0.9,0.5,0.9,5,0.49,1,8,,problem_solving,10
79,0.011741597168823425,0.185358,0.0034049843377951723,0.8160000000000001,0.5656883442689988,0.1567282550444401,[0.02293824 0.         0.01081092 0.         0.         0.         0.         0.         0.         0.01074902 0.         0.01074902 0.01721449 0.         0.         0.01087562 0.         0.         0.01074902 0.         0.         0.         0.         0.         0.         0.         0.         0.90591366 0.         0.         0.        ],[1. 0. 1. 0. 0. 0. 0. 0. 0. 1. 0. 1. 1. 0. 0. 1. 0. 0. 1. 0. 0. 0. 0. 0. 0. 0. 0. 1. 0. 0. 0.],8.0,best,100,1000,100,0.9,0.5,0.9,0.5,0.9,5,0.49,1,8,,problem_solving,10
80,0.011741597168823425,0.185358,0.0034049843377951723,0.8200000000000001,0.5623730565710474,0.7851247993783765,[0.02293824 0.         0.01081092 0.         0.         0.         0.         0.         0.         0.01074902 0.         0.01074902 0.01721449 0.         0.         0.01087562 0.         0.         0.01074902 0.         0.         0.         0.         0.         0.         0.         0.         0.90591366 0.         0.         0.        ],[1. 0. 1. 0. 0. 0. 0. 0. 0. 1. 0. 1. 1. 0. 0. 1. 0. 0. 1. 0. 0. 0. 0. 0. 0. 0. 0. 1. 0. 0. 0.],8.0,best,100,1000,100,0.9,0.5,0.9,0.5,0.9,5,0.49,1,8,,problem_solving,10
81,0.011741597168823425,0.185358,0.0034049843377951723,0.8240000000000001,0.5590771985336705,3.300240934386124,[0.02293824 0.         0.01081092 0.         0.         0.         0.         0.         0.         0.01074902 0.         0.01074902 0.01721449 0.         0.         0.01087562 0.         0.         0.01074902 0.         0.         0.         0.         0.         0.         0.         0.         0.90591366 0.         0.         0.        ],[1. 0. 1. 0. 0. 0. 0. 0. 0. 1. 0. 1. 1. 0. 0. 1. 0. 0. 1. 0. 0. 0. 0. 0. 0. 0. 0. 1. 0. 0. 0.],8.0,best,100,1000,100,0.9,0.5,0.9,0.5,0.9,5,0.49,1,8,,problem_solving,10
82,0.011741597168823425,0.185358,0.0034049843377951723,0.8280000000000001,0.5558006562868987,5.94244816812742,[0.02293824 0.         0.01081092 0.         0.         0.         0.         0.         0.         0.01074902 0.         0.01074902 0.01721449 0.         0.         0.01087562 0.         0.         0.01074902 0.         0.         0.         0.         0.         0.         0.         0.         0.90591366 0.         0.         0.        ],[1. 0. 1. 0. 0. 0. 0. 0. 0. 1. 0. 1. 1. 0. 0. 1. 0. 0. 1. 0. 0. 0. 0. 0. 0. 0. 0. 1. 0. 0. 0.],8.0,best,100,1000,100,0.9,0.5,0.9,0.5,0.9,5,0.49,1,8,,problem_solving,10
83,0.011741597168823425,0.185358,0.0034049843377951723,0.8320000000000001,0.5525433166281111,4.914465522542976,[0.02293824 0.         0.01081092 0.         0.         0.         0.         0.         0.         0.01074902 0.         0.01074902 0.01721449 0.         0.         0.01087562 0.         0.         0.01074902 0.         0.         0.         0.         0.         0.         0.         0.         0.90591366 0.         0.         0.        ],[1. 0. 1. 0. 0. 0. 0. 0. 0. 1. 0. 1. 1. 0. 0. 1. 0. 0. 1. 0. 0. 0. 0. 0. 0. 0. 0. 1. 0. 0. 0.],8.0,best,100,1000,100,0.9,0.5,0.9,0.5,0.9,5,0.49,1,8,,problem_solving,10
84,0.011741597168823425,0.185358,0.0034049843377951723,0.8360000000000001,0.5493050670181254,5.282157165755954,[0.02293824 0.         0.01081092 0.         0.         0.         0.         0.         0.         0.01074902 0.         0.01074902 0.01721449 0.         0.         0.01087562 0.         0.         0.01074902 0.         0.         0.         0.         0.         0.         0.         0.         0.90591366 0.         0.         0.        ],[1. 0. 1. 0. 0. 0. 0. 0. 0. 1. 0. 1. 1. 0. 0. 1. 0. 0. 1. 0. 0. 0. 0. 0. 0. 0. 0. 1. 0. 0. 0.],8.0,best,100,1000,100,0.9,0.5,0.9,0.5,0.9,5,0.49,1,8,,problem_solving,10
85,0.011741597168823425,0.185358,0.0034049843377951723,0.8400000000000001,0.5460857955773096,-0.2090908919858098,[0.02293824 0.         0.01081092 0.         0.         0.         0.         0.         0.         0.01074902 0.         0.01074902 0.01721449 0.         0.         0.01087562 0.         0.         0.01074902 0.         0.         0.         0.         0.         0.         0.         0.         0.90591366 0.         0.         0.        ],[1. 0. 1. 0. 0. 0. 0. 0. 0. 1. 0. 1. 1. 0. 0. 1. 0. 0. 1. 0. 0. 0. 0. 0. 0. 0. 0. 1. 0. 0. 0.],8.0,best,100,1000,100,0.9,0.5,0.9,0.5,0.9,5,0.49,1,8,,problem_solving,10
86,0.011741597168823425,0.185358,0.0034049843377951723,0.8440000000000001,0.542885391081716,2.384358326364208,[0.02293824 0.         0.01081092 0.         0.         0.         0.         0.         0.         0.01074902 0.         0.01074902 0.01721449 0.         0.         0.01087562 0.         0.         0.01074902 0.         0.         0.         0.         0.         0.         0.         0.         0.90591366 0.         0.         0.        ],[1. 0. 1. 0. 0. 0. 0. 0. 0. 1. 0. 1. 1. 0. 0. 1. 0. 0. 1. 0. 0. 0. 0. 0. 0. 0. 0. 1. 0. 0. 0.],8.0,best,100,1000,100,0.9,0.5,0.9,0.5,0.9,5,0.49,1,8,,problem_solving,10
87,0.011741597168823425,0.185358,0.0034049843377951723,0.8480000000000001,0.5397037429592386,-4.072018867430028,[0.02293824 0.         0.01081092 0.         0.         0.         0.         0.         0.         0.01074902 0.         0.01074902 0.01721449 0.         0.         0.01087562 0.         0.         0.01074902 0.         0.         0.         0.         0.         0.         0.         0.         0.90591366 0.         0.         0.        ],[1. 0. 1. 0. 0. 0. 0. 0. 0. 1. 0. 1. 1. 0. 0. 1. 0. 0. 1. 0. 0. 0. 0. 0. 0. 0. 0. 1. 0. 0. 0.],8.0,best,100,1000,100,0.9,0.5,0.9,0.5,0.9,5,0.49,1,8,,problem_solving,10
88,0.011741597168823425,0.185358,0.0034049843377951723,0.852,0.5365407412857937,1.5613124279100872,[0.02293824 0.         0.01081092 0.         0.         0.         0.         0.         0.         0.01074902 0.         0.01074902 0.01721449 0.         0.         0.01087562 0.         0.         0.01074902 0.         0.         0.         0.         0.         0.         0.         0.         0.90591366 0.         0.         0.        ],[1. 0. 1. 0. 0. 0. 0. 0. 0. 1. 0. 1. 1. 0. 0. 1. 0. 0. 1. 0. 0. 0. 0. 0. 0. 0. 0. 1. 0. 0. 0.],8.0,best,100,1000,100,0.9,0.5,0.9,0.5,0.9,5,0.49,1,8,,problem_solving,10
89,0.011741597168823425,0.185358,0.0034049843377951723,0.856,0.5333962767815211,2.184726963258139,[0.02293824 0.         0.01081092 0.         0.         0.         0.         0.         0.         0.01074902 0.         0.01074902 0.01721449 0.         0.         0.01087562 0.         0.         0.01074902 0.         0.         0.         0.         0.         0.         0.         0.         0.90591366 0.         0.         0.        ],[1. 0. 1. 0. 0. 0. 0. 0. 0. 1. 0. 1. 1. 0. 0. 1. 0. 0. 1. 0. 0. 0. 0. 0. 0. 0. 0. 1. 0. 0. 0.],8.0,best,100,1000,100,0.9,0.5,0.9,0.5,0.9,5,0.49,1,8,,problem_solving,10
90,0.011741597168823425,0.185358,0.0034049843377951723,0.86,0.5302702408070095,1.2481457184325175,[0.02293824 0.         0.01081092 0.         0.         0.         0.         0.         0.         0.01074902 0.         0.01074902 0.01721449 0.         0.         0.01087562 0.         0.         0.01074902 0.         0.         0.         0.         0.         0.         0.         0.         0.90591366 0.         0.         0.        ],[1. 0. 1. 0. 0. 0. 0. 0. 0. 1. 0. 1. 1. 0. 0. 1. 0. 0. 1. 0. 0. 0. 0. 0. 0. 0. 0. 1. 0. 0. 0.],8.0,best,100,1000,100,0.9,0.5,0.9,0.5,0.9,5,0.49,1,8,,problem_solving,10
91,0.011741597168823425,0.185358,0.0034049843377951723,0.864,0.5271625253595416,0.2139768195888066,[0.02293824 0.         0.01081092 0.         0.         0.         0.         0.         0.         0.01074902 0.         0.01074902 0.01721449 0.         0.         0.01087562 0.         0.         0.01074902 0.         0.         0.         0.         0.         0.         0.         0.         0.90591366 0.         0.         0.        ],[1. 0. 1. 0. 0. 0. 0. 0. 0. 1. 0. 1. 1. 0. 0. 1. 0. 0. 1. 0. 0. 0. 0. 0. 0. 0. 0. 1. 0. 0. 0.],8.0,best,100,1000,100,0.9,0.5,0.9,0.5,0.9,5,0.49,1,8,,problem_solving,10
92,0.011741597168823425,0.185358,0.0034049843377951723,0.868,0.5240730230693645,-1.126151464742961,[0.02293824 0.         0.01081092 0.         0.         0.         0.         0.         0.         0.01074902 0.         0.01074902 0.01721449 0.         0.         0.01087562 0.         0.         0.01074902 0.         0.         0.         0.         0.         0.         0.         0.         0.90591366 0.         0.         0.        ],[1. 0. 1. 0. 0. 0. 0. 0. 0. 1. 0. 1. 1. 0. 0. 1. 0. 0. 1. 0. 0. 0. 0. 0. 0. 0. 0. 1. 0. 0. 0.],8.0,best,100,1000,100,0.9,0.5,0.9,0.5,0.9,5,0.49,1,8,,problem_solving,10
93,0.011741597168823425,0.185358,0.0034049843377951723,0.872,0.5210016271959791,2.0914641195555195,[0.02293824 0.         0.01081092 0.         0.         0.         0.         0.         0.         0.01074902 0.         0.01074902 0.01721449 0.         0.         0.01087562 0.         0.         0.01074902 0.         0.         0.         0.         0.         0.         0.         0.         0.90591366 0.         0.         0.        ],[1. 0. 1. 0. 0. 0. 0. 0. 0. 1. 0. 1. 1. 0. 0. 1. 0. 0. 1. 0. 0. 0. 0. 0. 0. 0. 0. 1. 0. 0. 0.],8.0,best,100,1000,100,0.9,0.5,0.9,0.5,0.9,5,0.49,1,8,,problem_solving,10
94,0.011741597168823425,0.185358,0.0034049843377951723,0.876,0.5179482316244518,0.21718663948102437,[0.02293824 0.         0.01081092 0.         0.         0.         0.         0.         0.         0.01074902 0.         0.01074902 0.01721449 0.         0.         0.01087562 0.         0.         0.01074902 0.         0.         0.         0.         0.         0.         0.         0.         0.90591366 0.         0.         0.        ],[1. 0. 1. 0. 0. 0. 0. 0. 0. 1. 0. 1. 1. 0. 0. 1. 0. 0. 1. 0. 0. 0. 0. 0. 0. 0. 0. 1. 0. 0. 0.],8.0,best,100,1000,100,0.9,0.5,0.9,0.5,0.9,5,0.49,1,8,,problem_solving,10
95,0.011741597168823425,0.185358,0.0034049843377951723,0.88,0.5149127308617497,0.6351830325564602,[0.02293824 0.         0.01081092 0.         0.         0.         0.         0.         0.         0.01074902 0.         0.01074902 0.01721449 0.         0.         0.01087562 0.         0.         0.01074902 0.         0.         0.         0.         0.         0.         0.         0.         0.90591366 0.         0.         0.        ],[1. 0. 1. 0. 0. 0. 0. 0. 0. 1. 0. 1. 1. 0. 0. 1. 0. 0. 1. 0. 0. 0. 0. 0. 0. 0. 0. 1. 0. 0. 0.],8.0,best,100,1000,100,0.9,0.5,0.9,0.5,0.9,5,0.49,1,8,,problem_solving,10
96,0.011741597168823425,0.185358,0.0034049843377951723,0.884,0.5118950200330946,-2.9593178805553864,[0.02293824 0.         0.01081092 0.         0.         0.         0.         0.         0.         0.01074902 0.         0.01074902 0.01721449 0.         0.         0.01087562 0.         0.         0.01074902 0.         0.         0.         0.         0.         0.         0.         0.         0.90591366 0.         0.         0.        ],[1. 0. 1. 0. 0. 0. 0. 0. 0. 1. 0. 1. 1. 0. 0. 1. 0. 0. 1. 0. 0. 0. 0. 0. 0. 0. 0. 1. 0. 0. 0.],8.0,best,100,1000,100,0.9,0.5,0.9,0.5,0.9,5,0.49,1,8,,problem_solving,10
97,0.011741597168823425,0.185358,0.0034049843377951723,0.888,0.5088949948783402,0.7779662725523456,[0.02293824 0.         0.01081092 0.         0.         0.         0.         0.         0.         0.01074902 0.         0.01074902 0.01721449 0.         0.         0.01087562 0.         0.         0.01074902 0.         0.         0.         0.         0.         0.         0.         0.         0.90591366 0.         0.         0.        ],[1. 0. 1. 0. 0. 0. 0. 0. 0. 1. 0. 1. 1. 0. 0. 1. 0. 0. 1. 0. 0. 0. 0. 0. 0. 0. 0. 1. 0. 0. 0.],8.0,best,100,1000,100,0.9,0.5,0.9,0.5,0.9,5,0.49,1,8,,problem_solving,10
98,0.011741597168823425,0.185358,0.0034049843377951723,0.892,0.5059125517483702,-0.6112919634565551,[0.02293824 0.         0.01081092 0.         0.         0.         0.         0.         0.         0.01074902 0.         0.01074902 0.01721449 0.         0.         0.01087562 0.         0.         0.01074902 0.         0.         0.         0.         0.         0.         0.         0.         0.90591366 0.         0.         0.        ],[1. 0. 1. 0. 0. 0. 0. 0. 0. 1. 0. 1. 1. 0. 0. 1. 0. 0. 1. 0. 0. 0. 0. 0. 0. 0. 0. 1. 0. 0. 0.],8.0,best,100,1000,100,0.9,0.5,0.9,0.5,0.9,5,0.49,1,8,,problem_solving,10
99,0.011741597168823425,0.185358,0.0034049843377951723,0.896,0.5029475876015165,-4.228941110470636,[0.02293824 0.         0.01081092 0.         0.         0.         0.         0.         0.         0.01074902 0.         0.01074902 0.01721449 0.         0.         0.01087562 0.         0.         0.01074902 0.         0.         0.         0.         0.         0.         0.         0.         0.90591366 0.         0.         0.        ],[1. 0. 1. 0. 0. 0. 0. 0. 0. 1. 0. 1. 1. 0. 0. 1. 0. 0. 1. 0. 0. 0. 0. 0. 0. 0. 0. 1. 0. 0. 0.],8.0,best,100,1000,100,0.9,0.5,0.9,0.5,0.9,5,0.49,1,8,,problem_solving,10
