iter,cost,risk,return,par,bw,move,X,Z,Q,pop_init,max_iter,pop_size,mem_size,mem_consider,par_min,par_max,bw_min,bw_max,sigma,lambda,port_n,k,seed,tag,local_search
1,-0.003127936928287747,0.183493,0.004644636243457836,0.504,0.894725436791504,-4.039304989464127,[0.         0.         0.         0.         0.01298956 0.         0.01383672 0.         0.         0.         0.         0.         0.01425647 0.         0.         0.         0.         0.         0.01835119 0.         0.         0.         0.         0.         0.         0.91264775 0.         0.         0.01408159 0.         0.01383672],[0. 0. 0. 0. 1. 0. 1. 0. 0. 0. 0. 0. 1. 0. 0. 0. 0. 0. 1. 0. 0. 0. 0. 0. 0. 1. 0. 0. 1. 0. 1.],7.0,best,100,1000,100,0.9,0.5,0.9,0.5,0.9,5,0.06,1,7,,problem_solving,10
2,-0.003127936928287747,0.183493,0.004644636243457836,0.508,0.8894817858241639,-5.153113635487941,[0.         0.         0.         0.         0.01298956 0.         0.01383672 0.         0.         0.         0.         0.         0.01425647 0.         0.         0.         0.         0.         0.01835119 0.         0.         0.         0.         0.         0.         0.91264775 0.         0.         0.01408159 0.         0.01383672],[0. 0. 0. 0. 1. 0. 1. 0. 0. 0. 0. 0. 1. 0. 0. 0. 0. 0. 1. 0. 0. 0. 0. 0. 0. 1. 0. 0. 1. 0. 1.],7.0,best,100,1000,100,0.9,0.5,0.9,0.5,0.9,5,0.06,1,7,,problem_solving,10
3,-0.003127936928287747,0.183493,0.004644636243457836,0.512,0.8842688659329022,-6.170787548369497,[0.         0.         0.         0.         0.01298956 0.         0.01383672 0.         0.         0.         0.         0.         0.01425647 0.         0.         0.         0.         0.         0.01835119 0.         0.         0.         0.         0.         0.         0.91264775 0.         0.         0.01408159 0.         0.01383672],[0. 0. 0. 0. 1. 0. 1. 0. 0. 0. 0. 0. 1. 0. 0. 0. 0. 0. 1. 0. 0. 0. 0. 0. 0. 1. 0. 0. 1. 0. 1.],7.0,best,100,1000,100,0.9,0.5,0.9,0.5,0.9,5,0.06,1,7,,problem_solving,10
4,-0.003127936928287747,0.183493,0.004644636243457836,0.516,0.879086497014382,-7.3124903119369655,[0.         0.         0.         0.         0.01298956 0.         0.01383672 0.         0.         0.         0.         0.         0.01425647 0.         0.         0.         0.         0.         0.01835119 0.         0.         0.         0.         0.         0.         0.91264775 0.         0.         0.01408159 0.         0.01383672],[0. 0. 0. 0. 1. 0. 1. 0. 0. 0. 0. 0. 1. 0. 0. 0. 0. 0. 1. 0. 0. 0. 0. 0. 0. 1. 0. 0. 1. 0. 1.],7.0,best,100,1000,100,0.9,0.5,0.9,0.5,0.9,5,0.06,1,7,,problem_solving,10
5,-0.003977289052834919,0.1844,0.004781128782658389,0.52,0.8739345000207845,-0.2377685841035994,[0.         0.         0.05588111 0.         0.76831814 0.         0.11880644 0.         0.         0.         0.         0.01322957 0.         0.         0.         0.         0.01069982 0.         0.         0.         0.         0.0214575  0.         0.         0.         0.         0.         0.01160743 0.         0.         0.        ],[0. 0. 1. 0. 1. 0. 1. 0. 0. 0. 0. 1. 0. 0. 0. 0. 1. 0. 0. 0. 0. 1. 0. 0. 0. 0. 0. 1. 0. 0. 0.],7.0,best,100,1000,100,0.9,0.5,0.9,0.5,0.9,5,0.06,1,7,,problem_solving,10
6,-0.003977289052834919,0.1844,0.004781128782658389,0.524,0.8688126969536234,-3.228173913083365,[0.         0.         0.05588111 0.         0.76831814 0.         0.11880644 0.         0.         0.         0.         0.01322957 0.         0.         0.         0.         0.01069982 0.         0.         0.         0.         0.0214575  0.         0.         0.         0.         0.         0.01160743 0.         0.         0.        ],[0. 0. 1. 0. 1. 0. 1. 0. 0. 0. 0. 1. 0. 0. 0. 0. 1. 0. 0. 0. 0. 1. 0. 0. 0. 0. 0. 1. 0. 0. 0.],7.0,best,100,1000,100,0.9,0.5,0.9,0.5,0.9,5,0.06,1,7,,problem_solving,10
7,-0.003977289052834919,0.1844,0.004781128782658389,0.528,0.8637209108575947,4.652918410387988,[0.         0.         0.05588111 0.         0.76831814 0.         0.11880644 0.         0.         0.         0.         0.01322957 0.         0.         0.         0.         0.01069982 0.         0.         0.         0.         0.0214575  0.         0.         0.         0.         0.         0.01160743 0.         0.         0.        ],[0. 0. 1. 0. 1. 0. 1. 0. 0. 0. 0. 1. 0. 0. 0. 0. 1. 0. 0. 0. 0. 1. 0. 0. 0. 0. 0. 1. 0. 0. 0.],7.0,best,100,1000,100,0.9,0.5,0.9,0.5,0.9,5,0.06,1,7,,problem_solving,10
8,-0.003977289052834919,0.1844,0.004781128782658389,0.532,0.8586589658144633,-3.148264990480743,[0.         0.         0.05588111 0.         0.76831814 0.         0.11880644 0.         0.         0.         0.         0.01322957 0.         0.         0.         0.         0.01069982 0.         0.         0.         0.         0.0214575  0.         0.         0.         0.         0.         0.01160743 0.         0.         0.        ],[0. 0. 1. 0. 1. 0. 1. 0. 0. 0. 0. 1. 0. 0. 0. 0. 1. 0. 0. 0. 0. 1. 0. 0. 0. 0. 0. 1. 0. 0. 0.],7.0,best,100,1000,100,0.9,0.5,0.9,0.5,0.9,5,0.06,1,7,,problem_solving,10
9,-0.003977289052834919,0.1844,0.004781128782658389,0.536,0.8536266869369854,-0.12931607471837328,[0.         0.         0.05588111 0.         0.76831814 0.         0.11880644 0.         0.         0.         0.         0.01322957 0.         0.         0.         0.         0.01069982 0.         0.         0.         0.         0.0214575  0.         0.         0.         0.         0.         0.01160743 0.         0.         0.        ],[0. 0. 1. 0. 1. 0. 1. 0. 0. 0. 0. 1. 0. 0. 0. 0. 1. 0. 0. 0. 0. 1. 0. 0. 0. 0. 0. 1. 0. 0. 0.],7.0,best,100,1000,100,0.9,0.5,0.9,0.5,0.9,5,0.06,1,7,,problem_solving,10
10,-0.003977289052834919,0.1844,0.004781128782658389,0.54,0.8486239003628652,-2.681816061213713,[0.         0.         0.05588111 0.         0.76831814 0.         0.11880644 0.         0.         0.         0.         0.01322957 0.         0.         0.         0.         0.01069982 0.         0.         0.         0.         0.0214575  0.         0.         0.         0.         0.         0.01160743 0.         0.         0.        ],[0. 0. 1. 0. 1. 0. 1. 0. 0. 0. 0. 1. 0. 0. 0. 0. 1. 0. 0. 0. 0. 1. 0. 0. 0. 0. 0. 1. 0. 0. 0.],7.0,best,100,1000,100,0.9,0.5,0.9,0.5,0.9,5,0.06,1,7,,problem_solving,10
11,-0.003977289052834919,0.1844,0.004781128782658389,0.544,0.8436504332487491,-3.441611246119343,[0.         0.         0.05588111 0.         0.76831814 0.         0.11880644 0.         0.         0.         0.         0.01322957 0.         0.         0.         0.         0.01069982 0.         0.         0.         0.         0.0214575  0.         0.         0.         0.         0.         0.01160743 0.         0.         0.        ],[0. 0. 1. 0. 1. 0. 1. 0. 0. 0. 0. 1. 0. 0. 0. 0. 1. 0. 0. 0. 0. 1. 0. 0. 0. 0. 0. 1. 0. 0. 0.],7.0,best,100,1000,100,0.9,0.5,0.9,0.5,0.9,5,0.06,1,7,,problem_solving,10
12,-0.003977289052834919,0.1844,0.004781128782658389,0.548,0.838706113764254,-1.8124106376803968,[0.         0.         0.05588111 0.         0.76831814 0.         0.11880644 0.         0.         0.         0.         0.01322957 0.         0.         0.         0.         0.01069982 0.         0.         0.         0.         0.0214575  0.         0.         0.         0.         0.         0.01160743 0.         0.         0.        ],[0. 0. 1. 0. 1. 0. 1. 0. 0. 0. 0. 1. 0. 0. 0. 0. 1. 0. 0. 0. 0. 1. 0. 0. 0. 0. 0. 1. 0. 0. 0.],7.0,best,100,1000,100,0.9,0.5,0.9,0.5,0.9,5,0.06,1,7,,problem_solving,10
13,-0.003977289052834919,0.1844,0.004781128782658389,0.552,0.83379077108603,-0.7276386536550421,[0.         0.         0.05588111 0.         0.76831814 0.         0.11880644 0.         0.         0.         0.         0.01322957 0.         0.         0.         0.         0.01069982 0.         0.         0.         0.         0.0214575  0.         0.         0.         0.         0.         0.01160743 0.         0.         0.        ],[0. 0. 1. 0. 1. 0. 1. 0. 0. 0. 0. 1. 0. 0. 0. 0. 1. 0. 0. 0. 0. 1. 0. 0. 0. 0. 0. 1. 0. 0. 0.],7.0,best,100,1000,100,0.9,0.5,0.9,0.5,0.9,5,0.06,1,7,,problem_solving,10
14,-0.003977289052834919,0.1844,0.004781128782658389,0.556,0.828904235391859,2.7464777959377,[0.         0.         0.05588111 0.         0.76831814 0.         0.11880644 0.         0.         0.         0.         0.01322957 0.         0.         0.         0.         0.01069982 0.         0.         0.         0.         0.0214575  0.         0.         0.         0.         0.         0.01160743 0.         0.         0.        ],[0. 0. 1. 0. 1. 0. 1. 0. 0. 0. 0. 1. 0. 0. 0. 0. 1. 0. 0. 0. 0. 1. 0. 0. 0. 0. 0. 1. 0. 0. 0.],7.0,best,100,1000,100,0.9,0.5,0.9,0.5,0.9,5,0.06,1,7,,problem_solving,10
15,-0.003977289052834919,0.1844,0.004781128782658389,0.56,0.8240463378547873,-1.2627304795935015,[0.         0.         0.05588111 0.         0.76831814 0.         0.11880644 0.         0.         0.         0.         0.01322957 0.         0.         0.         0.         0.01069982 0.         0.         0.         0.         0.0214575  0.         0.         0.         0.         0.         0.01160743 0.         0.         0.        ],[0. 0. 1. 0. 1. 0. 1. 0. 0. 0. 0. 1. 0. 0. 0. 0. 1. 0. 0. 0. 0. 1. 0. 0. 0. 0. 0. 1. 0. 0. 0.],7.0,best,100,1000,100,0.9,0.5,0.9,0.5,0.9,5,0.06,1,7,,problem_solving,10
16,-0.003977289052834919,0.1844,0.004781128782658389,0.5640000000000001,0.8192169106372932,1.3382608181325517,[0.         0.         0.05588111 0.         0.76831814 0.         0.11880644 0.         0.         0.         0.         0.01322957 0.         0.         0.         0.         0.01069982 0.         0.         0.         0.         0.0214575  0.         0.         0.         0.         0.         0.01160743 0.         0.         0.        ],[0. 0. 1. 0. 1. 0. 1. 0. 0. 0. 0. 1. 0. 0. 0. 0. 1. 0. 0. 0. 0. 1. 0. 0. 0. 0. 0. 1. 0. 0. 0.],7.0,best,100,1000,100,0.9,0.5,0.9,0.5,0.9,5,0.06,1,7,,problem_solving,10
17,-0.003977289052834919,0.1844,0.004781128782658389,0.5680000000000001,0.8144157868854872,1.233891675420556,[0.         0.         0.05588111 0.         0.76831814 0.         0.11880644 0.         0.         0.         0.         0.01322957 0.         0.         0.         0.         0.01069982 0.         0.         0.         0.         0.0214575  0.         0.         0.         0.         0.         0.01160743 0.         0.         0.        ],[0. 0. 1. 0. 1. 0. 1. 0. 0. 0. 0. 1. 0. 0. 0. 0. 1. 0. 0. 0. 0. 1. 0. 0. 0. 0. 0. 1. 0. 0. 0.],7.0,best,100,1000,100,0.9,0.5,0.9,0.5,0.9,5,0.06,1,7,,problem_solving,10
18,-0.003977289052834919,0.1844,0.004781128782658389,0.5720000000000001,0.8096428007233489,-0.632760905848731,[0.         0.         0.05588111 0.         0.76831814 0.         0.11880644 0.         0.         0.         0.         0.01322957 0.         0.         0.         0.         0.01069982 0.         0.         0.         0.         0.0214575  0.         0.         0.         0.         0.         0.01160743 0.         0.         0.        ],[0. 0. 1. 0. 1. 0. 1. 0. 0. 0. 0. 1. 0. 0. 0. 0. 1. 0. 0. 0. 0. 1. 0. 0. 0. 0. 0. 1. 0. 0. 0.],7.0,best,100,1000,100,0.9,0.5,0.9,0.5,0.9,5,0.06,1,7,,problem_solving,10
19,-0.003977289052834919,0.1844,0.004781128782658389,0.576,0.8048977872469943,1.4061043600770082,[0.         0.         0.05588111 0.         0.76831814 0.         0.11880644 0.         0.         0.         0.         0.01322957 0.         0.         0.         0.         0.01069982 0.         0.         0.         0.         0.0214575  0.         0.         0.         0.         0.         0.01160743 0.         0.         0.        ],[0. 0. 1. 0. 1. 0. 1. 0. 0. 0. 0. 1. 0. 0. 0. 0. 1. 0. 0. 0. 0. 1. 0. 0. 0. 0. 0. 1. 0. 0. 0.],7.0,best,100,1000,100,0.9,0.5,0.9,0.5,0.9,5,0.06,1,7,,problem_solving,10
20,-0.005824372460479344,0.18099,0.004800866245204829,0.58,0.80018058251898,0.9895218446717254,[0.         0.01555142 0.         0.         0.81522693 0.01420456 0.         0.01147899 0.         0.         0.         0.         0.         0.         0.         0.01147899 0.         0.         0.         0.         0.         0.11733673 0.         0.         0.         0.01472237 0.         0.         0.         0.         0.        ],[0. 1. 0. 0. 1. 1. 0. 1. 0. 0. 0. 0. 0. 0. 0. 1. 0. 0. 0. 0. 0. 1. 0. 0. 0. 1. 0. 0. 0. 0. 0.],7.0,best,100,1000,100,0.9,0.5,0.9,0.5,0.9,5,0.06,1,7,,problem_solving,10
21,-0.005824372460479344,0.18099,0.004800866245204829,0.584,0.7954910235626382,-1.353934738922993,[0.         0.01555142 0.         0.         0.81522693 0.01420456 0.         0.01147899 0.         0.         0.         0.         0.         0.         0.         0.01147899 0.         0.         0.         0.         0.         0.11733673 0.         0.         0.         0.01472237 0.         0.         0.         0.         0.        ],[0. 1. 0. 0. 1. 1. 0. 1. 0. 0. 0. 0. 0. 0. 0. 1. 0. 0. 0. 0. 0. 1. 0. 0. 0. 1. 0. 0. 0. 0. 0.],7.0,best,100,1000,100,0.9,0.5,0.9,0.5,0.9,5,0.06,1,7,,problem_solving,10
22,-0.005824372460479344,0.18099,0.004800866245204829,0.588,0.7908289483564468,-0.26224277834620136,[0.         0.01555142 0.         0.         0.81522693 0.01420456 0.         0.01147899 0.         0.         0.         0.         0.         0.         0.         0.01147899 0.         0.         0.         0.         0.         0.11733673 0.         0.         0.         0.01472237 0.         0.         0.         0.         0.        ],[0. 1. 0. 0. 1. 1. 0. 1. 0. 0. 0. 0. 0. 0. 0. 1. 0. 0. 0. 0. 0. 1. 0. 0. 0. 1. 0. 0. 0. 0. 0.],7.0,best,100,1000,100,0.9,0.5,0.9,0.5,0.9,5,0.06,1,7,,problem_solving,10
23,-0.005824372460479344,0.18099,0.004800866245204829,0.592,0.7861941958284306,-0.312787749792131,[0.         0.01555142 0.         0.         0.81522693 0.01420456 0.         0.01147899 0.         0.         0.         0.         0.         0.         0.         0.01147899 0.         0.         0.         0.         0.         0.11733673 0.         0.         0.         0.01472237 0.         0.         0.         0.         0.        ],[0. 1. 0. 0. 1. 1. 0. 1. 0. 0. 0. 0. 0. 0. 0. 1. 0. 0. 0. 0. 0. 1. 0. 0. 0. 1. 0. 0. 0. 0. 0.],7.0,best,100,1000,100,0.9,0.5,0.9,0.5,0.9,5,0.06,1,7,,problem_solving,10
24,-0.005824372460479344,0.18099,0.004800866245204829,0.596,0.7815866058505976,3.0726563414910704,[0.         0.01555142 0.         0.         0.81522693 0.01420456 0.         0.01147899 0.         0.         0.         0.         0.         0.         0.         0.01147899 0.         0.         0.         0.         0.         0.11733673 0.         0.         0.         0.01472237 0.         0.         0.         0.         0.        ],[0. 1. 0. 0. 1. 1. 0. 1. 0. 0. 0. 0. 0. 0. 0. 1. 0. 0. 0. 0. 0. 1. 0. 0. 0. 1. 0. 0. 0. 0. 0.],7.0,best,100,1000,100,0.9,0.5,0.9,0.5,0.9,5,0.06,1,7,,problem_solving,10
25,-0.005824372460479344,0.18099,0.004800866245204829,0.6,0.7770060192334055,-1.3976706579955611,[0.         0.01555142 0.         0.         0.81522693 0.01420456 0.         0.01147899 0.         0.         0.         0.         0.         0.         0.         0.01147899 0.         0.         0.         0.         0.         0.11733673 0.         0.         0.         0.01472237 0.         0.         0.         0.         0.        ],[0. 1. 0. 0. 1. 1. 0. 1. 0. 0. 0. 0. 0. 0. 0. 1. 0. 0. 0. 0. 0. 1. 0. 0. 0. 1. 0. 0. 0. 0. 0.],7.0,best,100,1000,100,0.9,0.5,0.9,0.5,0.9,5,0.06,1,7,,problem_solving,10
26,-0.0072029649951850655,0.164439,0.0038092444479366273,0.604,0.7724522777202626,-1.9965849281856223,[0.         0.         0.         0.         0.88287017 0.         0.         0.         0.         0.         0.         0.         0.01188683 0.         0.01818686 0.05454677 0.         0.01083646 0.         0.         0.         0.         0.         0.         0.01083646 0.01083646 0.         0.         0.         0.         0.        ],[0. 0. 0. 0. 1. 0. 0. 0. 0. 0. 0. 0. 1. 0. 1. 1. 0. 1. 0. 0. 0. 0. 0. 0. 1. 1. 0. 0. 0. 0. 0.],7.0,best,100,1000,100,0.9,0.5,0.9,0.5,0.9,5,0.06,1,7,,problem_solving,10
27,-0.0072029649951850655,0.164439,0.0038092444479366273,0.608,0.7679252239820602,2.2422340685857836,[0.         0.         0.         0.         0.88287017 0.         0.         0.         0.         0.         0.         0.         0.01188683 0.         0.01818686 0.05454677 0.         0.01083646 0.         0.         0.         0.         0.         0.         0.01083646 0.01083646 0.         0.         0.         0.         0.        ],[0. 0. 0. 0. 1. 0. 0. 0. 0. 0. 0. 0. 1. 0. 1. 1. 0. 1. 0. 0. 0. 0. 0. 0. 1. 1. 0. 0. 0. 0. 0.],7.0,best,100,1000,100,0.9,0.5,0.9,0.5,0.9,5,0.06,1,7,,problem_solving,10
28,-0.0072029649951850655,0.164439,0.0038092444479366273,0.612,0.7634247016117359,-1.8774771187066943,[0.         0.         0.         0.         0.88287017 0.         0.         0.         0.         0.         0.         0.         0.01188683 0.         0.01818686 0.05454677 0.         0.01083646 0.         0.         0.         0.         0.         0.         0.01083646 0.01083646 0.         0.         0.         0.         0.        ],[0. 0. 0. 0. 1. 0. 0. 0. 0. 0. 0. 0. 1. 0. 1. 1. 0. 1. 0. 0. 0. 0. 0. 0. 1. 1. 0. 0. 0. 0. 0.],7.0,best,100,1000,100,0.9,0.5,0.9,0.5,0.9,5,0.06,1,7,,problem_solving,10
29,-0.0072029649951850655,0.164439,0.0038092444479366273,0.616,0.758950555118871,-0.17235742252611239,[0.         0.         0.         0.         0.88287017 0.         0.         0.         0.         0.         0.         0.         0.01188683 0.         0.01818686 0.05454677 0.         0.01083646 0.         0.         0.         0.         0.         0.         0.01083646 0.01083646 0.         0.         0.         0.         0.        ],[0. 0. 0. 0. 1. 0. 0. 0. 0. 0. 0. 0. 1. 0. 1. 1. 0. 1. 0. 0. 0. 0. 0. 0. 1. 1. 0. 0. 0. 0. 0.],7.0,best,100,1000,100,0.9,0.5,0.9,0.5,0.9,5,0.06,1,7,,problem_solving,10
30,-0.0072029649951850655,0.164439,0.0038092444479366273,0.62,0.754502629924318,-1.5681067328070306,[0.         0.         0.         0.         0.88287017 0.         0.         0.         0.         0.         0.         0.         0.01188683 0.         0.01818686 0.05454677 0.         0.01083646 0.         0.         0.         0.         0.         0.         0.01083646 0.01083646 0.         0.         0.         0.         0.        ],[0. 0. 0. 0. 1. 0. 0. 0. 0. 0. 0. 0. 1. 0. 1. 1. 0. 1. 0. 0. 0. 0. 0. 0. 1. 1. 0. 0. 0. 0. 0.],7.0,best,100,1000,100,0.9,0.5,0.9,0.5,0.9,5,0.06,1,7,,problem_solving,10
31,-0.0072029649951850655,0.164439,0.0038092444479366273,0.624,0.7500807723548599,0.44842566035867304,[0.         0.         0.         0.         0.88287017 0.         0.         0.         0.         0.         0.         0.         0.01188683 0.         0.01818686 0.05454677 0.         0.01083646 0.         0.         0.         0.         0.         0.         0.01083646 0.01083646 0.         0.         0.         0.         0.        ],[0. 0. 0. 0. 1. 0. 0. 0. 0. 0. 0. 0. 1. 0. 1. 1. 0. 1. 0. 0. 0. 0. 0. 0. 1. 1. 0. 0. 0. 0. 0.],7.0,best,100,1000,100,0.9,0.5,0.9,0.5,0.9,5,0.06,1,7,,problem_solving,10
32,-0.0072029649951850655,0.164439,0.0038092444479366273,0.628,0.7456848296379007,-6.094771497642457,[0.         0.         0.         0.         0.88287017 0.         0.         0.         0.         0.         0.         0.         0.01188683 0.         0.01818686 0.05454677 0.         0.01083646 0.         0.         0.         0.         0.         0.         0.01083646 0.01083646 0.         0.         0.         0.         0.        ],[0. 0. 0. 0. 1. 0. 0. 0. 0. 0. 0. 0. 1. 0. 1. 1. 0. 1. 0. 0. 0. 0. 0. 0. 1. 1. 0. 0. 0. 0. 0.],7.0,best,100,1000,100,0.9,0.5,0.9,0.5,0.9,5,0.06,1,7,,problem_solving,10
33,-0.0072029649951850655,0.164439,0.0038092444479366273,0.632,0.7413146498961878,-7.608048475953955,[0.         0.         0.         0.         0.88287017 0.         0.         0.         0.         0.         0.         0.         0.01188683 0.         0.01818686 0.05454677 0.         0.01083646 0.         0.         0.         0.         0.         0.         0.01083646 0.01083646 0.         0.         0.         0.         0.        ],[0. 0. 0. 0. 1. 0. 0. 0. 0. 0. 0. 0. 1. 0. 1. 1. 0. 1. 0. 0. 0. 0. 0. 0. 1. 1. 0. 0. 0. 0. 0.],7.0,best,100,1000,100,0.9,0.5,0.9,0.5,0.9,5,0.06,1,7,,problem_solving,10
34,-0.0072029649951850655,0.164439,0.0038092444479366273,0.636,0.7369700821425638,-6.514981331252002,[0.         0.         0.         0.         0.88287017 0.         0.         0.         0.         0.         0.         0.         0.01188683 0.         0.01818686 0.05454677 0.         0.01083646 0.         0.         0.         0.         0.         0.         0.01083646 0.01083646 0.         0.         0.         0.         0.        ],[0. 0. 0. 0. 1. 0. 0. 0. 0. 0. 0. 0. 1. 0. 1. 1. 0. 1. 0. 0. 0. 0. 0. 0. 1. 1. 0. 0. 0. 0. 0.],7.0,best,100,1000,100,0.9,0.5,0.9,0.5,0.9,5,0.06,1,7,,problem_solving,10
35,-0.0072029649951850655,0.164439,0.0038092444479366273,0.64,0.7326509762747511,3.159290928452199,[0.         0.         0.         0.         0.88287017 0.         0.         0.         0.         0.         0.         0.         0.01188683 0.         0.01818686 0.05454677 0.         0.01083646 0.         0.         0.         0.         0.         0.         0.01083646 0.01083646 0.         0.         0.         0.         0.        ],[0. 0. 0. 0. 1. 0. 0. 0. 0. 0. 0. 0. 1. 0. 1. 1. 0. 1. 0. 0. 0. 0. 0. 0. 1. 1. 0. 0. 0. 0. 0.],7.0,best,100,1000,100,0.9,0.5,0.9,0.5,0.9,5,0.06,1,7,,problem_solving,10
36,-0.0072029649951850655,0.164439,0.0038092444479366273,0.644,0.7283571830701648,-1.64668924389027,[0.         0.         0.         0.         0.88287017 0.         0.         0.         0.         0.         0.         0.         0.01188683 0.         0.01818686 0.05454677 0.         0.01083646 0.         0.         0.         0.         0.         0.         0.01083646 0.01083646 0.         0.         0.         0.         0.        ],[0. 0. 0. 0. 1. 0. 0. 0. 0. 0. 0. 0. 1. 0. 1. 1. 0. 1. 0. 0. 0. 0. 0. 0. 1. 1. 0. 0. 0. 0. 0.],7.0,best,100,1000,100,0.9,0.5,0.9,0.5,0.9,5,0.06,1,7,,problem_solving,10
37,-0.0072029649951850655,0.164439,0.0038092444479366273,0.648,0.7240885541807586,-2.230111437098833,[0.         0.         0.         0.         0.88287017 0.         0.         0.         0.         0.         0.         0.         0.01188683 0.         0.01818686 0.05454677 0.         0.01083646 0.         0.         0.         0.         0.         0.         0.01083646 0.01083646 0.         0.         0.         0.         0.        ],[0. 0. 0. 0. 1. 0. 0. 0. 0. 0. 0. 0. 1. 0. 1. 1. 0. 1. 0. 0. 0. 0. 0. 0. 1. 1. 0. 0. 0. 0. 0.],7.0,best,100,1000,100,0.9,0.5,0.9,0.5,0.9,5,0.06,1,7,,problem_solving,10
38,-0.0072029649951850655,0.164439,0.0038092444479366273,0.652,0.7198449421278975,2.185847669095496,[0.         0.         0.         0.         0.88287017 0.         0.         0.         0.         0.         0.         0.         0.01188683 0.         0.01818686 0.05454677 0.         0.01083646 0.         0.         0.         0.         0.         0.         0.01083646 0.01083646 0.         0.         0.         0.         0.        ],[0. 0. 0. 0. 1. 0. 0. 0. 0. 0. 0. 0. 1. 0. 1. 1. 0. 1. 0. 0. 0. 0. 0. 0. 1. 1. 0. 0. 0. 0. 0.],7.0,best,100,1000,100,0.9,0.5,0.9,0.5,0.9,5,0.06,1,7,,problem_solving,10
39,-0.0072029649951850655,0.164439,0.0038092444479366273,0.656,0.7156262002972644,6.0442500191386195,[0.         0.         0.         0.         0.88287017 0.         0.         0.         0.         0.         0.         0.         0.01188683 0.         0.01818686 0.05454677 0.         0.01083646 0.         0.         0.         0.         0.         0.         0.01083646 0.01083646 0.         0.         0.         0.         0.        ],[0. 0. 0. 0. 1. 0. 0. 0. 0. 0. 0. 0. 1. 0. 1. 1. 0. 1. 0. 0. 0. 0. 0. 0. 1. 1. 0. 0. 0. 0. 0.],7.0,best,100,1000,100,0.9,0.5,0.9,0.5,0.9,5,0.06,1,7,,problem_solving,10
40,-0.0072029649951850655,0.164439,0.0038092444479366273,0.66,0.7114321829337936,7.171382596418307,[0.         0.         0.         0.         0.88287017 0.         0.         0.         0.         0.         0.         0.         0.01188683 0.         0.01818686 0.05454677 0.         0.01083646 0.         0.         0.         0.         0.         0.         0.01083646 0.01083646 0.         0.         0.         0.         0.        ],[0. 0. 0. 0. 1. 0. 0. 0. 0. 0. 0. 0. 1. 0. 1. 1. 0. 1. 0. 0. 0. 0. 0. 0. 1. 1. 0. 0. 0. 0. 0.],7.0,best,100,1000,100,0.9,0.5,0.9,0.5,0.9,5,0.06,1,7,,problem_solving,10
41,-0.0072029649951850655,0.164439,0.0038092444479366273,0.664,0.707262745136635,-1.3623958359684913,[0.         0.         0.         0.         0.88287017 0.         0.         0.         0.         0.         0.         0.         0.01188683 0.         0.01818686 0.05454677 0.         0.01083646 0.         0.         0.         0.         0.         0.         0.01083646 0.01083646 0.         0.         0.         0.         0.        ],[0. 0. 0. 0. 1. 0. 0. 0. 0. 0. 0. 0. 1. 0. 1. 1. 0. 1. 0. 0. 0. 0. 0. 0. 1. 1. 0. 0. 0. 0. 0.],7.0,best,100,1000,100,0.9,0.5,0.9,0.5,0.9,5,0.06,1,7,,problem_solving,10
42,-0.0072029649951850655,0.164439,0.0038092444479366273,0.668,0.7031177428541489,-0.7603886799430053,[0.         0.         0.         0.         0.88287017 0.         0.         0.         0.         0.         0.         0.         0.01188683 0.         0.01818686 0.05454677 0.         0.01083646 0.         0.         0.         0.         0.         0.         0.01083646 0.01083646 0.         0.         0.         0.         0.        ],[0. 0. 0. 0. 1. 0. 0. 0. 0. 0. 0. 0. 1. 0. 1. 1. 0. 1. 0. 0. 0. 0. 0. 0. 1. 1. 0. 0. 0. 0. 0.],7.0,best,100,1000,100,0.9,0.5,0.9,0.5,0.9,5,0.06,1,7,,problem_solving,10
43,-0.0072029649951850655,0.164439,0.0038092444479366273,0.672,0.6989970328789274,-8.689904526289562,[0.         0.         0.         0.         0.88287017 0.         0.         0.         0.         0.         0.         0.         0.01188683 0.         0.01818686 0.05454677 0.         0.01083646 0.         0.         0.         0.         0.         0.         0.01083646 0.01083646 0.         0.         0.         0.         0.        ],[0. 0. 0. 0. 1. 0. 0. 0. 0. 0. 0. 0. 1. 0. 1. 1. 0. 1. 0. 0. 0. 0. 0. 0. 1. 1. 0. 0. 0. 0. 0.],7.0,best,100,1000,100,0.9,0.5,0.9,0.5,0.9,5,0.06,1,7,,problem_solving,10
44,-0.0072029649951850655,0.164439,0.0038092444479366273,0.6759999999999999,0.6949004728428485,1.9944833141521854,[0.         0.         0.         0.         0.88287017 0.         0.         0.         0.         0.         0.         0.         0.01188683 0.         0.01818686 0.05454677 0.         0.01083646 0.         0.         0.         0.         0.         0.         0.01083646 0.01083646 0.         0.         0.         0.         0.        ],[0. 0. 0. 0. 1. 0. 0. 0. 0. 0. 0. 0. 1. 0. 1. 1. 0. 1. 0. 0. 0. 0. 0. 0. 1. 1. 0. 0. 0. 0. 0.],7.0,best,100,1000,100,0.9,0.5,0.9,0.5,0.9,5,0.06,1,7,,problem_solving,10
45,-0.0072029649951850655,0.164439,0.0038092444479366273,0.6799999999999999,0.6908279212121557,-0.32758544098406717,[0.         0.         0.         0.         0.88287017 0.         0.         0.         0.         0.         0.         0.         0.01188683 0.         0.01818686 0.05454677 0.         0.01083646 0.         0.         0.         0.         0.         0.         0.01083646 0.01083646 0.         0.         0.         0.         0.        ],[0. 0. 0. 0. 1. 0. 0. 0. 0. 0. 0. 0. 1. 0. 1. 1. 0. 1. 0. 0. 0. 0. 0. 0. 1. 1. 0. 0. 0. 0. 0.],7.0,best,100,1000,100,0.9,0.5,0.9,0.5,0.9,5,0.06,1,7,,problem_solving,10
46,-0.0072029649951850655,0.164439,0.0038092444479366273,0.6839999999999999,0.6867792372825696,1.6126420178715417,[0.         0.         0.         0.         0.88287017 0.         0.         0.         0.         0.         0.         0.         0.01188683 0.         0.01818686 0.05454677 0.         0.01083646 0.         0.         0.         0.         0.         0.         0.01083646 0.01083646 0.         0.         0.         0.         0.        ],[0. 0. 0. 0. 1. 0. 0. 0. 0. 0. 0. 0. 1. 0. 1. 1. 0. 1. 0. 0. 0. 0. 0. 0. 1. 1. 0. 0. 0. 0. 0.],7.0,best,100,1000,100,0.9,0.5,0.9,0.5,0.9,5,0.06,1,7,,problem_solving,10
47,-0.0072029649951850655,0.164439,0.0038092444479366273,0.688,0.6827542811744257,1.904216180624767,[0.         0.         0.         0.         0.88287017 0.         0.         0.         0.         0.         0.         0.         0.01188683 0.         0.01818686 0.05454677 0.         0.01083646 0.         0.         0.         0.         0.         0.         0.01083646 0.01083646 0.         0.         0.         0.         0.        ],[0. 0. 0. 0. 1. 0. 0. 0. 0. 0. 0. 0. 1. 0. 1. 1. 0. 1. 0. 0. 0. 0. 0. 0. 1. 1. 0. 0. 0. 0. 0.],7.0,best,100,1000,100,0.9,0.5,0.9,0.5,0.9,5,0.06,1,7,,problem_solving,10
48,-0.0072029649951850655,0.164439,0.0038092444479366273,0.692,0.6787529138278414,0.20807440197766625,[0.         0.         0.         0.         0.88287017 0.         0.         0.         0.         0.         0.         0.         0.01188683 0.         0.01818686 0.05454677 0.         0.01083646 0.         0.         0.         0.         0.         0.         0.01083646 0.01083646 0.         0.         0.         0.         0.        ],[0. 0. 0. 0. 1. 0. 0. 0. 0. 0. 0. 0. 1. 0. 1. 1. 0. 1. 0. 0. 0. 0. 0. 0. 1. 1. 0. 0. 0. 0. 0.],7.0,best,100,1000,100,0.9,0.5,0.9,0.5,0.9,5,0.06,1,7,,problem_solving,10
49,-0.0072029649951850655,0.164439,0.0038092444479366273,0.696,0.6747749969979128,-1.4456205499758203,[0.         0.         0.         0.         0.88287017 0.         0.         0.         0.         0.         0.         0.         0.01188683 0.         0.01818686 0.05454677 0.         0.01083646 0.         0.         0.         0.         0.         0.         0.01083646 0.01083646 0.         0.         0.         0.         0.        ],[0. 0. 0. 0. 1. 0. 0. 0. 0. 0. 0. 0. 1. 0. 1. 1. 0. 1. 0. 0. 0. 0. 0. 0. 1. 1. 0. 0. 0. 0. 0.],7.0,best,100,1000,100,0.9,0.5,0.9,0.5,0.9,5,0.06,1,7,,problem_solving,10
50,-0.0072029649951850655,0.164439,0.0038092444479366273,0.7,0.6708203932499369,-0.6141107646317047,[0.         0.         0.         0.         0.88287017 0.         0.         0.         0.         0.         0.         0.         0.01188683 0.         0.01818686 0.05454677 0.         0.01083646 0.         0.         0.         0.         0.         0.         0.01083646 0.01083646 0.         0.         0.         0.         0.        ],[0. 0. 0. 0. 1. 0. 0. 0. 0. 0. 0. 0. 1. 0. 1. 1. 0. 1. 0. 0. 0. 0. 0. 0. 1. 1. 0. 0. 0. 0. 0.],7.0,best,100,1000,100,0.9,0.5,0.9,0.5,0.9,5,0.06,1,7,,problem_solving,10
51,-0.008333724637967256,0.156086,0.0037051387123924933,0.704,0.6668889659546647,2.910379516877832,[0.         0.         0.01142325 0.         0.92750774 0.         0.         0.         0.01142325 0.         0.         0.         0.01236122 0.         0.         0.         0.         0.         0.         0.         0.01408579 0.         0.         0.         0.         0.         0.01201551 0.01118322 0.         0.         0.        ],[0. 0. 1. 0. 1. 0. 0. 0. 1. 0. 0. 0. 1. 0. 0. 0. 0. 0. 0. 0. 1. 0. 0. 0. 0. 0. 1. 1. 0. 0. 0.],7.0,best,100,1000,100,0.9,0.5,0.9,0.5,0.9,5,0.06,1,7,,problem_solving,10
52,-0.008333724637967256,0.156086,0.0037051387123924933,0.708,0.6629805792835798,5.3378810888950525,[0.         0.         0.01142325 0.         0.92750774 0.         0.         0.         0.01142325 0.         0.         0.         0.01236122 0.         0.         0.         0.         0.         0.         0.         0.01408579 0.         0.         0.         0.         0.         0.01201551 0.01118322 0.         0.         0.        ],[0. 0. 1. 0. 1. 0. 0. 0. 1. 0. 0. 0. 1. 0. 0. 0. 0. 0. 0. 0. 1. 0. 0. 0. 0. 0. 1. 1. 0. 0. 0.],7.0,best,100,1000,100,0.9,0.5,0.9,0.5,0.9,5,0.06,1,7,,problem_solving,10
53,-0.008333724637967256,0.156086,0.0037051387123924933,0.712,0.6590950982042058,-1.6503758526156174,[0.         0.         0.01142325 0.         0.92750774 0.         0.         0.         0.01142325 0.         0.         0.         0.01236122 0.         0.         0.         0.         0.         0.         0.         0.01408579 0.         0.         0.         0.         0.         0.01201551 0.01118322 0.         0.         0.        ],[0. 0. 1. 0. 1. 0. 0. 0. 1. 0. 0. 0. 1. 0. 0. 0. 0. 0. 0. 0. 1. 0. 0. 0. 0. 0. 1. 1. 0. 0. 0.],7.0,best,100,1000,100,0.9,0.5,0.9,0.5,0.9,5,0.06,1,7,,problem_solving,10
54,-0.008333724637967256,0.156086,0.0037051387123924933,0.716,0.6552323884754414,4.827514592983183,[0.         0.         0.01142325 0.         0.92750774 0.         0.         0.         0.01142325 0.         0.         0.         0.01236122 0.         0.         0.         0.         0.         0.         0.         0.01408579 0.         0.         0.         0.         0.         0.01201551 0.01118322 0.         0.         0.        ],[0. 0. 1. 0. 1. 0. 0. 0. 1. 0. 0. 0. 1. 0. 0. 0. 0. 0. 0. 0. 1. 0. 0. 0. 0. 0. 1. 1. 0. 0. 0.],7.0,best,100,1000,100,0.9,0.5,0.9,0.5,0.9,5,0.06,1,7,,problem_solving,10
55,-0.008333724637967256,0.156086,0.0037051387123924933,0.72,0.651392316642922,3.985710759174991,[0.         0.         0.01142325 0.         0.92750774 0.         0.         0.         0.01142325 0.         0.         0.         0.01236122 0.         0.         0.         0.         0.         0.         0.         0.01408579 0.         0.         0.         0.         0.         0.01201551 0.01118322 0.         0.         0.        ],[0. 0. 1. 0. 1. 0. 0. 0. 1. 0. 0. 0. 1. 0. 0. 0. 0. 0. 0. 0. 1. 0. 0. 0. 0. 0. 1. 1. 0. 0. 0.],7.0,best,100,1000,100,0.9,0.5,0.9,0.5,0.9,5,0.06,1,7,,problem_solving,10
56,-0.008333724637967256,0.156086,0.0037051387123924933,0.724,0.6475747500344088,2.441494913820539,[0.         0.         0.01142325 0.         0.92750774 0.         0.         0.         0.01142325 0.         0.         0.         0.01236122 0.         0.         0.         0.         0.         0.         0.         0.01408579 0.         0.         0.         0.         0.         0.01201551 0.01118322 0.         0.         0.        ],[0. 0. 1. 0. 1. 0. 0. 0. 1. 0. 0. 0. 1. 0. 0. 0. 0. 0. 0. 0. 1. 0. 0. 0. 0. 0. 1. 1. 0. 0. 0.],7.0,best,100,1000,100,0.9,0.5,0.9,0.5,0.9,5,0.06,1,7,,problem_solving,10
57,-0.008333724637967256,0.156086,0.0037051387123924933,0.728,0.6437795567552059,1.6033482927983618,[0.         0.         0.01142325 0.         0.92750774 0.         0.         0.         0.01142325 0.         0.         0.         0.01236122 0.         0.         0.         0.         0.         0.         0.         0.01408579 0.         0.         0.         0.         0.         0.01201551 0.01118322 0.         0.         0.        ],[0. 0. 1. 0. 1. 0. 0. 0. 1. 0. 0. 0. 1. 0. 0. 0. 0. 0. 0. 0. 1. 0. 0. 0. 0. 0. 1. 1. 0. 0. 0.],7.0,best,100,1000,100,0.9,0.5,0.9,0.5,0.9,5,0.06,1,7,,problem_solving,10
58,-0.008333724637967256,0.156086,0.0037051387123924933,0.732,0.6400066056836028,-0.4068193583820902,[0.         0.         0.01142325 0.         0.92750774 0.         0.         0.         0.01142325 0.         0.         0.         0.01236122 0.         0.         0.         0.         0.         0.         0.         0.01408579 0.         0.         0.         0.         0.         0.01201551 0.01118322 0.         0.         0.        ],[0. 0. 1. 0. 1. 0. 0. 0. 1. 0. 0. 0. 1. 0. 0. 0. 0. 0. 0. 0. 1. 0. 0. 0. 0. 0. 1. 1. 0. 0. 0.],7.0,best,100,1000,100,0.9,0.5,0.9,0.5,0.9,5,0.06,1,7,,problem_solving,10
59,-0.008333724637967256,0.156086,0.0037051387123924933,0.736,0.6362557664663436,-1.8352434704323928,[0.         0.         0.01142325 0.         0.92750774 0.         0.         0.         0.01142325 0.         0.         0.         0.01236122 0.         0.         0.         0.         0.         0.         0.         0.01408579 0.         0.         0.         0.         0.         0.01201551 0.01118322 0.         0.         0.        ],[0. 0. 1. 0. 1. 0. 0. 0. 1. 0. 0. 0. 1. 0. 0. 0. 0. 0. 0. 0. 1. 0. 0. 0. 0. 0. 1. 1. 0. 0. 0.],7.0,best,100,1000,100,0.9,0.5,0.9,0.5,0.9,5,0.06,1,7,,problem_solving,10
60,-0.008333724637967256,0.156086,0.0037051387123924933,0.74,0.6325269095141249,2.2175348198282534,[0.         0.         0.01142325 0.         0.92750774 0.         0.         0.         0.01142325 0.         0.         0.         0.01236122 0.         0.         0.         0.         0.         0.         0.         0.01408579 0.         0.         0.         0.         0.         0.01201551 0.01118322 0.         0.         0.        ],[0. 0. 1. 0. 1. 0. 0. 0. 1. 0. 0. 0. 1. 0. 0. 0. 0. 0. 0. 0. 1. 0. 0. 0. 0. 0. 1. 1. 0. 0. 0.],7.0,best,100,1000,100,0.9,0.5,0.9,0.5,0.9,5,0.06,1,7,,problem_solving,10
61,-0.008333724637967256,0.156086,0.0037051387123924933,0.744,0.6288199059971172,3.6231419442530046,[0.         0.         0.01142325 0.         0.92750774 0.         0.         0.         0.01142325 0.         0.         0.         0.01236122 0.         0.         0.         0.         0.         0.         0.         0.01408579 0.         0.         0.         0.         0.         0.01201551 0.01118322 0.         0.         0.        ],[0. 0. 1. 0. 1. 0. 0. 0. 1. 0. 0. 0. 1. 0. 0. 0. 0. 0. 0. 0. 1. 0. 0. 0. 0. 0. 1. 1. 0. 0. 0.],7.0,best,100,1000,100,0.9,0.5,0.9,0.5,0.9,5,0.06,1,7,,problem_solving,10
62,-0.008333724637967256,0.156086,0.0037051387123924933,0.748,0.6251346278405147,1.2020014533176329,[0.         0.         0.01142325 0.         0.92750774 0.         0.         0.         0.01142325 0.         0.         0.         0.01236122 0.         0.         0.         0.         0.         0.         0.         0.01408579 0.         0.         0.         0.         0.         0.01201551 0.01118322 0.         0.         0.        ],[0. 0. 1. 0. 1. 0. 0. 0. 1. 0. 0. 0. 1. 0. 0. 0. 0. 0. 0. 0. 1. 0. 0. 0. 0. 0. 1. 1. 0. 0. 0.],7.0,best,100,1000,100,0.9,0.5,0.9,0.5,0.9,5,0.06,1,7,,problem_solving,10
63,-0.008333724637967256,0.156086,0.0037051387123924933,0.752,0.6214709477201097,-1.910753100052496,[0.         0.         0.01142325 0.         0.92750774 0.         0.         0.         0.01142325 0.         0.         0.         0.01236122 0.         0.         0.         0.         0.         0.         0.         0.01408579 0.         0.         0.         0.         0.         0.01201551 0.01118322 0.         0.         0.        ],[0. 0. 1. 0. 1. 0. 0. 0. 1. 0. 0. 0. 1. 0. 0. 0. 0. 0. 0. 0. 1. 0. 0. 0. 0. 0. 1. 1. 0. 0. 0.],7.0,best,100,1000,100,0.9,0.5,0.9,0.5,0.9,5,0.06,1,7,,problem_solving,10
64,-0.008333724637967256,0.156086,0.0037051387123924933,0.756,0.6178287390578946,-3.3810076131867475,[0.         0.         0.01142325 0.         0.92750774 0.         0.         0.         0.01142325 0.         0.         0.         0.01236122 0.         0.         0.         0.         0.         0.         0.         0.01408579 0.         0.         0.         0.         0.         0.01201551 0.01118322 0.         0.         0.        ],[0. 0. 1. 0. 1. 0. 0. 0. 1. 0. 0. 0. 1. 0. 0. 0. 0. 0. 0. 0. 1. 0. 0. 0. 0. 0. 1. 1. 0. 0. 0.],7.0,best,100,1000,100,0.9,0.5,0.9,0.5,0.9,5,0.06,1,7,,problem_solving,10
65,-0.008333724637967256,0.156086,0.0037051387123924933,0.76,0.6142078760176876,-2.867416013818352,[0.         0.         0.01142325 0.         0.92750774 0.         0.         0.         0.01142325 0.         0.         0.         0.01236122 0.         0.         0.         0.         0.         0.         0.         0.01408579 0.         0.         0.         0.         0.         0.01201551 0.01118322 0.         0.         0.        ],[0. 0. 1. 0. 1. 0. 0. 0. 1. 0. 0. 0. 1. 0. 0. 0. 0. 0. 0. 0. 1. 0. 0. 0. 0. 0. 1. 1. 0. 0. 0.],7.0,best,100,1000,100,0.9,0.5,0.9,0.5,0.9,5,0.06,1,7,,problem_solving,10
66,-0.008333724637967256,0.156086,0.0037051387123924933,0.764,0.6106082335007861,-1.1847383160025302,[0.         0.         0.01142325 0.         0.92750774 0.         0.         0.         0.01142325 0.         0.         0.         0.01236122 0.         0.         0.         0.         0.         0.         0.         0.01408579 0.         0.         0.         0.         0.         0.01201551 0.01118322 0.         0.         0.        ],[0. 0. 1. 0. 1. 0. 0. 0. 1. 0. 0. 0. 1. 0. 0. 0. 0. 0. 0. 0. 1. 0. 0. 0. 0. 0. 1. 1. 0. 0. 0.],7.0,best,100,1000,100,0.9,0.5,0.9,0.5,0.9,5,0.06,1,7,,problem_solving,10
67,-0.008333724637967256,0.156086,0.0037051387123924933,0.768,0.6070296871416437,-1.6304735625319167,[0.         0.         0.01142325 0.         0.92750774 0.         0.         0.         0.01142325 0.         0.         0.         0.01236122 0.         0.         0.         0.         0.         0.         0.         0.01408579 0.         0.         0.         0.         0.         0.01201551 0.01118322 0.         0.         0.        ],[0. 0. 1. 0. 1. 0. 0. 0. 1. 0. 0. 0. 1. 0. 0. 0. 0. 0. 0. 0. 1. 0. 0. 0. 0. 0. 1. 1. 0. 0. 0.],7.0,best,100,1000,100,0.9,0.5,0.9,0.5,0.9,5,0.06,1,7,,problem_solving,10
68,-0.008333724637967256,0.156086,0.0037051387123924933,0.772,0.6034721133035746,-2.715592680688324,[0.         0.         0.01142325 0.         0.92750774 0.         0.         0.         0.01142325 0.         0.         0.         0.01236122 0.         0.         0.         0.         0.         0.         0.         0.01408579 0.         0.         0.         0.         0.         0.01201551 0.01118322 0.         0.         0.        ],[0. 0. 1. 0. 1. 0. 0. 0. 1. 0. 0. 0. 1. 0. 0. 0. 0. 0. 0. 0. 1. 0. 0. 0. 0. 0. 1. 1. 0. 0. 0.],7.0,best,100,1000,100,0.9,0.5,0.9,0.5,0.9,5,0.06,1,7,,problem_solving,10
69,-0.008333724637967256,0.156086,0.0037051387123924933,0.776,0.5999353890744809,-3.202375960297889,[0.         0.         0.01142325 0.         0.92750774 0.         0.         0.         0.01142325 0.         0.         0.         0.01236122 0.         0.         0.         0.         0.         0.         0.         0.01408579 0.         0.         0.         0.         0.         0.01201551 0.01118322 0.         0.         0.        ],[0. 0. 1. 0. 1. 0. 0. 0. 1. 0. 0. 0. 1. 0. 0. 0. 0. 0. 0. 0. 1. 0. 0. 0. 0. 0. 1. 1. 0. 0. 0.],7.0,best,100,1000,100,0.9,0.5,0.9,0.5,0.9,5,0.06,1,7,,problem_solving,10
70,-0.008333724637967256,0.156086,0.0037051387123924933,0.78,0.5964193922626064,1.267122440617747,[0.         0.         0.01142325 0.         0.92750774 0.         0.         0.         0.01142325 0.         0.         0.         0.01236122 0.         0.         0.         0.         0.         0.         0.         0.01408579 0.         0.         0.         0.         0.         0.01201551 0.01118322 0.         0.         0.        ],[0. 0. 1. 0. 1. 0. 0. 0. 1. 0. 0. 0. 1. 0. 0. 0. 0. 0. 0. 0. 1. 0. 0. 0. 0. 0. 1. 1. 0. 0. 0.],7.0,best,100,1000,100,0.9,0.5,0.9,0.5,0.9,5,0.06,1,7,,problem_solving,10
71,-0.008333724637967256,0.156086,0.0037051387123924933,0.784,0.5929240013923155,0.7317085735514793,[0.         0.         0.01142325 0.         0.92750774 0.         0.         0.         0.01142325 0.         0.         0.         0.01236122 0.         0.         0.         0.         0.         0.         0.         0.01408579 0.         0.         0.         0.         0.         0.01201551 0.01118322 0.         0.         0.        ],[0. 0. 1. 0. 1. 0. 0. 0. 1. 0. 0. 0. 1. 0. 0. 0. 0. 0. 0. 0. 1. 0. 0. 0. 0. 0. 1. 1. 0. 0. 0.],7.0,best,100,1000,100,0.9,0.5,0.9,0.5,0.9,5,0.06,1,7,,problem_solving,10
72,-0.008333724637967256,0.156086,0.0037051387123924933,0.788,0.5894490956998952,0.6674771386063403,[0.         0.         0.01142325 0.         0.92750774 0.         0.         0.         0.01142325 0.         0.         0.         0.01236122 0.         0.         0.         0.         0.         0.         0.         0.01408579 0.         0.         0.         0.         0.         0.01201551 0.01118322 0.         0.         0.        ],[0. 0. 1. 0. 1. 0. 0. 0. 1. 0. 0. 0. 1. 0. 0. 0. 0. 0. 0. 0. 1. 0. 0. 0. 0. 0. 1. 1. 0. 0. 0.],7.0,best,100,1000,100,0.9,0.5,0.9,0.5,0.9,5,0.06,1,7,,problem_solving,10
73,-0.008333724637967256,0.156086,0.0037051387123924933,0.792,0.5859945551293841,-2.145754322741191,[0.         0.         0.01142325 0.         0.92750774 0.         0.         0.         0.01142325 0.         0.         0.         0.01236122 0.         0.         0.         0.         0.         0.         0.         0.01408579 0.         0.         0.         0.         0.         0.01201551 0.01118322 0.         0.         0.        ],[0. 0. 1. 0. 1. 0. 0. 0. 1. 0. 0. 0. 1. 0. 0. 0. 0. 0. 0. 0. 1. 0. 0. 0. 0. 0. 1. 1. 0. 0. 0.],7.0,best,100,1000,100,0.9,0.5,0.9,0.5,0.9,5,0.06,1,7,,problem_solving,10
74,-0.008333724637967256,0.156086,0.0037051387123924933,0.796,0.5825602603284237,-1.908698539215875,[0.         0.         0.01142325 0.         0.92750774 0.         0.         0.         0.01142325 0.         0.         0.         0.01236122 0.         0.         0.         0.         0.         0.         0.         0.01408579 0.         0.         0.         0.         0.         0.01201551 0.01118322 0.         0.         0.        ],[0. 0. 1. 0. 1. 0. 0. 0. 1. 0. 0. 0. 1. 0. 0. 0. 0. 0. 0. 0. 1. 0. 0. 0. 0. 0. 1. 1. 0. 0. 0.],7.0,best,100,1000,100,0.9,0.5,0.9,0.5,0.9,5,0.06,1,7,,problem_solving,10
75,-0.008333724637967256,0.156086,0.0037051387123924933,0.8,0.5791460926441345,-0.06364590424045595,[0.         0.         0.01142325 0.         0.92750774 0.         0.         0.         0.01142325 0.         0.         0.         0.01236122 0.         0.         0.         0.         0.         0.         0.         0.01408579 0.         0.         0.         0.         0.         0.01201551 0.01118322 0.         0.         0.        ],[0. 0. 1. 0. 1. 0. 0. 0. 1. 0. 0. 0. 1. 0. 0. 0. 0. 0. 0. 0. 1. 0. 0. 0. 0. 0. 1. 1. 0. 0. 0.],7.0,best,100,1000,100,0.9,0.5,0.9,0.5,0.9,5,0.06,1,7,,problem_solving,10
76,-0.008333724637967256,0.156086,0.0037051387123924933,0.804,0.5757519341190179,7.6243406489538135,[0.         0.         0.01142325 0.         0.92750774 0.         0.         0.         0.01142325 0.         0.         0.         0.01236122 0.         0.         0.         0.         0.         0.         0.         0.01408579 0.         0.         0.         0.         0.         0.01201551 0.01118322 0.         0.         0.        ],[0. 0. 1. 0. 1. 0. 0. 0. 1. 0. 0. 0. 1. 0. 0. 0. 0. 0. 0. 0. 1. 0. 0. 0. 0. 0. 1. 1. 0. 0. 0.],7.0,best,100,1000,100,0.9,0.5,0.9,0.5,0.9,5,0.06,1,7,,problem_solving,10
77,-0.008333724637967256,0.156086,0.0037051387123924933,0.808,0.5723776674868795,0.8859391648608468,[0.         0.         0.01142325 0.         0.92750774 0.         0.         0.         0.01142325 0.         0.         0.         0.01236122 0.         0.         0.         0.         0.         0.         0.         0.01408579 0.         0.         0.         0.         0.         0.01201551 0.01118322 0.         0.         0.        ],[0. 0. 1. 0. 1. 0. 0. 0. 1. 0. 0. 0. 1. 0. 0. 0. 0. 0. 0. 0. 1. 0. 0. 0. 0. 0. 1. 1. 0. 0. 0.],7.0,best,100,1000,100,0.9,0.5,0.9,0.5,0.9,5,0.06,1,7,,problem_solving,10
78,-0.008333724637967256,0.156086,0.0037051387123924933,0.812,0.5690231761687783,0.7147439175590002,[0.         0.         0.01142325 0.         0.92750774 0.         0.         0.         0.01142325 0.         0.         0.         0.01236122 0.         0.         0.         0.         0.         0.         0.         0.01408579 0.         0.         0.         0.         0.         0.01201551 0.01118322 0.         0.         0.        ],[0. 0. 1. 0. 1. 0. 0. 0. 1. 0. 0. 0. 1. 0. 0. 0. 0. 0. 0. 0. 1. 0. 0. 0. 0. 0. 1. 1. 0. 0. 0.],7.0,best,100,1000,100,0.9,0.5,0.9,0.5,0.9,5,0.06,1,7,,problem_solving,10
79,-0.008333724637967256,0.156086,0.0037051387123924933,0.8160000000000001,0.5656883442689988,1.914508219620544,[0.         0.         0.01142325 0.         0.92750774 0.         0.         0.         0.01142325 0.         0.         0.         0.01236122 0.         0.         0.         0.         0.         0.         0.         0.01408579 0.         0.         0.         0.         0.         0.01201551 0.01118322 0.         0.         0.        ],[0. 0. 1. 0. 1. 0. 0. 0. 1. 0. 0. 0. 1. 0. 0. 0. 0. 0. 0. 0. 1. 0. 0. 0. 0. 0. 1. 1. 0. 0. 0.],7.0,best,100,1000,100,0.9,0.5,0.9,0.5,0.9,5,0.06,1,7,,problem_solving,10
80,-0.008333724637967256,0.156086,0.0037051387123924933,0.8200000000000001,0.5623730565710474,-0.876574519351125,[0.         0.         0.01142325 0.         0.92750774 0.         0.         0.         0.01142325 0.         0.         0.         0.01236122 0.         0.         0.         0.         0.         0.         0.         0.01408579 0.         0.         0.         0.         0.         0.01201551 0.01118322 0.         0.         0.        ],[0. 0. 1. 0. 1. 0. 0. 0. 1. 0. 0. 0. 1. 0. 0. 0. 0. 0. 0. 0. 1. 0. 0. 0. 0. 0. 1. 1. 0. 0. 0.],7.0,best,100,1000,100,0.9,0.5,0.9,0.5,0.9,5,0.06,1,7,,problem_solving,10
81,-0.008333724637967256,0.156086,0.0037051387123924933,0.8240000000000001,0.5590771985336705,0.336886499450536,[0.         0.         0.01142325 0.         0.92750774 0.         0.         0.         0.01142325 0.         0.         0.         0.01236122 0.         0.         0.         0.         0.         0.         0.         0.01408579 0.         0.         0.         0.         0.         0.01201551 0.01118322 0.         0.         0.        ],[0. 0. 1. 0. 1. 0. 0. 0. 1. 0. 0. 0. 1. 0. 0. 0. 0. 0. 0. 0. 1. 0. 0. 0. 0. 0. 1. 1. 0. 0. 0.],7.0,best,100,1000,100,0.9,0.5,0.9,0.5,0.9,5,0.06,1,7,,problem_solving,10
82,-0.008333724637967256,0.156086,0.0037051387123924933,0.8280000000000001,0.5558006562868987,0.9187654594810192,[0.         0.         0.01142325 0.         0.92750774 0.         0.         0.         0.01142325 0.         0.         0.         0.01236122 0.         0.         0.         0.         0.         0.         0.         0.01408579 0.         0.         0.         0.         0.         0.01201551 0.01118322 0.         0.         0.        ],[0. 0. 1. 0. 1. 0. 0. 0. 1. 0. 0. 0. 1. 0. 0. 0. 0. 0. 0. 0. 1. 0. 0. 0. 0. 0. 1. 1. 0. 0. 0.],7.0,best,100,1000,100,0.9,0.5,0.9,0.5,0.9,5,0.06,1,7,,problem_solving,10
83,-0.008333724637967256,0.156086,0.0037051387123924933,0.8320000000000001,0.5525433166281111,5.114245562869742,[0.         0.         0.01142325 0.         0.92750774 0.         0.         0.         0.01142325 0.         0.         0.         0.01236122 0.         0.         0.         0.         0.         0.         0.         0.01408579 0.         0.         0.         0.         0.         0.01201551 0.01118322 0.         0.         0.        ],[0. 0. 1. 0. 1. 0. 0. 0. 1. 0. 0. 0. 1. 0. 0. 0. 0. 0. 0. 0. 1. 0. 0. 0. 0. 0. 1. 1. 0. 0. 0.],7.0,best,100,1000,100,0.9,0.5,0.9,0.5,0.9,5,0.06,1,7,,problem_solving,10
84,-0.008333724637967256,0.156086,0.0037051387123924933,0.8360000000000001,0.5493050670181254,3.8138535047430433,[0.         0.         0.01142325 0.         0.92750774 0.         0.         0.         0.01142325 0.         0.         0.         0.01236122 0.         0.         0.         0.         0.         0.         0.         0.01408579 0.         0.         0.         0.         0.         0.01201551 0.01118322 0.         0.         0.        ],[0. 0. 1. 0. 1. 0. 0. 0. 1. 0. 0. 0. 1. 0. 0. 0. 0. 0. 0. 0. 1. 0. 0. 0. 0. 0. 1. 1. 0. 0. 0.],7.0,best,100,1000,100,0.9,0.5,0.9,0.5,0.9,5,0.06,1,7,,problem_solving,10
85,-0.008333724637967256,0.156086,0.0037051387123924933,0.8400000000000001,0.5460857955773096,-0.3821693729028106,[0.         0.         0.01142325 0.         0.92750774 0.         0.         0.         0.01142325 0.         0.         0.         0.01236122 0.         0.         0.         0.         0.         0.         0.         0.01408579 0.         0.         0.         0.         0.         0.01201551 0.01118322 0.         0.         0.        ],[0. 0. 1. 0. 1. 0. 0. 0. 1. 0. 0. 0. 1. 0. 0. 0. 0. 0. 0. 0. 1. 0. 0. 0. 0. 0. 1. 1. 0. 0. 0.],7.0,best,100,1000,100,0.9,0.5,0.9,0.5,0.9,5,0.06,1,7,,problem_solving,10
86,-0.008333724637967256,0.156086,0.0037051387123924933,0.8440000000000001,0.542885391081716,-3.5176268266438395,[0.         0.         0.01142325 0.         0.92750774 0.         0.         0.         0.01142325 0.         0.         0.         0.01236122 0.         0.         0.         0.         0.         0.         0.         0.01408579 0.         0.         0.         0.         0.         0.01201551 0.01118322 0.         0.         0.        ],[0. 0. 1. 0. 1. 0. 0. 0. 1. 0. 0. 0. 1. 0. 0. 0. 0. 0. 0. 0. 1. 0. 0. 0. 0. 0. 1. 1. 0. 0. 0.],7.0,best,100,1000,100,0.9,0.5,0.9,0.5,0.9,5,0.06,1,7,,problem_solving,10
87,-0.008333724637967256,0.156086,0.0037051387123924933,0.8480000000000001,0.5397037429592386,-2.9928374862782032,[0.         0.         0.01142325 0.         0.92750774 0.         0.         0.         0.01142325 0.         0.         0.         0.01236122 0.         0.         0.         0.         0.         0.         0.         0.01408579 0.         0.         0.         0.         0.         0.01201551 0.01118322 0.         0.         0.        ],[0. 0. 1. 0. 1. 0. 0. 0. 1. 0. 0. 0. 1. 0. 0. 0. 0. 0. 0. 0. 1. 0. 0. 0. 0. 0. 1. 1. 0. 0. 0.],7.0,best,100,1000,100,0.9,0.5,0.9,0.5,0.9,5,0.06,1,7,,problem_solving,10
88,-0.008333724637967256,0.156086,0.0037051387123924933,0.852,0.5365407412857937,2.6504932280942213,[0.         0.         0.01142325 0.         0.92750774 0.         0.         0.         0.01142325 0.         0.         0.         0.01236122 0.         0.         0.         0.         0.         0.         0.         0.01408579 0.         0.         0.         0.         0.         0.01201551 0.01118322 0.         0.         0.        ],[0. 0. 1. 0. 1. 0. 0. 0. 1. 0. 0. 0. 1. 0. 0. 0. 0. 0. 0. 0. 1. 0. 0. 0. 0. 0. 1. 1. 0. 0. 0.],7.0,best,100,1000,100,0.9,0.5,0.9,0.5,0.9,5,0.06,1,7,,problem_solving,10
89,-0.008333724637967256,0.156086,0.0037051387123924933,0.856,0.5333962767815211,1.4260924771891053,[0.         0.         0.01142325 0.         0.92750774 0.         0.         0.         0.01142325 0.         0.         0.         0.01236122 0.         0.         0.         0.         0.         0.         0.         0.01408579 0.         0.         0.         0.         0.         0.01201551 0.01118322 0.         0.         0.        ],[0. 0. 1. 0. 1. 0. 0. 0. 1. 0. 0. 0. 1. 0. 0. 0. 0. 0. 0. 0. 1. 0. 0. 0. 0. 0. 1. 1. 0. 0. 0.],7.0,best,100,1000,100,0.9,0.5,0.9,0.5,0.9,5,0.06,1,7,,problem_solving,10
90,-0.008333724637967256,0.156086,0.0037051387123924933,0.86,0.5302702408070095,-1.606409846836682,[0.         0.         0.01142325 0.         0.92750774 0.         0.         0.         0.01142325 0.         0.         0.         0.01236122 0.         0.         0.         0.         0.         0.         0.         0.01408579 0.         0.         0.         0.         0.         0.01201551 0.01118322 0.         0.         0.        ],[0. 0. 1. 0. 1. 0. 0. 0. 1. 0. 0. 0. 1. 0. 0. 0. 0. 0. 0. 0. 1. 0. 0. 0. 0. 0. 1. 1. 0. 0. 0.],7.0,best,100,1000,100,0.9,0.5,0.9,0.5,0.9,5,0.06,1,7,,problem_solving,10
91,-0.008333724637967256,0.156086,0.0037051387123924933,0.864,0.5271625253595416,-5.021166652763689,[0.         0.         0.01142325 0.         0.92750774 0.         0.         0.         0.01142325 0.         0.         0.         0.01236122 0.         0.         0.         0.         0.         0.         0.         0.01408579 0.         0.         0.         0.         0.         0.01201551 0.01118322 0.         0.         0.        ],[0. 0. 1. 0. 1. 0. 0. 0. 1. 0. 0. 0. 1. 0. 0. 0. 0. 0. 0. 0. 1. 0. 0. 0. 0. 0. 1. 1. 0. 0. 0.],7.0,best,100,1000,100,0.9,0.5,0.9,0.5,0.9,5,0.06,1,7,,problem_solving,10
92,-0.008333724637967256,0.156086,0.0037051387123924933,0.868,0.5240730230693645,0.4675706286244656,[0.         0.         0.01142325 0.         0.92750774 0.         0.         0.         0.01142325 0.         0.         0.         0.01236122 0.         0.         0.         0.         0.         0.         0.         0.01408579 0.         0.         0.         0.         0.         0.01201551 0.01118322 0.         0.         0.        ],[0. 0. 1. 0. 1. 0. 0. 0. 1. 0. 0. 0. 1. 0. 0. 0. 0. 0. 0. 0. 1. 0. 0. 0. 0. 0. 1. 1. 0. 0. 0.],7.0,best,100,1000,100,0.9,0.5,0.9,0.5,0.9,5,0.06,1,7,,problem_solving,10
93,-0.008333724637967256,0.156086,0.0037051387123924933,0.872,0.5210016271959791,2.249341726685871,[0.         0.         0.01142325 0.         0.92750774 0.         0.         0.         0.01142325 0.         0.         0.         0.01236122 0.         0.         0.         0.         0.         0.         0.         0.01408579 0.         0.         0.         0.         0.         0.01201551 0.01118322 0.         0.         0.        ],[0. 0. 1. 0. 1. 0. 0. 0. 1. 0. 0. 0. 1. 0. 0. 0. 0. 0. 0. 0. 1. 0. 0. 0. 0. 0. 1. 1. 0. 0. 0.],7.0,best,100,1000,100,0.9,0.5,0.9,0.5,0.9,5,0.06,1,7,,problem_solving,10
94,-0.008333724637967256,0.156086,0.0037051387123924933,0.876,0.5179482316244518,-1.864042711974822,[0.         0.         0.01142325 0.         0.92750774 0.         0.         0.         0.01142325 0.         0.         0.         0.01236122 0.         0.         0.         0.         0.         0.         0.         0.01408579 0.         0.         0.         0.         0.         0.01201551 0.01118322 0.         0.         0.        ],[0. 0. 1. 0. 1. 0. 0. 0. 1. 0. 0. 0. 1. 0. 0. 0. 0. 0. 0. 0. 1. 0. 0. 0. 0. 0. 1. 1. 0. 0. 0.],7.0,best,100,1000,100,0.9,0.5,0.9,0.5,0.9,5,0.06,1,7,,problem_solving,10
95,-0.008333724637967256,0.156086,0.0037051387123924933,0.88,0.5149127308617497,-0.8379672024938659,[0.         0.         0.01142325 0.         0.92750774 0.         0.         0.         0.01142325 0.         0.         0.         0.01236122 0.         0.         0.         0.         0.         0.         0.         0.01408579 0.         0.         0.         0.         0.         0.01201551 0.01118322 0.         0.         0.        ],[0. 0. 1. 0. 1. 0. 0. 0. 1. 0. 0. 0. 1. 0. 0. 0. 0. 0. 0. 0. 1. 0. 0. 0. 0. 0. 1. 1. 0. 0. 0.],7.0,best,100,1000,100,0.9,0.5,0.9,0.5,0.9,5,0.06,1,7,,problem_solving,10
96,-0.008333724637967256,0.156086,0.0037051387123924933,0.884,0.5118950200330946,3.9969135869242187,[0.         0.         0.01142325 0.         0.92750774 0.         0.         0.         0.01142325 0.         0.         0.         0.01236122 0.         0.         0.         0.         0.         0.         0.         0.01408579 0.         0.         0.         0.         0.         0.01201551 0.01118322 0.         0.         0.        ],[0. 0. 1. 0. 1. 0. 0. 0. 1. 0. 0. 0. 1. 0. 0. 0. 0. 0. 0. 0. 1. 0. 0. 0. 0. 0. 1. 1. 0. 0. 0.],7.0,best,100,1000,100,0.9,0.5,0.9,0.5,0.9,5,0.06,1,7,,problem_solving,10
97,-0.008333724637967256,0.156086,0.0037051387123924933,0.888,0.5088949948783402,1.247583042381409,[0.         0.         0.01142325 0.         0.92750774 0.         0.         0.         0.01142325 0.         0.         0.         0.01236122 0.         0.         0.         0.         0.         0.         0.         0.01408579 0.         0.         0.         0.         0.         0.01201551 0.01118322 0.         0.         0.        ],[0. 0. 1. 0. 1. 0. 0. 0. 1. 0. 0. 0. 1. 0. 0. 0. 0. 0. 0. 0. 1. 0. 0. 0. 0. 0. 1. 1. 0. 0. 0.],7.0,best,100,1000,100,0.9,0.5,0.9,0.5,0.9,5,0.06,1,7,,problem_solving,10
98,-0.008333724637967256,0.156086,0.0037051387123924933,0.892,0.5059125517483702,1.1109389723812713,[0.         0.         0.01142325 0.         0.92750774 0.         0.         0.         0.01142325 0.         0.         0.         0.01236122 0.         0.         0.         0.         0.         0.         0.         0.01408579 0.         0.         0.         0.         0.         0.01201551 0.01118322 0.         0.         0.        ],[0. 0. 1. 0. 1. 0. 0. 0. 1. 0. 0. 0. 1. 0. 0. 0. 0. 0. 0. 0. 1. 0. 0. 0. 0. 0. 1. 1. 0. 0. 0.],7.0,best,100,1000,100,0.9,0.5,0.9,0.5,0.9,5,0.06,1,7,,problem_solving,10
99,-0.008333724637967256,0.156086,0.0037051387123924933,0.896,0.5029475876015165,-1.6471633299114565,[0.         0.         0.01142325 0.         0.92750774 0.         0.         0.         0.01142325 0.         0.         0.         0.01236122 0.         0.         0.         0.         0.         0.         0.         0.01408579 0.         0.         0.         0.         0.         0.01201551 0.01118322 0.         0.         0.        ],[0. 0. 1. 0. 1. 0. 0. 0. 1. 0. 0. 0. 1. 0. 0. 0. 0. 0. 0. 0. 1. 0. 0. 0. 0. 0. 1. 1. 0. 0. 0.],7.0,best,100,1000,100,0.9,0.5,0.9,0.5,0.9,5,0.06,1,7,,problem_solving,10
