iter,cost,risk,return,par,bw,move,X,Z,Q,pop_init,max_iter,pop_size,mem_size,mem_consider,par_min,par_max,bw_min,bw_max,sigma,lambda,port_n,k,seed,tag,local_search
1,0.0391266297983465,0.18217,0.003036960099896775,0.5004,0.8994711474430547,8.194553104572512,[0.         0.01326572 0.         0.         0.         0.         0.         0.         0.         0.         0.         0.         0.         0.         0.         0.         0.01326572 0.         0.         0.         0.01402205 0.         0.01414751 0.         0.01326572 0.90393388 0.01326572 0.         0.         0.         0.01483368],[0. 1. 0. 0. 0. 0. 0. 0. 0. 0. 0. 0. 0. 0. 0. 0. 1. 0. 0. 0. 1. 0. 1. 0. 1. 1. 1. 0. 0. 0. 1.],8.0,best,1000,1000,100,0.9,0.5,0.9,0.5,0.9,5,0.83,1,8,,run_04,10
10,0.017898033092427445,0.181843,0.003841820398604882,0.504,0.894725436791504,4.68695483128013,[0.         0.01193926 0.         0.         0.01183589 0.         0.         0.01119323 0.01119323 0.         0.         0.         0.         0.         0.         0.01183589 0.         0.01183589 0.         0.         0.         0.         0.         0.         0.         0.         0.         0.91011958 0.         0.         0.02004704],[0. 1. 0. 0. 1. 0. 0. 1. 1. 0. 0. 0. 0. 0. 0. 1. 0. 1. 0. 0. 0. 0. 0. 0. 0. 0. 0. 1. 0. 0. 1.],8.0,best,1000,1000,100,0.9,0.5,0.9,0.5,0.9,5,0.83,1,8,,run_04,10
20,0.017898033092427445,0.181843,0.003841820398604882,0.508,0.8894817858241639,-1.9459837439887002,[0.         0.01193926 0.         0.         0.01183589 0.         0.         0.01119323 0.01119323 0.         0.         0.         0.         0.         0.         0.01183589 0.         0.01183589 0.         0.         0.         0.         0.         0.         0.         0.         0.         0.91011958 0.         0.         0.02004704],[0. 1. 0. 0. 1. 0. 0. 1. 1. 0. 0. 0. 0. 0. 0. 1. 0. 1. 0. 0. 0. 0. 0. 0. 0. 0. 0. 1. 0. 0. 1.],8.0,best,1000,1000,100,0.9,0.5,0.9,0.5,0.9,5,0.83,1,8,,run_04,10
30,0.017898033092427445,0.181843,0.003841820398604882,0.512,0.8842688659329022,-1.4476144420112238,[0.         0.01193926 0.         0.         0.01183589 0.         0.         0.01119323 0.01119323 0.         0.         0.         0.         0.         0.         0.01183589 0.         0.01183589 0.         0.         0.         0.         0.         0.         0.         0.         0.         0.91011958 0.         0.         0.02004704],[0. 1. 0. 0. 1. 0. 0. 1. 1. 0. 0. 0. 0. 0. 0. 1. 0. 1. 0. 0. 0. 0. 0. 0. 0. 0. 0. 1. 0. 0. 1.],8.0,best,1000,1000,100,0.9,0.5,0.9,0.5,0.9,5,0.83,1,8,,run_04,10
40,0.017898033092427445,0.181843,0.003841820398604882,0.516,0.879086497014382,2.605407747080425,[0.         0.01193926 0.         0.         0.01183589 0.         0.         0.01119323 0.01119323 0.         0.         0.         0.         0.         0.         0.01183589 0.         0.01183589 0.         0.         0.         0.         0.         0.         0.         0.         0.         0.91011958 0.         0.         0.02004704],[0. 1. 0. 0. 1. 0. 0. 1. 1. 0. 0. 0. 0. 0. 0. 1. 0. 1. 0. 0. 0. 0. 0. 0. 0. 0. 0. 1. 0. 0. 1.],8.0,best,1000,1000,100,0.9,0.5,0.9,0.5,0.9,5,0.83,1,8,,run_04,10
50,0.017898033092427445,0.181843,0.003841820398604882,0.52,0.8739345000207845,-1.1429599456089523,[0.         0.01193926 0.         0.         0.01183589 0.         0.         0.01119323 0.01119323 0.         0.         0.         0.         0.         0.         0.01183589 0.         0.01183589 0.         0.         0.         0.         0.         0.         0.         0.         0.         0.91011958 0.         0.         0.02004704],[0. 1. 0. 0. 1. 0. 0. 1. 1. 0. 0. 0. 0. 0. 0. 1. 0. 1. 0. 0. 0. 0. 0. 0. 0. 0. 0. 1. 0. 0. 1.],8.0,best,1000,1000,100,0.9,0.5,0.9,0.5,0.9,5,0.83,1,8,,run_04,10
60,0.017898033092427445,0.181843,0.003841820398604882,0.524,0.8688126969536234,-0.0046869661153995275,[0.         0.01193926 0.         0.         0.01183589 0.         0.         0.01119323 0.01119323 0.         0.         0.         0.         0.         0.         0.01183589 0.         0.01183589 0.         0.         0.         0.         0.         0.         0.         0.         0.         0.91011958 0.         0.         0.02004704],[0. 1. 0. 0. 1. 0. 0. 1. 1. 0. 0. 0. 0. 0. 0. 1. 0. 1. 0. 0. 0. 0. 0. 0. 0. 0. 0. 1. 0. 0. 1.],8.0,best,1000,1000,100,0.9,0.5,0.9,0.5,0.9,5,0.83,1,8,,run_04,10
70,0.017898033092427445,0.181843,0.003841820398604882,0.528,0.8637209108575947,-0.45545563106945963,[0.         0.01193926 0.         0.         0.01183589 0.         0.         0.01119323 0.01119323 0.         0.         0.         0.         0.         0.         0.01183589 0.         0.01183589 0.         0.         0.         0.         0.         0.         0.         0.         0.         0.91011958 0.         0.         0.02004704],[0. 1. 0. 0. 1. 0. 0. 1. 1. 0. 0. 0. 0. 0. 0. 1. 0. 1. 0. 0. 0. 0. 0. 0. 0. 0. 0. 1. 0. 0. 1.],8.0,best,1000,1000,100,0.9,0.5,0.9,0.5,0.9,5,0.83,1,8,,run_04,10
80,0.017898033092427445,0.181843,0.003841820398604882,0.532,0.8586589658144633,-4.062654859656687,[0.         0.01193926 0.         0.         0.01183589 0.         0.         0.01119323 0.01119323 0.         0.         0.         0.         0.         0.         0.01183589 0.         0.01183589 0.         0.         0.         0.         0.         0.         0.         0.         0.         0.91011958 0.         0.         0.02004704],[0. 1. 0. 0. 1. 0. 0. 1. 1. 0. 0. 0. 0. 0. 0. 1. 0. 1. 0. 0. 0. 0. 0. 0. 0. 0. 0. 1. 0. 0. 1.],8.0,best,1000,1000,100,0.9,0.5,0.9,0.5,0.9,5,0.83,1,8,,run_04,10
90,0.017898033092427445,0.181843,0.003841820398604882,0.536,0.8536266869369854,1.3668049948393397,[0.         0.01193926 0.         0.         0.01183589 0.         0.         0.01119323 0.01119323 0.         0.         0.         0.         0.         0.         0.01183589 0.         0.01183589 0.         0.         0.         0.         0.         0.         0.         0.         0.         0.91011958 0.         0.         0.02004704],[0. 1. 0. 0. 1. 0. 0. 1. 1. 0. 0. 0. 0. 0. 0. 1. 0. 1. 0. 0. 0. 0. 0. 0. 0. 0. 0. 1. 0. 0. 1.],8.0,best,1000,1000,100,0.9,0.5,0.9,0.5,0.9,5,0.83,1,8,,run_04,10
100,0.017898033092427445,0.181843,0.003841820398604882,0.54,0.8486239003628652,0.00027585743285564365,[0.         0.01193926 0.         0.         0.01183589 0.         0.         0.01119323 0.01119323 0.         0.         0.         0.         0.         0.         0.01183589 0.         0.01183589 0.         0.         0.         0.         0.         0.         0.         0.         0.         0.91011958 0.         0.         0.02004704],[0. 1. 0. 0. 1. 0. 0. 1. 1. 0. 0. 0. 0. 0. 0. 1. 0. 1. 0. 0. 0. 0. 0. 0. 0. 0. 0. 1. 0. 0. 1.],8.0,best,1000,1000,100,0.9,0.5,0.9,0.5,0.9,5,0.83,1,8,,run_04,10
110,0.017898033092427445,0.181843,0.003841820398604882,0.544,0.8436504332487491,-3.0355383165478864,[0.         0.01193926 0.         0.         0.01183589 0.         0.         0.01119323 0.01119323 0.         0.         0.         0.         0.         0.         0.01183589 0.         0.01183589 0.         0.         0.         0.         0.         0.         0.         0.         0.         0.91011958 0.         0.         0.02004704],[0. 1. 0. 0. 1. 0. 0. 1. 1. 0. 0. 0. 0. 0. 0. 1. 0. 1. 0. 0. 0. 0. 0. 0. 0. 0. 0. 1. 0. 0. 1.],8.0,best,1000,1000,100,0.9,0.5,0.9,0.5,0.9,5,0.83,1,8,,run_04,10
120,0.017898033092427445,0.181843,0.003841820398604882,0.548,0.8387061137642541,6.327370272248759,[0.         0.01193926 0.         0.         0.01183589 0.         0.         0.01119323 0.01119323 0.         0.         0.         0.         0.         0.         0.01183589 0.         0.01183589 0.         0.         0.         0.         0.         0.         0.         0.         0.         0.91011958 0.         0.         0.02004704],[0. 1. 0. 0. 1. 0. 0. 1. 1. 0. 0. 0. 0. 0. 0. 1. 0. 1. 0. 0. 0. 0. 0. 0. 0. 0. 0. 1. 0. 0. 1.],8.0,best,1000,1000,100,0.9,0.5,0.9,0.5,0.9,5,0.83,1,8,,run_04,10
130,0.017898033092427445,0.181843,0.003841820398604882,0.552,0.83379077108603,5.689493410315634,[0.         0.01193926 0.         0.         0.01183589 0.         0.         0.01119323 0.01119323 0.         0.         0.         0.         0.         0.         0.01183589 0.         0.01183589 0.         0.         0.         0.         0.         0.         0.         0.         0.         0.91011958 0.         0.         0.02004704],[0. 1. 0. 0. 1. 0. 0. 1. 1. 0. 0. 0. 0. 0. 0. 1. 0. 1. 0. 0. 0. 0. 0. 0. 0. 0. 0. 1. 0. 0. 1.],8.0,best,1000,1000,100,0.9,0.5,0.9,0.5,0.9,5,0.83,1,8,,run_04,10
140,0.017898033092427445,0.181843,0.003841820398604882,0.556,0.828904235391859,0.9522676401781233,[0.         0.01193926 0.         0.         0.01183589 0.         0.         0.01119323 0.01119323 0.         0.         0.         0.         0.         0.         0.01183589 0.         0.01183589 0.         0.         0.         0.         0.         0.         0.         0.         0.         0.91011958 0.         0.         0.02004704],[0. 1. 0. 0. 1. 0. 0. 1. 1. 0. 0. 0. 0. 0. 0. 1. 0. 1. 0. 0. 0. 0. 0. 0. 0. 0. 0. 1. 0. 0. 1.],8.0,best,1000,1000,100,0.9,0.5,0.9,0.5,0.9,5,0.83,1,8,,run_04,10
150,0.017898033092427445,0.181843,0.003841820398604882,0.56,0.8240463378547874,-2.7527522857713778,[0.         0.01193926 0.         0.         0.01183589 0.         0.         0.01119323 0.01119323 0.         0.         0.         0.         0.         0.         0.01183589 0.         0.01183589 0.         0.         0.         0.         0.         0.         0.         0.         0.         0.91011958 0.         0.         0.02004704],[0. 1. 0. 0. 1. 0. 0. 1. 1. 0. 0. 0. 0. 0. 0. 1. 0. 1. 0. 0. 0. 0. 0. 0. 0. 0. 0. 1. 0. 0. 1.],8.0,best,1000,1000,100,0.9,0.5,0.9,0.5,0.9,5,0.83,1,8,,run_04,10
160,0.017898033092427445,0.181843,0.003841820398604882,0.5640000000000001,0.8192169106372932,3.5967625689710903,[0.         0.01193926 0.         0.         0.01183589 0.         0.         0.01119323 0.01119323 0.         0.         0.         0.         0.         0.         0.01183589 0.         0.01183589 0.         0.         0.         0.         0.         0.         0.         0.         0.         0.91011958 0.         0.         0.02004704],[0. 1. 0. 0. 1. 0. 0. 1. 1. 0. 0. 0. 0. 0. 0. 1. 0. 1. 0. 0. 0. 0. 0. 0. 0. 0. 0. 1. 0. 0. 1.],8.0,best,1000,1000,100,0.9,0.5,0.9,0.5,0.9,5,0.83,1,8,,run_04,10
170,0.017898033092427445,0.181843,0.003841820398604882,0.5680000000000001,0.8144157868854872,-2.0563091118217542,[0.         0.01193926 0.         0.         0.01183589 0.         0.         0.01119323 0.01119323 0.         0.         0.         0.         0.         0.         0.01183589 0.         0.01183589 0.         0.         0.         0.         0.         0.         0.         0.         0.         0.91011958 0.         0.         0.02004704],[0. 1. 0. 0. 1. 0. 0. 1. 1. 0. 0. 0. 0. 0. 0. 1. 0. 1. 0. 0. 0. 0. 0. 0. 0. 0. 0. 1. 0. 0. 1.],8.0,best,1000,1000,100,0.9,0.5,0.9,0.5,0.9,5,0.83,1,8,,run_04,10
180,0.017898033092427445,0.181843,0.003841820398604882,0.5720000000000001,0.8096428007233489,-3.2509708940700284,[0.         0.01193926 0.         0.         0.01183589 0.         0.         0.01119323 0.01119323 0.         0.         0.         0.         0.         0.         0.01183589 0.         0.01183589 0.         0.         0.         0.         0.         0.         0.         0.         0.         0.91011958 0.         0.         0.02004704],[0. 1. 0. 0. 1. 0. 0. 1. 1. 0. 0. 0. 0. 0. 0. 1. 0. 1. 0. 0. 0. 0. 0. 0. 0. 0. 0. 1. 0. 0. 1.],8.0,best,1000,1000,100,0.9,0.5,0.9,0.5,0.9,5,0.83,1,8,,run_04,10
190,0.017898033092427445,0.181843,0.003841820398604882,0.576,0.8048977872469943,2.89243080249859,[0.         0.01193926 0.         0.         0.01183589 0.         0.         0.01119323 0.01119323 0.         0.         0.         0.         0.         0.         0.01183589 0.         0.01183589 0.         0.         0.         0.         0.         0.         0.         0.         0.         0.91011958 0.         0.         0.02004704],[0. 1. 0. 0. 1. 0. 0. 1. 1. 0. 0. 0. 0. 0. 0. 1. 0. 1. 0. 0. 0. 0. 0. 0. 0. 0. 0. 1. 0. 0. 1.],8.0,best,1000,1000,100,0.9,0.5,0.9,0.5,0.9,5,0.83,1,8,,run_04,10
200,0.017898033092427445,0.181843,0.003841820398604882,0.58,0.80018058251898,-0.8442820467303037,[0.         0.01193926 0.         0.         0.01183589 0.         0.         0.01119323 0.01119323 0.         0.         0.         0.         0.         0.         0.01183589 0.         0.01183589 0.         0.         0.         0.         0.         0.         0.         0.         0.         0.91011958 0.         0.         0.02004704],[0. 1. 0. 0. 1. 0. 0. 1. 1. 0. 0. 0. 0. 0. 0. 1. 0. 1. 0. 0. 0. 0. 0. 0. 0. 0. 0. 1. 0. 0. 1.],8.0,best,1000,1000,100,0.9,0.5,0.9,0.5,0.9,5,0.83,1,8,,run_04,10
210,0.017898033092427445,0.181843,0.003841820398604882,0.584,0.7954910235626383,2.9126254510351846,[0.         0.01193926 0.         0.         0.01183589 0.         0.         0.01119323 0.01119323 0.         0.         0.         0.         0.         0.         0.01183589 0.         0.01183589 0.         0.         0.         0.         0.         0.         0.         0.         0.         0.91011958 0.         0.         0.02004704],[0. 1. 0. 0. 1. 0. 0. 1. 1. 0. 0. 0. 0. 0. 0. 1. 0. 1. 0. 0. 0. 0. 0. 0. 0. 0. 0. 1. 0. 0. 1.],8.0,best,1000,1000,100,0.9,0.5,0.9,0.5,0.9,5,0.83,1,8,,run_04,10
220,0.017898033092427445,0.181843,0.003841820398604882,0.588,0.7908289483564468,-4.22020327794887,[0.         0.01193926 0.         0.         0.01183589 0.         0.         0.01119323 0.01119323 0.         0.         0.         0.         0.         0.         0.01183589 0.         0.01183589 0.         0.         0.         0.         0.         0.         0.         0.         0.         0.91011958 0.         0.         0.02004704],[0. 1. 0. 0. 1. 0. 0. 1. 1. 0. 0. 0. 0. 0. 0. 1. 0. 1. 0. 0. 0. 0. 0. 0. 0. 0. 0. 1. 0. 0. 1.],8.0,best,1000,1000,100,0.9,0.5,0.9,0.5,0.9,5,0.83,1,8,,run_04,10
230,0.017898033092427445,0.181843,0.003841820398604882,0.592,0.7861941958284306,-1.5325818999140555,[0.         0.01193926 0.         0.         0.01183589 0.         0.         0.01119323 0.01119323 0.         0.         0.         0.         0.         0.         0.01183589 0.         0.01183589 0.         0.         0.         0.         0.         0.         0.         0.         0.         0.91011958 0.         0.         0.02004704],[0. 1. 0. 0. 1. 0. 0. 1. 1. 0. 0. 0. 0. 0. 0. 1. 0. 1. 0. 0. 0. 0. 0. 0. 0. 0. 0. 1. 0. 0. 1.],8.0,best,1000,1000,100,0.9,0.5,0.9,0.5,0.9,5,0.83,1,8,,run_04,10
240,0.017898033092427445,0.181843,0.003841820398604882,0.596,0.7815866058505976,1.3203873885500517,[0.         0.01193926 0.         0.         0.01183589 0.         0.         0.01119323 0.01119323 0.         0.         0.         0.         0.         0.         0.01183589 0.         0.01183589 0.         0.         0.         0.         0.         0.         0.         0.         0.         0.91011958 0.         0.         0.02004704],[0. 1. 0. 0. 1. 0. 0. 1. 1. 0. 0. 0. 0. 0. 0. 1. 0. 1. 0. 0. 0. 0. 0. 0. 0. 0. 0. 1. 0. 0. 1.],8.0,best,1000,1000,100,0.9,0.5,0.9,0.5,0.9,5,0.83,1,8,,run_04,10
250,0.017898033092427445,0.181843,0.003841820398604882,0.6,0.7770060192334055,0.7361100989679851,[0.         0.01193926 0.         0.         0.01183589 0.         0.         0.01119323 0.01119323 0.         0.         0.         0.         0.         0.         0.01183589 0.         0.01183589 0.         0.         0.         0.         0.         0.         0.         0.         0.         0.91011958 0.         0.         0.02004704],[0. 1. 0. 0. 1. 0. 0. 1. 1. 0. 0. 0. 0. 0. 0. 1. 0. 1. 0. 0. 0. 0. 0. 0. 0. 0. 0. 1. 0. 0. 1.],8.0,best,1000,1000,100,0.9,0.5,0.9,0.5,0.9,5,0.83,1,8,,run_04,10
260,0.017898033092427445,0.181843,0.003841820398604882,0.604,0.7724522777202627,-3.5809801577057705,[0.         0.01193926 0.         0.         0.01183589 0.         0.         0.01119323 0.01119323 0.         0.         0.         0.         0.         0.         0.01183589 0.         0.01183589 0.         0.         0.         0.         0.         0.         0.         0.         0.         0.91011958 0.         0.         0.02004704],[0. 1. 0. 0. 1. 0. 0. 1. 1. 0. 0. 0. 0. 0. 0. 1. 0. 1. 0. 0. 0. 0. 0. 0. 0. 0. 0. 1. 0. 0. 1.],8.0,best,1000,1000,100,0.9,0.5,0.9,0.5,0.9,5,0.83,1,8,,run_04,10
270,0.017898033092427445,0.181843,0.003841820398604882,0.608,0.7679252239820602,6.146022344048307,[0.         0.01193926 0.         0.         0.01183589 0.         0.         0.01119323 0.01119323 0.         0.         0.         0.         0.         0.         0.01183589 0.         0.01183589 0.         0.         0.         0.         0.         0.         0.         0.         0.         0.91011958 0.         0.         0.02004704],[0. 1. 0. 0. 1. 0. 0. 1. 1. 0. 0. 0. 0. 0. 0. 1. 0. 1. 0. 0. 0. 0. 0. 0. 0. 0. 0. 1. 0. 0. 1.],8.0,best,1000,1000,100,0.9,0.5,0.9,0.5,0.9,5,0.83,1,8,,run_04,10
280,0.017898033092427445,0.181843,0.003841820398604882,0.612,0.7634247016117359,-1.074106785080033,[0.         0.01193926 0.         0.         0.01183589 0.         0.         0.01119323 0.01119323 0.         0.         0.         0.         0.         0.         0.01183589 0.         0.01183589 0.         0.         0.         0.         0.         0.         0.         0.         0.         0.91011958 0.         0.         0.02004704],[0. 1. 0. 0. 1. 0. 0. 1. 1. 0. 0. 0. 0. 0. 0. 1. 0. 1. 0. 0. 0. 0. 0. 0. 0. 0. 0. 1. 0. 0. 1.],8.0,best,1000,1000,100,0.9,0.5,0.9,0.5,0.9,5,0.83,1,8,,run_04,10
290,0.017898033092427445,0.181843,0.003841820398604882,0.616,0.758950555118871,-5.945180435527073,[0.         0.01193926 0.         0.         0.01183589 0.         0.         0.01119323 0.01119323 0.         0.         0.         0.         0.         0.         0.01183589 0.         0.01183589 0.         0.         0.         0.         0.         0.         0.         0.         0.         0.91011958 0.         0.         0.02004704],[0. 1. 0. 0. 1. 0. 0. 1. 1. 0. 0. 0. 0. 0. 0. 1. 0. 1. 0. 0. 0. 0. 0. 0. 0. 0. 0. 1. 0. 0. 1.],8.0,best,1000,1000,100,0.9,0.5,0.9,0.5,0.9,5,0.83,1,8,,run_04,10
300,0.017898033092427445,0.181843,0.003841820398604882,0.62,0.754502629924318,-0.10167088314602181,[0.         0.01193926 0.         0.         0.01183589 0.         0.         0.01119323 0.01119323 0.         0.         0.         0.         0.         0.         0.01183589 0.         0.01183589 0.         0.         0.         0.         0.         0.         0.         0.         0.         0.91011958 0.         0.         0.02004704],[0. 1. 0. 0. 1. 0. 0. 1. 1. 0. 0. 0. 0. 0. 0. 1. 0. 1. 0. 0. 0. 0. 0. 0. 0. 0. 0. 1. 0. 0. 1.],8.0,best,1000,1000,100,0.9,0.5,0.9,0.5,0.9,5,0.83,1,8,,run_04,10
310,0.017898033092427445,0.181843,0.003841820398604882,0.624,0.7500807723548599,2.7514795381794777,[0.         0.01193926 0.         0.         0.01183589 0.         0.         0.01119323 0.01119323 0.         0.         0.         0.         0.         0.         0.01183589 0.         0.01183589 0.         0.         0.         0.         0.         0.         0.         0.         0.         0.91011958 0.         0.         0.02004704],[0. 1. 0. 0. 1. 0. 0. 1. 1. 0. 0. 0. 0. 0. 0. 1. 0. 1. 0. 0. 0. 0. 0. 0. 0. 0. 0. 1. 0. 0. 1.],8.0,best,1000,1000,100,0.9,0.5,0.9,0.5,0.9,5,0.83,1,8,,run_04,10
320,0.017898033092427445,0.181843,0.003841820398604882,0.628,0.7456848296379008,-3.357872204223989,[0.         0.01193926 0.         0.         0.01183589 0.         0.         0.01119323 0.01119323 0.         0.         0.         0.         0.         0.         0.01183589 0.         0.01183589 0.         0.         0.         0.         0.         0.         0.         0.         0.         0.91011958 0.         0.         0.02004704],[0. 1. 0. 0. 1. 0. 0. 1. 1. 0. 0. 0. 0. 0. 0. 1. 0. 1. 0. 0. 0. 0. 0. 0. 0. 0. 0. 1. 0. 0. 1.],8.0,best,1000,1000,100,0.9,0.5,0.9,0.5,0.9,5,0.83,1,8,,run_04,10
330,0.017898033092427445,0.181843,0.003841820398604882,0.632,0.7413146498961878,-3.359367752197379,[0.         0.01193926 0.         0.         0.01183589 0.         0.         0.01119323 0.01119323 0.         0.         0.         0.         0.         0.         0.01183589 0.         0.01183589 0.         0.         0.         0.         0.         0.         0.         0.         0.         0.91011958 0.         0.         0.02004704],[0. 1. 0. 0. 1. 0. 0. 1. 1. 0. 0. 0. 0. 0. 0. 1. 0. 1. 0. 0. 0. 0. 0. 0. 0. 0. 0. 1. 0. 0. 1.],8.0,best,1000,1000,100,0.9,0.5,0.9,0.5,0.9,5,0.83,1,8,,run_04,10
340,0.017898033092427445,0.181843,0.003841820398604882,0.636,0.7369700821425638,4.595664583430381,[0.         0.01193926 0.         0.         0.01183589 0.         0.         0.01119323 0.01119323 0.         0.         0.         0.         0.         0.         0.01183589 0.         0.01183589 0.         0.         0.         0.         0.         0.         0.         0.         0.         0.91011958 0.         0.         0.02004704],[0. 1. 0. 0. 1. 0. 0. 1. 1. 0. 0. 0. 0. 0. 0. 1. 0. 1. 0. 0. 0. 0. 0. 0. 0. 0. 0. 1. 0. 0. 1.],8.0,best,1000,1000,100,0.9,0.5,0.9,0.5,0.9,5,0.83,1,8,,run_04,10
350,0.017898033092427445,0.181843,0.003841820398604882,0.64,0.7326509762747511,0.7830665539774382,[0.         0.01193926 0.         0.         0.01183589 0.         0.         0.01119323 0.01119323 0.         0.         0.         0.         0.         0.         0.01183589 0.         0.01183589 0.         0.         0.         0.         0.         0.         0.         0.         0.         0.91011958 0.         0.         0.02004704],[0. 1. 0. 0. 1. 0. 0. 1. 1. 0. 0. 0. 0. 0. 0. 1. 0. 1. 0. 0. 0. 0. 0. 0. 0. 0. 0. 1. 0. 0. 1.],8.0,best,1000,1000,100,0.9,0.5,0.9,0.5,0.9,5,0.83,1,8,,run_04,10
360,0.017898033092427445,0.181843,0.003841820398604882,0.644,0.7283571830701648,0.2600424086346488,[0.         0.01193926 0.         0.         0.01183589 0.         0.         0.01119323 0.01119323 0.         0.         0.         0.         0.         0.         0.01183589 0.         0.01183589 0.         0.         0.         0.         0.         0.         0.         0.         0.         0.91011958 0.         0.         0.02004704],[0. 1. 0. 0. 1. 0. 0. 1. 1. 0. 0. 0. 0. 0. 0. 1. 0. 1. 0. 0. 0. 0. 0. 0. 0. 0. 0. 1. 0. 0. 1.],8.0,best,1000,1000,100,0.9,0.5,0.9,0.5,0.9,5,0.83,1,8,,run_04,10
370,0.017898033092427445,0.181843,0.003841820398604882,0.648,0.7240885541807586,-0.5644037508531368,[0.         0.01193926 0.         0.         0.01183589 0.         0.         0.01119323 0.01119323 0.         0.         0.         0.         0.         0.         0.01183589 0.         0.01183589 0.         0.         0.         0.         0.         0.         0.         0.         0.         0.91011958 0.         0.         0.02004704],[0. 1. 0. 0. 1. 0. 0. 1. 1. 0. 0. 0. 0. 0. 0. 1. 0. 1. 0. 0. 0. 0. 0. 0. 0. 0. 0. 1. 0. 0. 1.],8.0,best,1000,1000,100,0.9,0.5,0.9,0.5,0.9,5,0.83,1,8,,run_04,10
380,0.017898033092427445,0.181843,0.003841820398604882,0.652,0.7198449421278975,-6.875926338107728,[0.         0.01193926 0.         0.         0.01183589 0.         0.         0.01119323 0.01119323 0.         0.         0.         0.         0.         0.         0.01183589 0.         0.01183589 0.         0.         0.         0.         0.         0.         0.         0.         0.         0.91011958 0.         0.         0.02004704],[0. 1. 0. 0. 1. 0. 0. 1. 1. 0. 0. 0. 0. 0. 0. 1. 0. 1. 0. 0. 0. 0. 0. 0. 0. 0. 0. 1. 0. 0. 1.],8.0,best,1000,1000,100,0.9,0.5,0.9,0.5,0.9,5,0.83,1,8,,run_04,10
390,0.017898033092427445,0.181843,0.003841820398604882,0.656,0.7156262002972644,4.510447984282544,[0.         0.01193926 0.         0.         0.01183589 0.         0.         0.01119323 0.01119323 0.         0.         0.         0.         0.         0.         0.01183589 0.         0.01183589 0.         0.         0.         0.         0.         0.         0.         0.         0.         0.91011958 0.         0.         0.02004704],[0. 1. 0. 0. 1. 0. 0. 1. 1. 0. 0. 0. 0. 0. 0. 1. 0. 1. 0. 0. 0. 0. 0. 0. 0. 0. 0. 1. 0. 0. 1.],8.0,best,1000,1000,100,0.9,0.5,0.9,0.5,0.9,5,0.83,1,8,,run_04,10
400,0.017898033092427445,0.181843,0.003841820398604882,0.66,0.7114321829337936,-5.885848287202121,[0.         0.01193926 0.         0.         0.01183589 0.         0.         0.01119323 0.01119323 0.         0.         0.         0.         0.         0.         0.01183589 0.         0.01183589 0.         0.         0.         0.         0.         0.         0.         0.         0.         0.91011958 0.         0.         0.02004704],[0. 1. 0. 0. 1. 0. 0. 1. 1. 0. 0. 0. 0. 0. 0. 1. 0. 1. 0. 0. 0. 0. 0. 0. 0. 0. 0. 1. 0. 0. 1.],8.0,best,1000,1000,100,0.9,0.5,0.9,0.5,0.9,5,0.83,1,8,,run_04,10
410,0.017898033092427445,0.181843,0.003841820398604882,0.664,0.7072627451366351,3.4883460052343698,[0.         0.01193926 0.         0.         0.01183589 0.         0.         0.01119323 0.01119323 0.         0.         0.         0.         0.         0.         0.01183589 0.         0.01183589 0.         0.         0.         0.         0.         0.         0.         0.         0.         0.91011958 0.         0.         0.02004704],[0. 1. 0. 0. 1. 0. 0. 1. 1. 0. 0. 0. 0. 0. 0. 1. 0. 1. 0. 0. 0. 0. 0. 0. 0. 0. 0. 1. 0. 0. 1.],8.0,best,1000,1000,100,0.9,0.5,0.9,0.5,0.9,5,0.83,1,8,,run_04,10
420,0.017898033092427445,0.181843,0.003841820398604882,0.668,0.7031177428541489,1.3879471548991626,[0.         0.01193926 0.         0.         0.01183589 0.         0.         0.01119323 0.01119323 0.         0.         0.         0.         0.         0.         0.01183589 0.         0.01183589 0.         0.         0.         0.         0.         0.         0.         0.         0.         0.91011958 0.         0.         0.02004704],[0. 1. 0. 0. 1. 0. 0. 1. 1. 0. 0. 0. 0. 0. 0. 1. 0. 1. 0. 0. 0. 0. 0. 0. 0. 0. 0. 1. 0. 0. 1.],8.0,best,1000,1000,100,0.9,0.5,0.9,0.5,0.9,5,0.83,1,8,,run_04,10
430,0.017898033092427445,0.181843,0.003841820398604882,0.672,0.6989970328789274,0.9502688899858276,[0.         0.01193926 0.         0.         0.01183589 0.         0.         0.01119323 0.01119323 0.         0.         0.         0.         0.         0.         0.01183589 0.         0.01183589 0.         0.         0.         0.         0.         0.         0.         0.         0.         0.91011958 0.         0.         0.02004704],[0. 1. 0. 0. 1. 0. 0. 1. 1. 0. 0. 0. 0. 0. 0. 1. 0. 1. 0. 0. 0. 0. 0. 0. 0. 0. 0. 1. 0. 0. 1.],8.0,best,1000,1000,100,0.9,0.5,0.9,0.5,0.9,5,0.83,1,8,,run_04,10
440,0.017898033092427445,0.181843,0.003841820398604882,0.676,0.6949004728428485,3.6716369646688243,[0.         0.01193926 0.         0.         0.01183589 0.         0.         0.01119323 0.01119323 0.         0.         0.         0.         0.         0.         0.01183589 0.         0.01183589 0.         0.         0.         0.         0.         0.         0.         0.         0.         0.91011958 0.         0.         0.02004704],[0. 1. 0. 0. 1. 0. 0. 1. 1. 0. 0. 0. 0. 0. 0. 1. 0. 1. 0. 0. 0. 0. 0. 0. 0. 0. 0. 1. 0. 0. 1.],8.0,best,1000,1000,100,0.9,0.5,0.9,0.5,0.9,5,0.83,1,8,,run_04,10
450,0.017823632942036226,0.177751,0.003351241814943309,0.68,0.6908279212121557,-1.2179583674756784,[0.         0.01134842 0.01362513 0.         0.01332744 0.         0.         0.         0.01134842 0.         0.         0.         0.01338878 0.         0.         0.         0.01134842 0.01134842 0.         0.         0.         0.         0.         0.         0.         0.         0.         0.91426499 0.         0.         0.        ],[0. 1. 1. 0. 1. 0. 0. 0. 1. 0. 0. 0. 1. 0. 0. 0. 1. 1. 0. 0. 0. 0. 0. 0. 0. 0. 0. 1. 0. 0. 0.],8.0,best,1000,1000,100,0.9,0.5,0.9,0.5,0.9,5,0.83,1,8,,run_04,10
460,0.017823632942036226,0.177751,0.003351241814943309,0.6839999999999999,0.6867792372825697,-2.0915949621115377,[0.         0.01134842 0.01362513 0.         0.01332744 0.         0.         0.         0.01134842 0.         0.         0.         0.01338878 0.         0.         0.         0.01134842 0.01134842 0.         0.         0.         0.         0.         0.         0.         0.         0.         0.91426499 0.         0.         0.        ],[0. 1. 1. 0. 1. 0. 0. 0. 1. 0. 0. 0. 1. 0. 0. 0. 1. 1. 0. 0. 0. 0. 0. 0. 0. 0. 0. 1. 0. 0. 0.],8.0,best,1000,1000,100,0.9,0.5,0.9,0.5,0.9,5,0.83,1,8,,run_04,10
470,0.017823632942036226,0.177751,0.003351241814943309,0.688,0.6827542811744257,2.991983133461378,[0.         0.01134842 0.01362513 0.         0.01332744 0.         0.         0.         0.01134842 0.         0.         0.         0.01338878 0.         0.         0.         0.01134842 0.01134842 0.         0.         0.         0.         0.         0.         0.         0.         0.         0.91426499 0.         0.         0.        ],[0. 1. 1. 0. 1. 0. 0. 0. 1. 0. 0. 0. 1. 0. 0. 0. 1. 1. 0. 0. 0. 0. 0. 0. 0. 0. 0. 1. 0. 0. 0.],8.0,best,1000,1000,100,0.9,0.5,0.9,0.5,0.9,5,0.83,1,8,,run_04,10
480,0.017823632942036226,0.177751,0.003351241814943309,0.692,0.6787529138278415,0.11790117815719481,[0.         0.01134842 0.01362513 0.         0.01332744 0.         0.         0.         0.01134842 0.         0.         0.         0.01338878 0.         0.         0.         0.01134842 0.01134842 0.         0.         0.         0.         0.         0.         0.         0.         0.         0.91426499 0.         0.         0.        ],[0. 1. 1. 0. 1. 0. 0. 0. 1. 0. 0. 0. 1. 0. 0. 0. 1. 1. 0. 0. 0. 0. 0. 0. 0. 0. 0. 1. 0. 0. 0.],8.0,best,1000,1000,100,0.9,0.5,0.9,0.5,0.9,5,0.83,1,8,,run_04,10
490,0.017823632942036226,0.177751,0.003351241814943309,0.696,0.6747749969979128,1.4419753585251667,[0.         0.01134842 0.01362513 0.         0.01332744 0.         0.         0.         0.01134842 0.         0.         0.         0.01338878 0.         0.         0.         0.01134842 0.01134842 0.         0.         0.         0.         0.         0.         0.         0.         0.         0.91426499 0.         0.         0.        ],[0. 1. 1. 0. 1. 0. 0. 0. 1. 0. 0. 0. 1. 0. 0. 0. 1. 1. 0. 0. 0. 0. 0. 0. 0. 0. 0. 1. 0. 0. 0.],8.0,best,1000,1000,100,0.9,0.5,0.9,0.5,0.9,5,0.83,1,8,,run_04,10
500,0.017823632942036226,0.177751,0.003351241814943309,0.7,0.6708203932499369,-1.1132911769613165,[0.         0.01134842 0.01362513 0.         0.01332744 0.         0.         0.         0.01134842 0.         0.         0.         0.01338878 0.         0.         0.         0.01134842 0.01134842 0.         0.         0.         0.         0.         0.         0.         0.         0.         0.91426499 0.         0.         0.        ],[0. 1. 1. 0. 1. 0. 0. 0. 1. 0. 0. 0. 1. 0. 0. 0. 1. 1. 0. 0. 0. 0. 0. 0. 0. 0. 0. 1. 0. 0. 0.],8.0,best,1000,1000,100,0.9,0.5,0.9,0.5,0.9,5,0.83,1,8,,run_04,10
510,0.017823632942036226,0.177751,0.003351241814943309,0.704,0.6668889659546647,1.3030686168944419,[0.         0.01134842 0.01362513 0.         0.01332744 0.         0.         0.         0.01134842 0.         0.         0.         0.01338878 0.         0.         0.         0.01134842 0.01134842 0.         0.         0.         0.         0.         0.         0.         0.         0.         0.91426499 0.         0.         0.        ],[0. 1. 1. 0. 1. 0. 0. 0. 1. 0. 0. 0. 1. 0. 0. 0. 1. 1. 0. 0. 0. 0. 0. 0. 0. 0. 0. 1. 0. 0. 0.],8.0,best,1000,1000,100,0.9,0.5,0.9,0.5,0.9,5,0.83,1,8,,run_04,10
520,0.017823632942036226,0.177751,0.003351241814943309,0.708,0.6629805792835798,3.9415605040923904,[0.         0.01134842 0.01362513 0.         0.01332744 0.         0.         0.         0.01134842 0.         0.         0.         0.01338878 0.         0.         0.         0.01134842 0.01134842 0.         0.         0.         0.         0.         0.         0.         0.         0.         0.91426499 0.         0.         0.        ],[0. 1. 1. 0. 1. 0. 0. 0. 1. 0. 0. 0. 1. 0. 0. 0. 1. 1. 0. 0. 0. 0. 0. 0. 0. 0. 0. 1. 0. 0. 0.],8.0,best,1000,1000,100,0.9,0.5,0.9,0.5,0.9,5,0.83,1,8,,run_04,10
530,0.017823632942036226,0.177751,0.003351241814943309,0.712,0.6590950982042059,2.149971873184893,[0.         0.01134842 0.01362513 0.         0.01332744 0.         0.         0.         0.01134842 0.         0.         0.         0.01338878 0.         0.         0.         0.01134842 0.01134842 0.         0.         0.         0.         0.         0.         0.         0.         0.         0.91426499 0.         0.         0.        ],[0. 1. 1. 0. 1. 0. 0. 0. 1. 0. 0. 0. 1. 0. 0. 0. 1. 1. 0. 0. 0. 0. 0. 0. 0. 0. 0. 1. 0. 0. 0.],8.0,best,1000,1000,100,0.9,0.5,0.9,0.5,0.9,5,0.83,1,8,,run_04,10
540,0.017823632942036226,0.177751,0.003351241814943309,0.716,0.6552323884754414,4.115578146390733,[0.         0.01134842 0.01362513 0.         0.01332744 0.         0.         0.         0.01134842 0.         0.         0.         0.01338878 0.         0.         0.         0.01134842 0.01134842 0.         0.         0.         0.         0.         0.         0.         0.         0.         0.91426499 0.         0.         0.        ],[0. 1. 1. 0. 1. 0. 0. 0. 1. 0. 0. 0. 1. 0. 0. 0. 1. 1. 0. 0. 0. 0. 0. 0. 0. 0. 0. 1. 0. 0. 0.],8.0,best,1000,1000,100,0.9,0.5,0.9,0.5,0.9,5,0.83,1,8,,run_04,10
550,0.017823632942036226,0.177751,0.003351241814943309,0.72,0.651392316642922,-0.4841400194081403,[0.         0.01134842 0.01362513 0.         0.01332744 0.         0.         0.         0.01134842 0.         0.         0.         0.01338878 0.         0.         0.         0.01134842 0.01134842 0.         0.         0.         0.         0.         0.         0.         0.         0.         0.91426499 0.         0.         0.        ],[0. 1. 1. 0. 1. 0. 0. 0. 1. 0. 0. 0. 1. 0. 0. 0. 1. 1. 0. 0. 0. 0. 0. 0. 0. 0. 0. 1. 0. 0. 0.],8.0,best,1000,1000,100,0.9,0.5,0.9,0.5,0.9,5,0.83,1,8,,run_04,10
560,0.017823632942036226,0.177751,0.003351241814943309,0.724,0.6475747500344088,1.315829155754653,[0.         0.01134842 0.01362513 0.         0.01332744 0.         0.         0.         0.01134842 0.         0.         0.         0.01338878 0.         0.         0.         0.01134842 0.01134842 0.         0.         0.         0.         0.         0.         0.         0.         0.         0.91426499 0.         0.         0.        ],[0. 1. 1. 0. 1. 0. 0. 0. 1. 0. 0. 0. 1. 0. 0. 0. 1. 1. 0. 0. 0. 0. 0. 0. 0. 0. 0. 1. 0. 0. 0.],8.0,best,1000,1000,100,0.9,0.5,0.9,0.5,0.9,5,0.83,1,8,,run_04,10
570,0.017823632942036226,0.177751,0.003351241814943309,0.728,0.643779556755206,7.3131570360157445,[0.         0.01134842 0.01362513 0.         0.01332744 0.         0.         0.         0.01134842 0.         0.         0.         0.01338878 0.         0.         0.         0.01134842 0.01134842 0.         0.         0.         0.         0.         0.         0.         0.         0.         0.91426499 0.         0.         0.        ],[0. 1. 1. 0. 1. 0. 0. 0. 1. 0. 0. 0. 1. 0. 0. 0. 1. 1. 0. 0. 0. 0. 0. 0. 0. 0. 0. 1. 0. 0. 0.],8.0,best,1000,1000,100,0.9,0.5,0.9,0.5,0.9,5,0.83,1,8,,run_04,10
580,0.017823632942036226,0.177751,0.003351241814943309,0.732,0.6400066056836028,0.9864237291813088,[0.         0.01134842 0.01362513 0.         0.01332744 0.         0.         0.         0.01134842 0.         0.         0.         0.01338878 0.         0.         0.         0.01134842 0.01134842 0.         0.         0.         0.         0.         0.         0.         0.         0.         0.91426499 0.         0.         0.        ],[0. 1. 1. 0. 1. 0. 0. 0. 1. 0. 0. 0. 1. 0. 0. 0. 1. 1. 0. 0. 0. 0. 0. 0. 0. 0. 0. 1. 0. 0. 0.],8.0,best,1000,1000,100,0.9,0.5,0.9,0.5,0.9,5,0.83,1,8,,run_04,10
590,0.017823632942036226,0.177751,0.003351241814943309,0.736,0.6362557664663436,2.202221587345419,[0.         0.01134842 0.01362513 0.         0.01332744 0.         0.         0.         0.01134842 0.         0.         0.         0.01338878 0.         0.         0.         0.01134842 0.01134842 0.         0.         0.         0.         0.         0.         0.         0.         0.         0.91426499 0.         0.         0.        ],[0. 1. 1. 0. 1. 0. 0. 0. 1. 0. 0. 0. 1. 0. 0. 0. 1. 1. 0. 0. 0. 0. 0. 0. 0. 0. 0. 1. 0. 0. 0.],8.0,best,1000,1000,100,0.9,0.5,0.9,0.5,0.9,5,0.83,1,8,,run_04,10
600,0.017823632942036226,0.177751,0.003351241814943309,0.74,0.632526909514125,-1.4918576720682317,[0.         0.01134842 0.01362513 0.         0.01332744 0.         0.         0.         0.01134842 0.         0.         0.         0.01338878 0.         0.         0.         0.01134842 0.01134842 0.         0.         0.         0.         0.         0.         0.         0.         0.         0.91426499 0.         0.         0.        ],[0. 1. 1. 0. 1. 0. 0. 0. 1. 0. 0. 0. 1. 0. 0. 0. 1. 1. 0. 0. 0. 0. 0. 0. 0. 0. 0. 1. 0. 0. 0.],8.0,best,1000,1000,100,0.9,0.5,0.9,0.5,0.9,5,0.83,1,8,,run_04,10
610,0.017823632942036226,0.177751,0.003351241814943309,0.744,0.6288199059971173,-1.1048918493410091,[0.         0.01134842 0.01362513 0.         0.01332744 0.         0.         0.         0.01134842 0.         0.         0.         0.01338878 0.         0.         0.         0.01134842 0.01134842 0.         0.         0.         0.         0.         0.         0.         0.         0.         0.91426499 0.         0.         0.        ],[0. 1. 1. 0. 1. 0. 0. 0. 1. 0. 0. 0. 1. 0. 0. 0. 1. 1. 0. 0. 0. 0. 0. 0. 0. 0. 0. 1. 0. 0. 0.],8.0,best,1000,1000,100,0.9,0.5,0.9,0.5,0.9,5,0.83,1,8,,run_04,10
620,0.017823632942036226,0.177751,0.003351241814943309,0.748,0.6251346278405147,-1.6985407307809186,[0.         0.01134842 0.01362513 0.         0.01332744 0.         0.         0.         0.01134842 0.         0.         0.         0.01338878 0.         0.         0.         0.01134842 0.01134842 0.         0.         0.         0.         0.         0.         0.         0.         0.         0.91426499 0.         0.         0.        ],[0. 1. 1. 0. 1. 0. 0. 0. 1. 0. 0. 0. 1. 0. 0. 0. 1. 1. 0. 0. 0. 0. 0. 0. 0. 0. 0. 1. 0. 0. 0.],8.0,best,1000,1000,100,0.9,0.5,0.9,0.5,0.9,5,0.83,1,8,,run_04,10
630,0.017823632942036226,0.177751,0.003351241814943309,0.752,0.6214709477201097,-3.97658112543093,[0.         0.01134842 0.01362513 0.         0.01332744 0.         0.         0.         0.01134842 0.         0.         0.         0.01338878 0.         0.         0.         0.01134842 0.01134842 0.         0.         0.         0.         0.         0.         0.         0.         0.         0.91426499 0.         0.         0.        ],[0. 1. 1. 0. 1. 0. 0. 0. 1. 0. 0. 0. 1. 0. 0. 0. 1. 1. 0. 0. 0. 0. 0. 0. 0. 0. 0. 1. 0. 0. 0.],8.0,best,1000,1000,100,0.9,0.5,0.9,0.5,0.9,5,0.83,1,8,,run_04,10
640,0.017823632942036226,0.177751,0.003351241814943309,0.756,0.6178287390578946,-4.60224261790032,[0.         0.01134842 0.01362513 0.         0.01332744 0.         0.         0.         0.01134842 0.         0.         0.         0.01338878 0.         0.         0.         0.01134842 0.01134842 0.         0.         0.         0.         0.         0.         0.         0.         0.         0.91426499 0.         0.         0.        ],[0. 1. 1. 0. 1. 0. 0. 0. 1. 0. 0. 0. 1. 0. 0. 0. 1. 1. 0. 0. 0. 0. 0. 0. 0. 0. 0. 1. 0. 0. 0.],8.0,best,1000,1000,100,0.9,0.5,0.9,0.5,0.9,5,0.83,1,8,,run_04,10
650,0.017823632942036226,0.177751,0.003351241814943309,0.76,0.6142078760176877,4.2449278706658315,[0.         0.01134842 0.01362513 0.         0.01332744 0.         0.         0.         0.01134842 0.         0.         0.         0.01338878 0.         0.         0.         0.01134842 0.01134842 0.         0.         0.         0.         0.         0.         0.         0.         0.         0.91426499 0.         0.         0.        ],[0. 1. 1. 0. 1. 0. 0. 0. 1. 0. 0. 0. 1. 0. 0. 0. 1. 1. 0. 0. 0. 0. 0. 0. 0. 0. 0. 1. 0. 0. 0.],8.0,best,1000,1000,100,0.9,0.5,0.9,0.5,0.9,5,0.83,1,8,,run_04,10
660,0.017823632942036226,0.177751,0.003351241814943309,0.764,0.6106082335007861,-2.800761706431267,[0.         0.01134842 0.01362513 0.         0.01332744 0.         0.         0.         0.01134842 0.         0.         0.         0.01338878 0.         0.         0.         0.01134842 0.01134842 0.         0.         0.         0.         0.         0.         0.         0.         0.         0.91426499 0.         0.         0.        ],[0. 1. 1. 0. 1. 0. 0. 0. 1. 0. 0. 0. 1. 0. 0. 0. 1. 1. 0. 0. 0. 0. 0. 0. 0. 0. 0. 1. 0. 0. 0.],8.0,best,1000,1000,100,0.9,0.5,0.9,0.5,0.9,5,0.83,1,8,,run_04,10
670,0.017691010414926697,0.158483,0.005822092379761409,0.768,0.6070296871416437,-0.7938323820251887,[0.         0.         0.         0.         0.         0.         0.         0.01108305 0.         0.         0.         0.         0.         0.         0.01108305 0.         0.         0.         0.         0.         0.         0.         0.         0.01408053 0.01145573 0.01108305 0.         0.91877044 0.         0.01108305 0.01136111],[0. 0. 0. 0. 0. 0. 0. 1. 0. 0. 0. 0. 0. 0. 1. 0. 0. 0. 0. 0. 0. 0. 0. 1. 1. 1. 0. 1. 0. 1. 1.],8.0,best,1000,1000,100,0.9,0.5,0.9,0.5,0.9,5,0.83,1,8,,run_04,10
680,0.017691010414926697,0.158483,0.005822092379761409,0.772,0.6034721133035746,-0.9824236170424169,[0.         0.         0.         0.         0.         0.         0.         0.01108305 0.         0.         0.         0.         0.         0.         0.01108305 0.         0.         0.         0.         0.         0.         0.         0.         0.01408053 0.01145573 0.01108305 0.         0.91877044 0.         0.01108305 0.01136111],[0. 0. 0. 0. 0. 0. 0. 1. 0. 0. 0. 0. 0. 0. 1. 0. 0. 0. 0. 0. 0. 0. 0. 1. 1. 1. 0. 1. 0. 1. 1.],8.0,best,1000,1000,100,0.9,0.5,0.9,0.5,0.9,5,0.83,1,8,,run_04,10
690,0.017691010414926697,0.158483,0.005822092379761409,0.776,0.5999353890744809,3.8578399468727658,[0.         0.         0.         0.         0.         0.         0.         0.01108305 0.         0.         0.         0.         0.         0.         0.01108305 0.         0.         0.         0.         0.         0.         0.         0.         0.01408053 0.01145573 0.01108305 0.         0.91877044 0.         0.01108305 0.01136111],[0. 0. 0. 0. 0. 0. 0. 1. 0. 0. 0. 0. 0. 0. 1. 0. 0. 0. 0. 0. 0. 0. 0. 1. 1. 1. 0. 1. 0. 1. 1.],8.0,best,1000,1000,100,0.9,0.5,0.9,0.5,0.9,5,0.83,1,8,,run_04,10
700,0.017691010414926697,0.158483,0.005822092379761409,0.78,0.5964193922626065,-1.172301296437998,[0.         0.         0.         0.         0.         0.         0.         0.01108305 0.         0.         0.         0.         0.         0.         0.01108305 0.         0.         0.         0.         0.         0.         0.         0.         0.01408053 0.01145573 0.01108305 0.         0.91877044 0.         0.01108305 0.01136111],[0. 0. 0. 0. 0. 0. 0. 1. 0. 0. 0. 0. 0. 0. 1. 0. 0. 0. 0. 0. 0. 0. 0. 1. 1. 1. 0. 1. 0. 1. 1.],8.0,best,1000,1000,100,0.9,0.5,0.9,0.5,0.9,5,0.83,1,8,,run_04,10
710,0.017691010414926697,0.158483,0.005822092379761409,0.784,0.5929240013923155,7.89577991423442,[0.         0.         0.         0.         0.         0.         0.         0.01108305 0.         0.         0.         0.         0.         0.         0.01108305 0.         0.         0.         0.         0.         0.         0.         0.         0.01408053 0.01145573 0.01108305 0.         0.91877044 0.         0.01108305 0.01136111],[0. 0. 0. 0. 0. 0. 0. 1. 0. 0. 0. 0. 0. 0. 1. 0. 0. 0. 0. 0. 0. 0. 0. 1. 1. 1. 0. 1. 0. 1. 1.],8.0,best,1000,1000,100,0.9,0.5,0.9,0.5,0.9,5,0.83,1,8,,run_04,10
720,0.017691010414926697,0.158483,0.005822092379761409,0.788,0.5894490956998952,4.169408832577857,[0.         0.         0.         0.         0.         0.         0.         0.01108305 0.         0.         0.         0.         0.         0.         0.01108305 0.         0.         0.         0.         0.         0.         0.         0.         0.01408053 0.01145573 0.01108305 0.         0.91877044 0.         0.01108305 0.01136111],[0. 0. 0. 0. 0. 0. 0. 1. 0. 0. 0. 0. 0. 0. 1. 0. 0. 0. 0. 0. 0. 0. 0. 1. 1. 1. 0. 1. 0. 1. 1.],8.0,best,1000,1000,100,0.9,0.5,0.9,0.5,0.9,5,0.83,1,8,,run_04,10
730,0.017691010414926697,0.158483,0.005822092379761409,0.792,0.5859945551293843,0.9240478088904212,[0.         0.         0.         0.         0.         0.         0.         0.01108305 0.         0.         0.         0.         0.         0.         0.01108305 0.         0.         0.         0.         0.         0.         0.         0.         0.01408053 0.01145573 0.01108305 0.         0.91877044 0.         0.01108305 0.01136111],[0. 0. 0. 0. 0. 0. 0. 1. 0. 0. 0. 0. 0. 0. 1. 0. 0. 0. 0. 0. 0. 0. 0. 1. 1. 1. 0. 1. 0. 1. 1.],8.0,best,1000,1000,100,0.9,0.5,0.9,0.5,0.9,5,0.83,1,8,,run_04,10
740,0.017691010414926697,0.158483,0.005822092379761409,0.796,0.5825602603284237,-0.8671261738202143,[0.         0.         0.         0.         0.         0.         0.         0.01108305 0.         0.         0.         0.         0.         0.         0.01108305 0.         0.         0.         0.         0.         0.         0.         0.         0.01408053 0.01145573 0.01108305 0.         0.91877044 0.         0.01108305 0.01136111],[0. 0. 0. 0. 0. 0. 0. 1. 0. 0. 0. 0. 0. 0. 1. 0. 0. 0. 0. 0. 0. 0. 0. 1. 1. 1. 0. 1. 0. 1. 1.],8.0,best,1000,1000,100,0.9,0.5,0.9,0.5,0.9,5,0.83,1,8,,run_04,10
750,0.017691010414926697,0.158483,0.005822092379761409,0.8,0.5791460926441346,-4.506506601215958,[0.         0.         0.         0.         0.         0.         0.         0.01108305 0.         0.         0.         0.         0.         0.         0.01108305 0.         0.         0.         0.         0.         0.         0.         0.         0.01408053 0.01145573 0.01108305 0.         0.91877044 0.         0.01108305 0.01136111],[0. 0. 0. 0. 0. 0. 0. 1. 0. 0. 0. 0. 0. 0. 1. 0. 0. 0. 0. 0. 0. 0. 0. 1. 1. 1. 0. 1. 0. 1. 1.],8.0,best,1000,1000,100,0.9,0.5,0.9,0.5,0.9,5,0.83,1,8,,run_04,10
760,0.017691010414926697,0.158483,0.005822092379761409,0.804,0.5757519341190179,-4.785228674548453,[0.         0.         0.         0.         0.         0.         0.         0.01108305 0.         0.         0.         0.         0.         0.         0.01108305 0.         0.         0.         0.         0.         0.         0.         0.         0.01408053 0.01145573 0.01108305 0.         0.91877044 0.         0.01108305 0.01136111],[0. 0. 0. 0. 0. 0. 0. 1. 0. 0. 0. 0. 0. 0. 1. 0. 0. 0. 0. 0. 0. 0. 0. 1. 1. 1. 0. 1. 0. 1. 1.],8.0,best,1000,1000,100,0.9,0.5,0.9,0.5,0.9,5,0.83,1,8,,run_04,10
770,0.017691010414926697,0.158483,0.005822092379761409,0.808,0.5723776674868795,-3.7505059967703973,[0.         0.         0.         0.         0.         0.         0.         0.01108305 0.         0.         0.         0.         0.         0.         0.01108305 0.         0.         0.         0.         0.         0.         0.         0.         0.01408053 0.01145573 0.01108305 0.         0.91877044 0.         0.01108305 0.01136111],[0. 0. 0. 0. 0. 0. 0. 1. 0. 0. 0. 0. 0. 0. 1. 0. 0. 0. 0. 0. 0. 0. 0. 1. 1. 1. 0. 1. 0. 1. 1.],8.0,best,1000,1000,100,0.9,0.5,0.9,0.5,0.9,5,0.83,1,8,,run_04,10
780,0.017691010414926697,0.158483,0.005822092379761409,0.812,0.5690231761687783,-0.7270652702959259,[0.         0.         0.         0.         0.         0.         0.         0.01108305 0.         0.         0.         0.         0.         0.         0.01108305 0.         0.         0.         0.         0.         0.         0.         0.         0.01408053 0.01145573 0.01108305 0.         0.91877044 0.         0.01108305 0.01136111],[0. 0. 0. 0. 0. 0. 0. 1. 0. 0. 0. 0. 0. 0. 1. 0. 0. 0. 0. 0. 0. 0. 0. 1. 1. 1. 0. 1. 0. 1. 1.],8.0,best,1000,1000,100,0.9,0.5,0.9,0.5,0.9,5,0.83,1,8,,run_04,10
790,0.017691010414926697,0.158483,0.005822092379761409,0.8160000000000001,0.5656883442689989,1.8469946804115385,[0.         0.         0.         0.         0.         0.         0.         0.01108305 0.         0.         0.         0.         0.         0.         0.01108305 0.         0.         0.         0.         0.         0.         0.         0.         0.01408053 0.01145573 0.01108305 0.         0.91877044 0.         0.01108305 0.01136111],[0. 0. 0. 0. 0. 0. 0. 1. 0. 0. 0. 0. 0. 0. 1. 0. 0. 0. 0. 0. 0. 0. 0. 1. 1. 1. 0. 1. 0. 1. 1.],8.0,best,1000,1000,100,0.9,0.5,0.9,0.5,0.9,5,0.83,1,8,,run_04,10
800,0.017691010414926697,0.158483,0.005822092379761409,0.8200000000000001,0.5623730565710474,-1.537177284669297,[0.         0.         0.         0.         0.         0.         0.         0.01108305 0.         0.         0.         0.         0.         0.         0.01108305 0.         0.         0.         0.         0.         0.         0.         0.         0.01408053 0.01145573 0.01108305 0.         0.91877044 0.         0.01108305 0.01136111],[0. 0. 0. 0. 0. 0. 0. 1. 0. 0. 0. 0. 0. 0. 1. 0. 0. 0. 0. 0. 0. 0. 0. 1. 1. 1. 0. 1. 0. 1. 1.],8.0,best,1000,1000,100,0.9,0.5,0.9,0.5,0.9,5,0.83,1,8,,run_04,10
810,0.017691010414926697,0.158483,0.005822092379761409,0.8240000000000001,0.5590771985336707,-3.0361844265820133,[0.         0.         0.         0.         0.         0.         0.         0.01108305 0.         0.         0.         0.         0.         0.         0.01108305 0.         0.         0.         0.         0.         0.         0.         0.         0.01408053 0.01145573 0.01108305 0.         0.91877044 0.         0.01108305 0.01136111],[0. 0. 0. 0. 0. 0. 0. 1. 0. 0. 0. 0. 0. 0. 1. 0. 0. 0. 0. 0. 0. 0. 0. 1. 1. 1. 0. 1. 0. 1. 1.],8.0,best,1000,1000,100,0.9,0.5,0.9,0.5,0.9,5,0.83,1,8,,run_04,10
820,0.017691010414926697,0.158483,0.005822092379761409,0.8280000000000001,0.5558006562868987,0.43174333386614705,[0.         0.         0.         0.         0.         0.         0.         0.01108305 0.         0.         0.         0.         0.         0.         0.01108305 0.         0.         0.         0.         0.         0.         0.         0.         0.01408053 0.01145573 0.01108305 0.         0.91877044 0.         0.01108305 0.01136111],[0. 0. 0. 0. 0. 0. 0. 1. 0. 0. 0. 0. 0. 0. 1. 0. 0. 0. 0. 0. 0. 0. 0. 1. 1. 1. 0. 1. 0. 1. 1.],8.0,best,1000,1000,100,0.9,0.5,0.9,0.5,0.9,5,0.83,1,8,,run_04,10
830,0.017691010414926697,0.158483,0.005822092379761409,0.8320000000000001,0.5525433166281112,1.2322502288711354,[0.         0.         0.         0.         0.         0.         0.         0.01108305 0.         0.         0.         0.         0.         0.         0.01108305 0.         0.         0.         0.         0.         0.         0.         0.         0.01408053 0.01145573 0.01108305 0.         0.91877044 0.         0.01108305 0.01136111],[0. 0. 0. 0. 0. 0. 0. 1. 0. 0. 0. 0. 0. 0. 1. 0. 0. 0. 0. 0. 0. 0. 0. 1. 1. 1. 0. 1. 0. 1. 1.],8.0,best,1000,1000,100,0.9,0.5,0.9,0.5,0.9,5,0.83,1,8,,run_04,10
840,0.017691010414926697,0.158483,0.005822092379761409,0.8360000000000001,0.5493050670181255,-0.7990789842809153,[0.         0.         0.         0.         0.         0.         0.         0.01108305 0.         0.         0.         0.         0.         0.         0.01108305 0.         0.         0.         0.         0.         0.         0.         0.         0.01408053 0.01145573 0.01108305 0.         0.91877044 0.         0.01108305 0.01136111],[0. 0. 0. 0. 0. 0. 0. 1. 0. 0. 0. 0. 0. 0. 1. 0. 0. 0. 0. 0. 0. 0. 0. 1. 1. 1. 0. 1. 0. 1. 1.],8.0,best,1000,1000,100,0.9,0.5,0.9,0.5,0.9,5,0.83,1,8,,run_04,10
850,0.017691010414926697,0.158483,0.005822092379761409,0.8400000000000001,0.5460857955773097,2.030076304178851,[0.         0.         0.         0.         0.         0.         0.         0.01108305 0.         0.         0.         0.         0.         0.         0.01108305 0.         0.         0.         0.         0.         0.         0.         0.         0.01408053 0.01145573 0.01108305 0.         0.91877044 0.         0.01108305 0.01136111],[0. 0. 0. 0. 0. 0. 0. 1. 0. 0. 0. 0. 0. 0. 1. 0. 0. 0. 0. 0. 0. 0. 0. 1. 1. 1. 0. 1. 0. 1. 1.],8.0,best,1000,1000,100,0.9,0.5,0.9,0.5,0.9,5,0.83,1,8,,run_04,10
860,0.017691010414926697,0.158483,0.005822092379761409,0.8440000000000001,0.542885391081716,2.3514078327063364,[0.         0.         0.         0.         0.         0.         0.         0.01108305 0.         0.         0.         0.         0.         0.         0.01108305 0.         0.         0.         0.         0.         0.         0.         0.         0.01408053 0.01145573 0.01108305 0.         0.91877044 0.         0.01108305 0.01136111],[0. 0. 0. 0. 0. 0. 0. 1. 0. 0. 0. 0. 0. 0. 1. 0. 0. 0. 0. 0. 0. 0. 0. 1. 1. 1. 0. 1. 0. 1. 1.],8.0,best,1000,1000,100,0.9,0.5,0.9,0.5,0.9,5,0.83,1,8,,run_04,10
870,0.017691010414926697,0.158483,0.005822092379761409,0.8480000000000001,0.5397037429592386,1.8754851692796612,[0.         0.         0.         0.         0.         0.         0.         0.01108305 0.         0.         0.         0.         0.         0.         0.01108305 0.         0.         0.         0.         0.         0.         0.         0.         0.01408053 0.01145573 0.01108305 0.         0.91877044 0.         0.01108305 0.01136111],[0. 0. 0. 0. 0. 0. 0. 1. 0. 0. 0. 0. 0. 0. 1. 0. 0. 0. 0. 0. 0. 0. 0. 1. 1. 1. 0. 1. 0. 1. 1.],8.0,best,1000,1000,100,0.9,0.5,0.9,0.5,0.9,5,0.83,1,8,,run_04,10
880,0.017691010414926697,0.158483,0.005822092379761409,0.8520000000000001,0.5365407412857937,-2.636871934050081,[0.         0.         0.         0.         0.         0.         0.         0.01108305 0.         0.         0.         0.         0.         0.         0.01108305 0.         0.         0.         0.         0.         0.         0.         0.         0.01408053 0.01145573 0.01108305 0.         0.91877044 0.         0.01108305 0.01136111],[0. 0. 0. 0. 0. 0. 0. 1. 0. 0. 0. 0. 0. 0. 1. 0. 0. 0. 0. 0. 0. 0. 0. 1. 1. 1. 0. 1. 0. 1. 1.],8.0,best,1000,1000,100,0.9,0.5,0.9,0.5,0.9,5,0.83,1,8,,run_04,10
890,0.017691010414926697,0.158483,0.005822092379761409,0.8560000000000001,0.5333962767815212,-1.1259483738321638,[0.         0.         0.         0.         0.         0.         0.         0.01108305 0.         0.         0.         0.         0.         0.         0.01108305 0.         0.         0.         0.         0.         0.         0.         0.         0.01408053 0.01145573 0.01108305 0.         0.91877044 0.         0.01108305 0.01136111],[0. 0. 0. 0. 0. 0. 0. 1. 0. 0. 0. 0. 0. 0. 1. 0. 0. 0. 0. 0. 0. 0. 0. 1. 1. 1. 0. 1. 0. 1. 1.],8.0,best,1000,1000,100,0.9,0.5,0.9,0.5,0.9,5,0.83,1,8,,run_04,10
900,0.017691010414926697,0.158483,0.005822092379761409,0.8600000000000001,0.5302702408070095,1.7074466210091532,[0.         0.         0.         0.         0.         0.         0.         0.01108305 0.         0.         0.         0.         0.         0.         0.01108305 0.         0.         0.         0.         0.         0.         0.         0.         0.01408053 0.01145573 0.01108305 0.         0.91877044 0.         0.01108305 0.01136111],[0. 0. 0. 0. 0. 0. 0. 1. 0. 0. 0. 0. 0. 0. 1. 0. 0. 0. 0. 0. 0. 0. 0. 1. 1. 1. 0. 1. 0. 1. 1.],8.0,best,1000,1000,100,0.9,0.5,0.9,0.5,0.9,5,0.83,1,8,,run_04,10
910,0.017691010414926697,0.158483,0.005822092379761409,0.864,0.5271625253595417,-4.066087194455428,[0.         0.         0.         0.         0.         0.         0.         0.01108305 0.         0.         0.         0.         0.         0.         0.01108305 0.         0.         0.         0.         0.         0.         0.         0.         0.01408053 0.01145573 0.01108305 0.         0.91877044 0.         0.01108305 0.01136111],[0. 0. 0. 0. 0. 0. 0. 1. 0. 0. 0. 0. 0. 0. 1. 0. 0. 0. 0. 0. 0. 0. 0. 1. 1. 1. 0. 1. 0. 1. 1.],8.0,best,1000,1000,100,0.9,0.5,0.9,0.5,0.9,5,0.83,1,8,,run_04,10
920,0.017691010414926697,0.158483,0.005822092379761409,0.868,0.5240730230693647,0.8189621229829052,[0.         0.         0.         0.         0.         0.         0.         0.01108305 0.         0.         0.         0.         0.         0.         0.01108305 0.         0.         0.         0.         0.         0.         0.         0.         0.01408053 0.01145573 0.01108305 0.         0.91877044 0.         0.01108305 0.01136111],[0. 0. 0. 0. 0. 0. 0. 1. 0. 0. 0. 0. 0. 0. 1. 0. 0. 0. 0. 0. 0. 0. 0. 1. 1. 1. 0. 1. 0. 1. 1.],8.0,best,1000,1000,100,0.9,0.5,0.9,0.5,0.9,5,0.83,1,8,,run_04,10
930,0.017691010414926697,0.158483,0.005822092379761409,0.872,0.5210016271959792,0.13416442751822708,[0.         0.         0.         0.         0.         0.         0.         0.01108305 0.         0.         0.         0.         0.         0.         0.01108305 0.         0.         0.         0.         0.         0.         0.         0.         0.01408053 0.01145573 0.01108305 0.         0.91877044 0.         0.01108305 0.01136111],[0. 0. 0. 0. 0. 0. 0. 1. 0. 0. 0. 0. 0. 0. 1. 0. 0. 0. 0. 0. 0. 0. 0. 1. 1. 1. 0. 1. 0. 1. 1.],8.0,best,1000,1000,100,0.9,0.5,0.9,0.5,0.9,5,0.83,1,8,,run_04,10
940,0.017691010414926697,0.158483,0.005822092379761409,0.876,0.5179482316244519,0.5107914978356528,[0.         0.         0.         0.         0.         0.         0.         0.01108305 0.         0.         0.         0.         0.         0.         0.01108305 0.         0.         0.         0.         0.         0.         0.         0.         0.01408053 0.01145573 0.01108305 0.         0.91877044 0.         0.01108305 0.01136111],[0. 0. 0. 0. 0. 0. 0. 1. 0. 0. 0. 0. 0. 0. 1. 0. 0. 0. 0. 0. 0. 0. 0. 1. 1. 1. 0. 1. 0. 1. 1.],8.0,best,1000,1000,100,0.9,0.5,0.9,0.5,0.9,5,0.83,1,8,,run_04,10
950,0.017691010414926697,0.158483,0.005822092379761409,0.88,0.5149127308617497,0.9765432044059377,[0.         0.         0.         0.         0.         0.         0.         0.01108305 0.         0.         0.         0.         0.         0.         0.01108305 0.         0.         0.         0.         0.         0.         0.         0.         0.01408053 0.01145573 0.01108305 0.         0.91877044 0.         0.01108305 0.01136111],[0. 0. 0. 0. 0. 0. 0. 1. 0. 0. 0. 0. 0. 0. 1. 0. 0. 0. 0. 0. 0. 0. 0. 1. 1. 1. 0. 1. 0. 1. 1.],8.0,best,1000,1000,100,0.9,0.5,0.9,0.5,0.9,5,0.83,1,8,,run_04,10
960,0.017691010414926697,0.158483,0.005822092379761409,0.884,0.5118950200330946,0.8930694694157798,[0.         0.         0.         0.         0.         0.         0.         0.01108305 0.         0.         0.         0.         0.         0.         0.01108305 0.         0.         0.         0.         0.         0.         0.         0.         0.01408053 0.01145573 0.01108305 0.         0.91877044 0.         0.01108305 0.01136111],[0. 0. 0. 0. 0. 0. 0. 1. 0. 0. 0. 0. 0. 0. 1. 0. 0. 0. 0. 0. 0. 0. 0. 1. 1. 1. 0. 1. 0. 1. 1.],8.0,best,1000,1000,100,0.9,0.5,0.9,0.5,0.9,5,0.83,1,8,,run_04,10
970,0.017691010414926697,0.158483,0.005822092379761409,0.888,0.5088949948783402,1.837784736959027,[0.         0.         0.         0.         0.         0.         0.         0.01108305 0.         0.         0.         0.         0.         0.         0.01108305 0.         0.         0.         0.         0.         0.         0.         0.         0.01408053 0.01145573 0.01108305 0.         0.91877044 0.         0.01108305 0.01136111],[0. 0. 0. 0. 0. 0. 0. 1. 0. 0. 0. 0. 0. 0. 1. 0. 0. 0. 0. 0. 0. 0. 0. 1. 1. 1. 0. 1. 0. 1. 1.],8.0,best,1000,1000,100,0.9,0.5,0.9,0.5,0.9,5,0.83,1,8,,run_04,10
980,0.017691010414926697,0.158483,0.005822092379761409,0.892,0.5059125517483702,2.554714819831479,[0.         0.         0.         0.         0.         0.         0.         0.01108305 0.         0.         0.         0.         0.         0.         0.01108305 0.         0.         0.         0.         0.         0.         0.         0.         0.01408053 0.01145573 0.01108305 0.         0.91877044 0.         0.01108305 0.01136111],[0. 0. 0. 0. 0. 0. 0. 1. 0. 0. 0. 0. 0. 0. 1. 0. 0. 0. 0. 0. 0. 0. 0. 1. 1. 1. 0. 1. 0. 1. 1.],8.0,best,1000,1000,100,0.9,0.5,0.9,0.5,0.9,5,0.83,1,8,,run_04,10
990,0.017691010414926697,0.158483,0.005822092379761409,0.896,0.5029475876015165,2.743561933144957,[0.         0.         0.         0.         0.         0.         0.         0.01108305 0.         0.         0.         0.         0.         0.         0.01108305 0.         0.         0.         0.         0.         0.         0.         0.         0.01408053 0.01145573 0.01108305 0.         0.91877044 0.         0.01108305 0.01136111],[0. 0. 0. 0. 0. 0. 0. 1. 0. 0. 0. 0. 0. 0. 1. 0. 0. 0. 0. 0. 0. 0. 0. 1. 1. 1. 0. 1. 0. 1. 1.],8.0,best,1000,1000,100,0.9,0.5,0.9,0.5,0.9,5,0.83,1,8,,run_04,10
999,0.017691010414926697,0.158483,0.005822092379761409,0.8996,0.5002939797226674,-3.2843136677185933,[0.         0.         0.         0.         0.         0.         0.         0.01108305 0.         0.         0.         0.         0.         0.         0.01108305 0.         0.         0.         0.         0.         0.         0.         0.         0.01408053 0.01145573 0.01108305 0.         0.91877044 0.         0.01108305 0.01136111],[0. 0. 0. 0. 0. 0. 0. 1. 0. 0. 0. 0. 0. 0. 1. 0. 0. 0. 0. 0. 0. 0. 0. 1. 1. 1. 0. 1. 0. 1. 1.],8.0,best,1000,1000,100,0.9,0.5,0.9,0.5,0.9,5,0.83,1,8,,run_04,10
